*---------------------------------------------------------*
* Weather file for rice yield gap assessment using Oryza(v3)
*      Project: Global Yield Gap Atlas (www.yieldgap.org)
*      Country: USA
*  Station_num: 32
* Station_name: Colusa
*         Year: 2001
*       Source: http://www.cimis.water.ca.gov
*       Author: M. Espe
*         Date: 11-16-2015
*    Longitude: -122.02
*     Latitude: 39.23
*    Elevation: 55
*
*  Columns:
*  1. station number
*  2. year
*  3. day
*  4. average insolation incident on a horizontal surface (kJ m-2 d-1)
*  5. minimum temperature (degrees Celsius)
*  6. maximum temperature (degrees Celsius)
*  7. vapour pressure (kPa)
*  8. mean wind speed (m s-1)
*  9. precipitation (mm d-1)
*---------------------------------------------------------*
-122.02,39.23,55,0,0
32,2001,1,10100,-1.7,16.2,0.8,0.9,0.1
32,2001,2,10100,-1.8,17.2,0.8,1.2,0.1
32,2001,3,8500,-2.7,20.1,0.7,1,0.1
32,2001,4,9300,0.1,17.1,0.8,1.2,0
32,2001,5,10300,-3.7,18.5,0.8,1.3,0.1
32,2001,6,10000,-0.7,16.2,0.8,0.9,0
32,2001,7,5000,-1,10.6,0.9,1,1.7
32,2001,8,5100,5.3,10.7,1.1,1.8,16.4
32,2001,9,1600,-1.3,9.9,0.9,3.1,2.9
32,2001,10,1300,7.5,10.8,1.1,3.9,22.1
32,2001,11,3200,6.5,10.4,1.1,3.7,13.2
32,2001,12,10700,4.3,15,1,1.9,0.1
32,2001,13,5600,4.1,12.5,1,1.6,0
32,2001,14,10400,0,12.6,0.8,3,0.1
32,2001,15,11500,3.4,12.6,0.6,5.7,0
32,2001,16,11800,2.8,11.6,0.6,4.7,0
32,2001,17,11700,-0.2,13.9,0.6,2.3,0
32,2001,18,6100,-2.5,9.8,0.7,1.2,0
32,2001,19,11900,0.4,14.5,0.8,1.2,0
32,2001,20,6000,-0.3,11.1,0.8,1.2,0
32,2001,21,6700,-1.7,12.7,0.8,1.1,0
32,2001,22,11500,0,17.8,1.06,1.6,0
32,2001,23,1900,6.7,10.9,1.1,2.9,9.3
32,2001,24,8900,4.8,13.6,1,2.4,0.1
32,2001,25,2400,0,7.9,1.22,3.5,20.2
32,2001,26,6700,3.8,8.2,0.9,0.7,3.7
32,2001,27,13000,4.3,14,0.8,3.2,0
32,2001,28,10800,-1,11.8,0.8,2.5,0
32,2001,29,12200,3.6,12.6,0.9,2.2,1.5
32,2001,30,9900,2.7,12,0.7,4,0
32,2001,31,13500,-1.7,16.5,0.7,2.1,0
32,2001,32,9100,-0.4,12.2,0.8,1.3,0
32,2001,33,7500,1.8,14.2,0.9,1,0
32,2001,34,11600,2.1,19.3,1.1,1.6,0
32,2001,35,13900,4.2,19.6,1.2,1.1,0
32,2001,36,14200,1.8,20.7,1,1.1,0.1
32,2001,37,11600,3.4,13.7,0.7,2.7,0.5
32,2001,38,14500,1.9,12.6,0.4,6.2,0.1
32,2001,39,10300,0.7,15.4,0.5,3.5,0
32,2001,40,4200,5.7,8.9,0.9,4.7,8.6
32,2001,41,10300,5.1,10.8,0.9,3.7,3.4
32,2001,42,5200,4.9,10.5,0.9,4.3,2.5
32,2001,43,7400,2.5,9.2,0.8,2.5,10
32,2001,44,15600,2.7,15.5,0.6,6.1,0
32,2001,45,15900,0,14.7,0.7,1.5,0
32,2001,46,6200,-0.7,12.9,0.9,1.4,0
32,2001,47,7500,4.7,15.6,1,2.2,0
32,2001,48,3200,3.9,10.1,1,1.3,11.5
32,2001,49,10600,7.7,12.4,1.2,1.5,1.4
32,2001,50,7400,7.9,13.7,1.2,3.8,8.3
32,2001,51,5400,9.2,13,1.2,4.6,6.9
32,2001,52,11400,7.9,14.9,1.2,4.3,5.6
32,2001,53,9300,6.2,14,0.9,3.6,5.4
32,2001,54,14600,3.3,13.6,0.9,1.9,0
32,2001,55,5200,6.3,9,1,4.5,17.9
32,2001,56,10800,7.8,15,1.1,3.3,4.6
32,2001,57,16200,8,18.7,0.9,4.5,0
32,2001,58,18000,6,19.6,0.8,4.6,0
32,2001,59,17000,3.2,16.8,0.7,3.2,0
32,2001,60,5000,0.6,13.7,1,1.5,2.2
32,2001,61,14300,2,11.1,1,2.5,7.3
32,2001,62,4900,1.3,10.6,0.9,1.5,5.1
32,2001,63,1700,7.9,13.6,1.2,4.8,22.9
32,2001,64,10000,9.4,14.9,1.3,2.6,6
32,2001,65,14300,8.7,21.4,1.3,3.2,0
32,2001,66,16700,6,20,1.4,2.1,0
32,2001,67,17900,9,15.7,1.3,2.1,0
32,2001,68,18100,6.1,16.5,0.9,4.7,0.9
32,2001,69,19700,6.8,19.2,0.9,3.8,0
32,2001,70,18800,4,20.3,0.9,2.6,0
32,2001,71,20300,6.4,24,0.9,2.6,0
32,2001,72,19200,3.6,21.1,1.2,1.2,0
32,2001,73,19800,3.1,21.8,1,1.7,0
32,2001,74,9300,4,17.7,1.1,1.2,0
32,2001,75,18800,3.1,19.3,0.9,2,0
32,2001,76,13500,5.2,21.6,1.1,1,0
32,2001,77,21300,5.8,27.3,1.3,1.3,0
32,2001,78,18600,8.5,25.1,1.6,1.1,0
32,2001,79,16000,14.1,29.2,1.8,1.5,0
32,2001,80,18000,10.7,27.6,1.7,1.3,0
32,2001,81,12300,11.3,23.3,1.6,2.9,0
32,2001,82,14400,10.3,22.8,1.5,2,0
32,2001,83,5800,10.5,21.4,1.5,3.6,0.4
32,2001,84,17100,7.6,20.7,1.1,1.9,0
32,2001,85,22000,4.7,22.5,1,1.9,0
32,2001,86,20100,4.5,24.4,1.1,2.1,0
32,2001,87,19700,9.3,26.4,1.5,1.7,0
32,2001,88,23800,7.1,25.6,1.1,3.4,0
32,2001,89,24600,13,27.5,1,3.7,0
32,2001,90,23900,9.7,29.3,1.3,1.9,0
32,2001,91,24000,7.8,24.5,1.2,2,0
32,2001,92,18200,1.4,16.1,0.6,2.2,0
32,2001,93,21000,-1.4,16,0.6,1.6,0
32,2001,94,21600,2.2,18.9,0.7,1.9,0
32,2001,95,23400,10.2,22,0.8,2.8,0
32,2001,96,7600,7.6,10.5,1.1,4.2,2.5
32,2001,97,18800,0.4,14.5,0.8,2.5,0.1
32,2001,98,15800,0.5,14.6,0.8,2.1,0
32,2001,99,24500,2.8,18.9,0.7,3.8,0
32,2001,100,22000,2.3,21.9,0.7,2.2,0
32,2001,101,18700,3.5,21.2,1.1,3.3,0
32,2001,102,24000,-0.7,20,0.8,2,0
32,2001,103,22600,9.4,18.1,1,1.7,0
32,2001,104,25000,1.8,20.4,0.9,1.5,0
32,2001,105,21900,5.1,21.8,0.8,2.3,0
32,2001,106,18100,6,22,1,3,0
32,2001,107,22800,10.2,23.5,1.2,2.5,0
32,2001,108,7800,10,23.3,1.2,3.1,0
32,2001,109,19100,6.6,17.6,1.1,2.5,1
32,2001,110,9300,6.2,10.5,1,3,15.3
32,2001,111,27000,2.4,21.4,1.1,1.6,0
32,2001,112,26600,7.8,22.9,1.3,2.2,0
32,2001,113,28000,9.5,25.9,1.4,1.5,0
32,2001,114,27600,8.8,28.9,1.6,1.2,0
32,2001,115,24900,10.5,31,1.7,1.2,0
32,2001,116,23700,11.4,30.7,1.6,1.8,0
32,2001,117,24400,9.9,27.1,1.3,3.7,0
32,2001,118,25400,11.6,22.1,1.1,1.9,0
32,2001,119,29000,6.7,25.8,1,1.6,0
32,2001,120,26200,8.7,29.9,1.5,1.3,0
32,2001,121,29700,9,26.7,0.8,5.2,0
32,2001,122,30800,11.8,24,0.6,7.4,0.1
32,2001,123,30700,10.6,26.9,0.7,4.6,0
32,2001,124,29500,5.6,30.6,0.9,1.6,0
32,2001,125,30100,8.6,31.7,1.1,1.7,0
32,2001,126,30000,8.2,31.9,1.1,1.7,0
32,2001,127,30200,0,36,1.28,1.3,0
32,2001,128,30500,13.3,35.8,1.6,1.4,0
32,2001,129,29800,0,35.1,1.28,1.4,0
32,2001,130,30200,15.2,36,1.5,2.7,0
32,2001,131,25000,13.9,34.9,1.6,1.7,0
32,2001,132,18800,13.9,29.8,1.4,3.5,0
32,2001,133,26900,11.6,26.4,1.4,2.9,0
32,2001,134,15600,11.4,26,1.3,2.4,0
32,2001,135,8600,15,28,1.6,2.9,0
32,2001,136,29700,13.7,28.3,1.4,2.3,0
32,2001,137,30600,10.2,32.1,1.4,1.8,0
32,2001,138,31300,13.1,33.9,1.4,3.2,0
32,2001,139,31200,17.2,36.4,1.2,4.4,0
32,2001,140,31500,22.9,36.8,1.3,4.9,0
32,2001,141,31600,18.7,37.2,1.4,3.6,0
32,2001,142,30100,15.3,36.9,1.9,2,0
32,2001,143,29000,17.9,36.7,1.7,1.8,0
32,2001,144,26300,16.4,37.1,1.5,1.7,0
32,2001,145,19000,15.5,32.5,1.6,1.7,0
32,2001,146,24400,13.5,31.4,1.5,2.9,0
32,2001,147,19600,11.8,29,1.4,3.5,0
32,2001,148,29800,11.1,29,1.4,1.7,0
32,2001,149,32100,11.4,33.7,1.2,2.6,0
32,2001,150,32500,20.1,37.5,1.4,4.4,0
32,2001,151,31700,15.9,39.8,1.6,1.8,0
32,2001,152,26800,17.9,35.3,1.4,3.8,0
32,2001,153,31200,13.9,28.5,1.3,2.4,0
32,2001,154,31600,10.6,26.9,0.7,4.3,0
32,2001,155,30400,15.4,30.3,0.8,3.4,0
32,2001,156,28200,14.5,28.5,1.2,2,0
32,2001,157,30800,11.2,32.4,1.5,1.5,0
32,2001,158,32000,13.9,36.2,1.5,1.9,0
32,2001,159,28100,15.4,35.2,1.4,2.6,0
32,2001,160,30000,14.6,31.6,1.4,2.6,0
32,2001,161,27300,13.2,30.2,1.5,2.4,0
32,2001,162,21400,11.95,30.3,1.42,1.4,0
32,2001,163,31200,14.5,29.3,1.2,2.5,0
32,2001,164,32700,15.7,30.3,1,4.3,0
32,2001,165,31800,11.9,35,1.2,2,0
32,2001,166,32000,14.5,35.4,1.4,1.7,0
32,2001,167,31400,13.7,37.8,1.5,1.7,0
32,2001,168,30800,14.8,36.3,1.5,1.7,0
32,2001,169,32400,14.5,36.6,1.4,2,0
32,2001,170,32100,15.7,38.1,1.5,1.8,0
32,2001,171,32300,15.3,40.4,1.6,2,0
32,2001,172,31300,17.6,39.4,1.9,1.8,0
32,2001,173,31100,17.6,37,1.8,2.9,0
32,2001,174,30600,15.2,33.3,1.5,3.5,0
32,2001,175,25100,13.8,29,1.3,2.8,0
32,2001,176,16300,14.8,23.5,1.6,2.1,0.4
32,2001,177,5800,13.5,26.2,1.6,2.8,0
32,2001,178,12900,13.9,21.7,1.7,2.5,2.4
32,2001,179,23100,12.5,29.9,1.8,1.5,0
32,2001,180,31200,13.5,33.2,1.8,1.4,0
32,2001,181,30200,16.6,36.1,1.9,1.9,0
32,2001,182,32300,15.9,37.9,1.8,1.5,0
32,2001,183,32600,22.4,39.9,2,1.2,0
32,2001,184,30300,18.6,38.9,2.4,1.3,0
32,2001,185,23400,20.6,34,2.1,1.9,0
32,2001,186,32500,17.4,38.1,1.7,2.8,0
32,2001,187,31500,15.7,33.4,1.7,3.1,0
32,2001,188,24200,14.4,33.4,1.6,1.8,0
32,2001,189,28000,15.1,37.6,1.8,1.8,0
32,2001,190,26000,17.2,34.7,1.8,2.8,0
32,2001,191,25200,15.8,31.7,1.8,3.3,0
32,2001,192,22600,14.6,30.3,1.6,3.4,0
32,2001,193,21700,12.8,32.4,1.6,2.1,0
32,2001,194,28700,12.3,34.9,1.7,2.2,0
32,2001,195,27300,14.9,31.7,1.7,3,0
32,2001,196,30900,11.5,30.5,1.6,3.4,0
32,2001,197,29000,13.1,26.7,1.5,3.2,0
32,2001,198,31800,9.8,29.5,1.5,2.1,0
32,2001,199,30900,14.1,32.7,1.6,2.2,0
32,2001,200,25700,14.8,30.5,1.7,3.5,0
32,2001,201,27400,13,28.5,1.7,3.1,0
32,2001,202,29000,13.4,29.9,1.6,2,0
32,2001,203,29200,12.7,34.2,1.6,1.4,0
32,2001,204,28100,14.1,38.2,1.8,1.9,0
32,2001,205,26400,20,35.8,2,3.6,0
32,2001,206,25800,14.6,36.1,1.9,2.6,0
32,2001,207,26200,14.6,34.5,1.9,2.3,0
32,2001,208,27400,12.4,34.9,1.7,2,0
32,2001,209,30800,14.6,35.4,1.8,2.3,0
32,2001,210,30000,17.3,32.5,1.8,3.3,0
32,2001,211,24300,15.9,30.1,1.7,2.5,0
32,2001,212,30200,13.4,34.2,1.7,1.9,0
32,2001,213,30700,16.8,34.1,1.7,2.5,0
32,2001,214,28400,14.3,34.1,1.7,2.7,0
32,2001,215,27000,15.3,32.5,1.8,3.7,0
32,2001,216,25100,15.3,31.7,1.8,3.5,0
32,2001,217,29200,16.1,33.6,1.7,2.1,0
32,2001,218,27600,13.3,37.4,1.7,1.7,0
32,2001,219,26100,15.6,40,1.8,1.8,0
32,2001,220,25300,18.4,40.6,1.9,2,0
32,2001,221,23900,19.3,36.6,1.8,3.5,0
32,2001,222,23000,15.3,34.1,1.7,2.7,0
32,2001,223,24300,11.7,36.6,1.5,1.9,0
32,2001,224,22600,15,33.1,1.6,3,0
32,2001,225,22900,11.7,32.9,1.5,2,0
32,2001,226,24700,11.6,35.5,1.5,1.5,0
32,2001,227,23300,13.1,36.1,1.5,1.6,0
32,2001,228,27600,12.1,37.8,1.5,1.5,0
32,2001,229,25100,23.2,37.5,1.7,2.5,0
32,2001,230,28300,14.7,35.8,1.7,1.8,0
32,2001,231,25000,14.1,36.5,1.6,2.2,0
32,2001,232,23700,13.5,28.4,1.6,3.6,0
32,2001,233,24200,11.1,28.9,1.5,2.3,0
32,2001,234,17400,14.8,30.7,1.7,3.3,0
32,2001,235,15000,14.7,30,1.7,2.3,0
32,2001,236,26300,13.6,33.6,1.8,1.3,0
32,2001,237,24700,14,36,1.7,1.6,0
32,2001,238,26200,14,38.3,1.7,1.3,0
32,2001,239,26400,15.1,41.4,1.8,1.6,0
32,2001,240,24400,15.2,40.1,1.5,1.8,0
32,2001,241,21500,16.2,36.8,1.8,2.9,0
32,2001,242,21700,14.3,30,1.7,2.9,0
32,2001,243,21200,12.4,32.4,1.7,2.3,0
32,2001,244,25500,13.3,33.3,1.7,2,0
32,2001,245,25600,14.7,36.2,1.6,2.1,0
32,2001,246,25500,13.4,36.7,1.5,2,0
32,2001,247,23300,20.3,36.1,1.4,3.4,0
32,2001,248,25300,14.1,32.8,1.6,1.8,0
32,2001,249,24300,13.1,32.1,1,3.2,0
32,2001,250,24700,10.2,34.9,1.1,1.5,0
32,2001,251,22900,11.1,36,1.3,2.3,0
32,2001,252,18300,11.5,29.8,1.6,2.4,0
32,2001,253,21900,13.7,29.4,1.6,1.9,0
32,2001,254,11000,13.5,25.1,1.7,1.6,0
32,2001,255,17800,11.2,29.7,1.6,2.2,0
32,2001,256,18800,13.3,30.7,1.7,1.4,0
32,2001,257,20200,13.5,34.7,1.8,1.5,0
32,2001,258,18100,16.5,33.5,1.6,2.4,0
32,2001,259,17900,15.4,30.8,1.7,2.3,0
32,2001,260,18400,12.6,33.2,1.7,1.9,0
32,2001,261,18600,15.2,32.7,1.7,1.8,0
32,2001,262,19000,12.6,34.1,1.7,1.7,0
32,2001,263,19100,11.6,33.3,1.6,1.8,0
32,2001,264,19500,11.3,35,1.5,1.4,0
32,2001,265,18900,11.1,33.7,1.4,1.6,0
32,2001,266,17200,10.6,31.6,1.3,1.7,0
32,2001,267,11500,9.4,29.2,1.6,1.5,9.2
32,2001,268,16500,12.9,25.4,1.6,1.4,0
32,2001,269,15900,10.9,29.5,1.7,1.2,0
32,2001,270,18500,12.8,28.7,1.6,2.4,0
32,2001,271,18400,9.6,27.9,1.3,1.4,0
32,2001,272,19500,9.4,34.2,1.2,2.5,0
32,2001,273,18700,9.8,36.9,1.4,1.3,0
32,2001,274,19800,12.2,40,1.5,1.5,0
32,2001,275,19800,14.2,40.1,1.5,1.5,0
32,2001,276,18800,12.9,36.6,1.5,1.1,0
32,2001,277,15500,14.4,30.8,1.6,3,0
32,2001,278,13700,11.8,24.3,1.5,2.2,0
32,2001,279,19100,7.8,25.3,1.4,1.4,0
32,2001,280,15500,8.7,26.2,1.5,1.5,0
32,2001,281,18100,12.1,26.9,1.5,1.5,0
32,2001,282,18300,10.5,27,0.7,3.9,0
32,2001,283,17900,8.1,28.4,0.7,1.4,0
32,2001,284,14500,12.4,26.8,1.1,2.2,0
32,2001,285,18000,16.8,31.2,0.8,5.8,0
32,2001,286,18300,11.5,32.8,1,3.7,0
32,2001,287,15600,10.8,32.3,1.1,1.7,0
32,2001,288,15100,8.5,31,1.3,0.9,0
32,2001,289,12300,10.3,26.8,1.4,1.5,0
32,2001,290,13600,9.8,26.1,1.4,1.3,0
32,2001,291,15600,7.4,29.6,1.1,1.4,0
32,2001,292,11200,6.2,27.2,1.2,0.9,0
32,2001,293,12000,7.1,26.6,1.2,1,0
32,2001,294,12500,5.2,23.6,1.2,1.5,0
32,2001,295,15000,6.5,26.9,1.3,1.1,0
32,2001,296,15900,15.5,23.8,0.6,5.1,0
32,2001,297,15200,9.1,26.3,0.6,3.3,0
32,2001,298,15600,6.4,27.3,0.7,1.8,0
32,2001,299,13300,5.1,27.6,1,1,0
32,2001,300,5900,9.1,21.4,1.3,2.7,0
32,2001,301,6600,10.1,18.3,1.4,1.5,0
32,2001,302,5200,11.4,20.1,1.5,1.4,2.1
32,2001,303,8300,13.1,19.9,1.7,3,16.1
32,2001,304,9800,9.1,21.4,1.4,1.9,0
32,2001,305,13800,6.7,21,1.3,1,0
32,2001,306,11300,7.1,21.3,1.3,1.1,0.1
32,2001,307,12600,5.7,24.6,1.2,1,0.1
32,2001,308,13100,6.1,26.6,1.2,1,0.1
32,2001,309,13600,7.5,23.9,1.3,1.1,0
32,2001,310,10900,6.5,20,1.3,1.1,0
32,2001,311,13600,2.7,22.3,0.9,1.8,0.1
32,2001,312,13500,3,24.3,0.9,1.4,0
32,2001,313,11900,5.7,23.7,1.1,0.9,0
32,2001,314,7300,7.1,20.6,1.3,1.1,3.7
32,2001,315,4400,12.9,18.6,1.8,2.4,14.4
32,2001,316,2100,11.8,16.6,1.6,3.2,24.8
32,2001,317,2800,11.1,15,1.4,3.3,0.4
32,2001,318,6500,12.6,17.2,1.6,1.5,0.1
32,2001,319,5500,12.4,19.6,1.6,1.2,0
32,2001,320,2500,11.9,15.8,1.6,1.6,1.4
32,2001,321,9800,10,17.6,1.4,1.3,0
32,2001,322,5200,6,16.2,1.2,1.2,0
32,2001,323,3800,8.6,16.8,1.5,2.5,0
32,2001,324,4200,13.6,18,1.6,2.9,0
32,2001,325,1400,12.7,16.2,1.6,4.5,13.4
32,2001,326,3000,9.2,19.3,1.3,2.3,0
32,2001,327,4500,5.6,12.1,1,1.6,0
32,2001,328,1200,6.8,14.7,1,4.1,48.5
32,2001,329,7900,2.9,13.3,0.9,2.1,0
32,2001,330,10900,1.7,13,0.9,2.4,0
32,2001,331,11200,4.3,12.5,0.7,2.9,0
32,2001,332,2100,6.4,9.1,1,3.9,13.1
32,2001,333,7400,5.1,10.3,1,3.3,0.3
32,2001,334,5300,4.7,12.1,1,2,0.5
32,2001,335,2000,9,10.6,1.2,6.2,10.9
32,2001,336,2600,8.2,15.3,1.1,5.5,17.7
32,2001,337,9100,3.6,12.4,1,2.6,0
32,2001,338,7700,-0.7,11.5,0.8,1.8,0
32,2001,339,1800,7.7,9.9,1.1,6.3,0
32,2001,340,8700,9.4,11.8,1.3,2.8,0
32,2001,341,8200,5.3,16.9,1,3.3,0
32,2001,342,7400,2.9,12.5,1.1,1.4,0
32,2001,343,10300,7.2,13.8,0.9,5.2,4.6
32,2001,344,8600,5.1,14.8,0.8,3.6,0
32,2001,345,7400,3.9,14,0.7,2.6,0
32,2001,346,6900,0.9,11.8,0.9,1.2,0.2
32,2001,347,3400,0.6,10.3,1,3.2,9.4
32,2001,348,9500,3.2,11.3,0.8,4.2,4
32,2001,349,6500,1.5,11.5,0.7,1.8,0
32,2001,350,3000,4.4,9.4,0.9,2.6,0.6
32,2001,351,7600,6.5,8.8,1.1,2.4,2.3
32,2001,352,3500,7.3,10.9,1.1,3.1,0.3
32,2001,353,2700,6.3,10.3,1.1,2.8,2.5
32,2001,354,3200,7.3,10.7,1.1,4,4.4
32,2001,355,4600,7,11.7,1.1,1.3,0.7
32,2001,356,5100,7.5,10.8,1.1,3.7,8.9
32,2001,357,5900,7.6,13.2,1.1,2.9,0.1
32,2001,358,7400,0.5,10.2,0.8,1.5,0
32,2001,359,3000,4.8,11,1,1.2,0
32,2001,360,2400,7.8,12.1,1.2,1.8,0.4
32,2001,361,1900,7.4,10.3,1.2,1.7,1.6
32,2001,362,2800,8.3,10.6,1.2,1.5,30.3
32,2001,363,5200,10,12.1,1.4,1.9,6.8
32,2001,364,1900,10.9,13.1,1.4,1.9,16.1
32,2001,365,6200,10.7,14.3,1.5,2,0
