*---------------------------------------------------------*
* Weather file for rice yield gap assessment using Oryza(v3)
*      Project: Global Yield Gap Atlas (www.yieldgap.org)
*      Country: USA
*  Station_num: 12
* Station_name: Durham
*         Year: 2002
*       Source: http://www.cimis.water.ca.gov
*       Author: M. Espe
*         Date: 11-16-2015
*    Longitude: -121.82
*     Latitude: 39.61
*    Elevation: 130
*
*  Columns:
*  1. station number
*  2. year
*  3. day
*  4. average insolation incident on a horizontal surface (kJ m-2 d-1)
*  5. minimum temperature (degrees Celsius)
*  6. maximum temperature (degrees Celsius)
*  7. vapour pressure (kPa)
*  8. mean wind speed (m s-1)
*  9. precipitation (mm d-1)
*---------------------------------------------------------*
-121.82,39.61,130,0,0
12,2002,1,1700,10.9,14.2,1.3,2.3,19.3
12,2002,2,2600,12,13.6,1.4,4.5,27.6
12,2002,3,9900,6.2,15.9,1.1,1.6,0
12,2002,4,7000,4.6,12.5,0.9,2.1,0
12,2002,5,1900,7,10.1,1.1,1.4,11
12,2002,6,2600,7.3,13.2,1.1,1.4,14.8
12,2002,7,4400,6.2,10.1,1.1,1.2,0.1
12,2002,8,2700,8.3,12.4,1.1,1.1,0
12,2002,9,8400,5.3,17.7,1,1.7,0.1
12,2002,10,9400,2.8,13.8,0.9,1.3,0
12,2002,11,7700,1.7,16.1,1,1.4,0.1
12,2002,12,8800,6.6,8.8,1,1.2,0.3
12,2002,13,11100,0.3,9.3,0.8,1.8,0
12,2002,14,10000,0.5,12.8,0.8,1.4,0
12,2002,15,11300,1.1,12.7,0.5,3.1,0
12,2002,16,11700,1.3,14.1,0.5,2.7,0
12,2002,17,11700,0.7,14,0.6,2.1,0
12,2002,18,11700,-1.9,15,0.6,1.9,0
12,2002,19,10900,-1.6,12.7,0.6,2.1,0
12,2002,20,9600,-1,11.3,0.6,1.4,0
12,2002,21,6300,0.1,12.2,0.8,4.7,0
12,2002,22,10500,-3.3,10.5,0.5,1.3,0
12,2002,23,12000,-3.5,13.6,0.5,2.1,0
12,2002,24,10800,-2,11.4,0.6,1.7,0
12,2002,25,7300,-0.4,9.7,0.7,1.4,1.7
12,2002,26,6800,3.6,11,0.9,4.1,3.2
12,2002,27,11600,-0.8,10.9,0.5,1.6,0
12,2002,28,4100,-0.8,2.4,0.6,1.4,7.2
12,2002,29,12700,-1.4,10.6,0.5,2.3,0
12,2002,30,13000,-3.1,11.9,0.4,2.2,0
12,2002,31,10600,-2.8,10.1,0.5,1.2,0
12,2002,32,9100,0.2,11.9,0.7,1.7,0
12,2002,33,13100,-2.7,13,0.7,1.3,0
12,2002,34,13900,-1.1,16.3,0.7,1.4,0.1
12,2002,35,14900,-2.8,15,0.7,1.2,0
12,2002,36,12400,-1.3,15.4,0.7,1.1,0.1
12,2002,37,11600,-0.9,15,0.8,2.2,0
12,2002,38,4100,5.4,13.2,1.1,4.2,3.9
12,2002,39,14300,0.2,15.3,0.7,2.7,0.1
12,2002,40,15000,3.5,19.7,0.5,3,0
12,2002,41,14000,1,19.5,0.7,1.2,0
12,2002,42,12100,6.3,18.3,0.8,0.8,0
12,2002,43,15200,1.9,23.8,0.9,1.6,0
12,2002,44,7300,8.6,16.8,1,1.4,0
12,2002,45,15500,6.9,23.5,1,2.3,0
12,2002,46,8400,6.1,13.7,1,2.2,0.3
12,2002,47,8300,5.3,15.2,1,1.7,1.5
12,2002,48,13500,3.6,13.4,0.8,1.9,0
12,2002,49,9500,6.8,14.3,0.9,2.6,0.6
12,2002,50,4100,8.5,11.7,1.1,5.1,12.5
12,2002,51,7100,11,18.2,1.3,3.9,0.1
12,2002,52,13200,6.7,20.4,1.2,1.1,0.1
12,2002,53,13700,6.7,20.6,1.2,2.5,0.1
12,2002,54,11700,8.3,16.7,1,3.8,0
12,2002,55,17800,5.4,21,0.9,2.1,0
12,2002,56,18400,4.6,23.6,0.7,2.3,0
12,2002,57,17000,3.2,24.2,0.8,1.4,0
12,2002,58,18700,7.3,24.9,0.7,2.7,0
12,2002,59,18300,1.4,22.7,0.5,3.2,0
12,2002,60,18300,3.6,18.4,0.4,3.1,0
12,2002,61,19700,1.7,19.7,0.5,2.2,0
12,2002,62,19300,1.5,20.1,0.7,1.3,0
12,2002,63,18400,1.8,20.1,0.8,1.5,0
12,2002,64,8600,4.2,15.7,0.9,2.9,3
12,2002,65,8000,9.8,15.9,1.3,4.7,8
12,2002,66,14500,4.9,16.1,0.4,4.5,0
12,2002,67,20000,-0.9,13.6,0.5,1.6,0
12,2002,68,9700,0.3,12.7,0.8,2.6,20.9
12,2002,69,9600,8.3,14.9,1.1,3.1,11.3
12,2002,70,14400,5.9,18.1,1,1.3,0
12,2002,71,10900,7.1,16.4,1.1,2.8,0
12,2002,72,16800,0.4,14.7,0.6,1.6,0
12,2002,73,21100,3,16,0.5,3,0
12,2002,74,15400,-0.4,13.9,0.6,1.5,0.2
12,2002,75,17800,1,13.2,0.6,1.9,0.1
12,2002,76,16100,1.5,13.3,0.7,2.9,0
12,2002,77,19800,1,16.4,0.5,2.4,0
12,2002,78,19100,0.1,19.8,0.8,1.1,0
12,2002,79,17900,5,21.7,1,1.5,0
12,2002,80,17800,6.1,22.5,1,1.5,0
12,2002,81,5800,9.5,13.7,1.1,3.8,4.5
12,2002,82,14500,8.6,15.5,1.1,3.7,9.2
12,2002,83,19400,4.3,16.5,1,1.5,0.4
12,2002,84,15900,1.6,16.6,0.9,1.2,0.1
12,2002,85,22900,4.4,21.9,0.9,1.2,0
12,2002,86,23500,4.7,23.7,0.9,2.1,0
12,2002,87,24000,10.7,27.9,0.9,4.2,0
12,2002,88,24300,10,29,0.9,2.5,0
12,2002,89,25200,6.7,29.8,1,1.5,0
12,2002,90,25200,5,30.3,1.1,1.2,0
12,2002,91,24100,6.8,30.2,1.3,1.2,0
12,2002,92,23800,8.5,31.1,1.3,1.8,0
12,2002,93,24100,8.5,24.1,1.4,2,0
12,2002,94,17300,8.3,17.7,1.2,2.5,0
12,2002,95,12000,10.8,18.3,1.1,2.5,0
12,2002,96,23000,7.2,24.7,1.2,1.7,0
12,2002,97,23500,6.7,25.4,1.2,1.4,0
12,2002,98,19500,8.5,24,1.3,2.8,0
12,2002,99,8600,11.9,16.7,1.2,4.2,0
12,2002,100,21100,7,23.5,1.2,1.2,0
12,2002,101,17000,13.1,24.5,1.3,1.8,0
12,2002,102,24200,10.5,27.4,1.2,1.9,0
12,2002,103,24300,8.6,29.7,1.4,1.2,0
12,2002,104,23800,10.3,29.2,1.4,3.2,0
12,2002,105,24700,7.5,19,0.7,2.9,0
12,2002,106,9500,6.3,14.9,0.8,4.1,0.9
12,2002,107,17400,2.5,17.2,0.8,2.3,0.6
12,2002,108,24900,0.3,18.9,0.7,1.9,0
12,2002,109,28000,7.9,23.2,0.7,2.3,0
12,2002,110,25000,2.5,23.4,0.8,1.8,0
12,2002,111,26800,4.6,25.6,0.9,1.2,0
12,2002,112,28800,5.3,28.4,1,1.2,0
12,2002,113,27900,7.3,29.6,1.1,1.7,0
12,2002,114,27900,10.8,24.6,1.1,3.2,0
12,2002,115,26600,9.9,26.6,1.2,2.3,0
12,2002,116,17600,10.8,16.6,1.1,3.8,0
12,2002,117,16600,9.2,17.9,0.9,4.6,0
12,2002,118,16800,4.9,18.7,0.8,1.5,0
12,2002,119,8100,7.5,15.5,1,1.9,0
12,2002,120,13300,4.6,17.5,0.9,2.2,0
12,2002,121,22100,9.2,21.7,1.1,1.6,0
12,2002,122,28000,6.2,24.7,1.2,2.7,0
12,2002,123,24700,10.1,21.5,1.2,2.1,0
12,2002,124,28400,7.4,29.3,1.2,1.2,0
12,2002,125,30400,9,29.5,1.1,1.5,0
12,2002,126,29900,9.2,27.2,1.1,2.1,0
12,2002,127,29200,9.6,23.4,0.7,3.3,0
12,2002,128,31200,9.2,26.3,0.6,2.3,0
12,2002,129,31100,9.8,24.8,0.9,2.7,0
12,2002,130,27200,8.8,21.8,0.8,2.6,0
12,2002,131,31600,9.5,27.1,0.9,2.5,0
12,2002,132,28600,7.9,29.1,1.1,1.6,0
12,2002,133,29800,13.3,28.2,1,2.8,0
12,2002,134,29400,8.8,29.2,1.2,1.6,0
12,2002,135,29700,0,30,0.9,1.5,0
12,2002,136,31400,13.3,31.6,1,1.9,0
12,2002,137,30900,12.6,30.1,1.4,2.6,0
12,2002,138,26400,12.4,25.9,1,5.4,0
12,2002,139,5800,11.4,13.8,1.1,3.9,0
12,2002,140,12200,7.6,13.8,1.1,4,0
12,2002,141,17200,8.6,17.7,1.1,2,0
12,2002,142,27500,6.5,22.3,1,1.5,0
12,2002,143,32500,10,27.3,1,2.7,0
12,2002,144,31300,10,28.9,1.3,1.4,0
12,2002,145,28800,10.9,30.4,1.4,1.6,0
12,2002,146,28300,13.5,28.1,1.5,3.1,0
12,2002,147,17500,16.1,26.4,1.4,3.8,0
12,2002,148,27100,14.1,28.4,1.7,1.5,0
12,2002,149,30600,16.1,33.1,2.2,1.5,0
12,2002,150,30100,18.9,34.8,2.3,1.4,0
12,2002,151,28000,19.2,34.1,1.9,2.3,0
12,2002,152,30000,15.4,28.1,1.5,3.6,0
12,2002,153,31400,11,27.3,1.5,1.5,0
12,2002,154,29300,13.7,31.9,1.6,1.7,0
12,2002,155,30200,15.8,34.5,1.5,2.1,0
12,2002,156,32600,19.4,38.3,1.5,2.4,0
12,2002,157,32300,21,35.3,1.3,2.5,0
12,2002,158,31500,19.6,32.7,1.1,3.1,0
12,2002,159,32900,15.8,25.7,0.5,6.2,0
12,2002,160,32900,13.6,27.9,0.7,3.9,0
12,2002,161,33000,14.4,31.3,1,2.8,0
12,2002,162,31400,14,32.9,1.2,1.6,0
12,2002,163,32200,12.3,32.8,1.6,1.7,0
12,2002,164,32700,14.2,30.4,1.6,2.7,0
12,2002,165,33400,11.7,29.1,1.5,2.1,0
12,2002,166,32900,12.6,31.2,1.5,2.1,0
12,2002,167,33500,11.9,30.7,1.4,2.3,0
12,2002,168,30600,12.9,31,1.5,1.9,0
12,2002,169,27400,20.2,32.5,1.6,1.9,0
12,2002,170,33100,17.9,34.9,1.3,2.2,0
12,2002,171,32200,15.7,32.3,1.7,2.4,0
12,2002,172,29200,13.4,26.1,1.4,3.1,0
12,2002,173,28500,12,28.3,1.6,1.8,0
12,2002,174,29200,14.9,30.5,1.7,1.9,0
12,2002,175,30800,14.2,32.8,1.7,1.4,0
12,2002,176,31600,20.7,34.2,1.8,2.2,0
12,2002,177,30300,16.6,32.7,1.8,2.3,0
12,2002,178,31200,14.3,32,1.8,2.1,0
12,2002,179,30100,17.5,29.6,1.9,2.2,0
12,2002,180,31900,16.2,32.5,2,1.5,0
12,2002,181,32400,18,35.2,2,1.4,0
12,2002,182,32700,15.7,35,2,1.4,0
12,2002,183,29500,18.7,32.6,1.8,2.5,0
12,2002,184,32100,14,29.8,1.7,2.2,0
12,2002,185,32400,15.7,30.9,1.7,1.5,0
12,2002,186,31100,15.2,32.2,1.8,1.7,0
12,2002,187,31100,16,32.7,1.9,1.8,0
12,2002,188,30300,16.5,31.5,1.6,2.7,0
12,2002,189,33000,15.1,34.8,1.4,1.8,0
12,2002,190,32300,14.8,36.2,2,1.3,0
12,2002,191,32600,18.9,39.7,2.1,1.4,0
12,2002,192,29800,19.7,36.9,2.1,1.8,0
12,2002,193,17700,22.1,34.6,2.1,1.7,0
12,2002,194,30900,17.9,37.2,2,2.1,0
12,2002,195,31500,17.8,32,2,2.1,0
12,2002,196,29600,15.2,31.3,1.6,2.2,0
12,2002,197,32500,12.4,31,1.6,1.6,0
12,2002,198,29800,13.2,31.8,1.7,1.5,0
12,2002,199,27600,15.1,31.9,1.9,1.6,0
12,2002,200,31400,16.6,33.8,2,1.4,0
12,2002,201,31100,17.6,35.3,2,1.8,0
12,2002,202,27100,16.8,29.5,1.8,2.6,0
12,2002,203,27900,19.9,30,2,1.8,0
12,2002,204,31000,15.1,30.6,1.7,1.9,0
12,2002,205,31200,14.7,31.9,1.6,1.9,0
12,2002,206,31400,13.1,31,1.7,1.4,0
12,2002,207,29200,13.6,32.6,1.9,1.4,0
12,2002,208,28900,16.7,33.7,2.1,1.8,0
12,2002,209,29300,16.5,31.8,2,2,0
12,2002,210,28000,15,30.4,2,1.7,0
12,2002,211,25800,16.1,30.5,2.1,1.4,0
12,2002,212,25700,17.6,31.1,1.9,1.7,0
12,2002,213,29700,15.4,31.3,1.9,1.9,0
12,2002,214,27900,16.8,31,2,2.2,0
12,2002,215,28100,15,28.4,1.7,3.2,0
12,2002,216,20800,12,23.4,1.6,1.9,0
12,2002,217,30100,12.7,28.7,1.4,1.4,0
12,2002,218,28900,11.1,26.8,1.4,1.4,0
12,2002,219,30100,10.6,33.8,1.2,1.4,0
12,2002,220,29800,12.8,36,1.5,1.4,0
12,2002,221,29400,12.5,37.2,1.8,1.2,0
12,2002,222,29100,15.8,35.8,1.8,1.4,0
12,2002,223,29300,15.3,34.8,2,1.4,0
12,2002,224,29200,14.8,34.1,2,1.5,0
12,2002,225,28400,17.3,34.9,2.1,1.5,0
12,2002,226,27500,17,34.2,2,1.4,0
12,2002,227,25700,17.1,33.2,2,1.5,0
12,2002,228,25100,22.6,32.2,2.1,1.6,0
12,2002,229,25600,16.2,30.8,1.9,1.5,0
12,2002,230,25300,14,31.3,1.8,1.6,0
12,2002,231,26400,13.2,27,1.5,2.3,0
12,2002,232,26200,11,29.4,1.5,1.3,0
12,2002,233,24400,12.1,30.1,1.4,1.4,0
12,2002,234,25400,12.2,28.2,1.5,2,0
12,2002,235,26300,9.9,27.6,1.4,1.6,0
12,2002,236,26300,10.6,29,1.5,1.6,0
12,2002,237,26300,12.2,30.5,1.6,1.3,0
12,2002,238,25600,14.9,35,1.3,1.8,0
12,2002,239,26000,19.7,36.2,1.3,2.3,0
12,2002,240,25400,18.8,35.8,1.5,2.4,0
12,2002,241,24000,15,29.5,1.7,2.1,0
12,2002,242,24000,13.2,30.6,1.7,1.6,0
12,2002,243,24700,15.2,33.2,1.8,1.1,0
12,2002,244,25500,14.7,35,1.7,1.2,0
12,2002,245,25500,16.5,36,1.6,1.5,0
12,2002,246,25500,14.9,33.6,1.3,2.9,0
12,2002,247,25000,16.5,31.6,1.1,4.2,0
12,2002,248,25300,13,25.7,1,2.8,0
12,2002,249,22100,12,25,1.1,2.9,0
12,2002,250,21000,8.9,26,1.1,1.2,0
12,2002,251,25000,8.1,31,1,1.1,0
12,2002,252,24600,9.3,34.6,1.1,1.3,0
12,2002,253,24300,11.4,32.6,1.2,1.3,0
12,2002,254,24000,19.9,34.1,1.3,1.7,0
12,2002,255,23600,13.7,32.6,1.3,1.5,0
12,2002,256,23400,12.1,32.5,1.3,1.5,0
12,2002,257,20800,11.8,32.3,1.3,1.3,0
12,2002,258,14300,15,27.1,1.3,3.1,0
12,2002,259,21100,11.1,27,1.5,1.2,0
12,2002,260,18900,12.9,29.2,1.4,1.4,0
12,2002,261,20900,15.3,33.1,1.1,2.8,0
12,2002,262,21100,15.8,36.2,1.1,1.6,0
12,2002,263,21100,11.9,34.3,1.2,1.2,0
12,2002,264,20600,12.1,35.8,1.4,1.1,0
12,2002,265,20800,12.2,36.5,1.4,1.1,0
12,2002,266,20400,12.5,35.8,1.4,1.3,0
12,2002,267,21100,12.5,35.2,1.2,1.3,0
12,2002,268,19900,13.3,36.6,1.3,1.2,0
12,2002,269,18900,10.2,32.6,1.2,2.6,0
12,2002,270,18100,13.1,23.3,1.3,2.8,0
12,2002,271,17600,10.1,24.9,1.3,1.9,0
12,2002,272,17200,10.6,25.4,1.3,2.8,0
12,2002,273,16600,9.9,25.7,1,1.4,0
12,2002,274,18500,12.9,23.3,0.6,4.2,0
12,2002,275,18900,9.9,24.6,0.6,2.4,0
12,2002,276,16600,7.5,26.3,0.7,1.6,0
12,2002,277,17700,10.5,29.2,1,2,0
12,2002,278,17300,10.1,31.1,1.2,1.2,0
12,2002,279,18300,13.5,34.2,1.3,1.9,0
12,2002,280,18100,11.3,34.9,1.2,1.2,0
12,2002,281,17500,9.4,32.2,1.2,1,0
12,2002,282,14700,11.4,30.8,1.2,1.7,0
12,2002,283,13700,11.8,24.1,1.3,3,0
12,2002,284,17400,7.9,26.7,0.8,2.1,0
12,2002,285,18100,4.6,30,0.8,1.2,0
12,2002,286,16800,8.1,31.6,0.8,1.1,0
12,2002,287,17000,7.1,31.3,0.8,1.2,0
12,2002,288,16400,6.4,27.3,0.9,1.4,0
12,2002,289,16900,10,22.7,1.1,1.5,0
12,2002,290,16700,6.9,22,1.1,1.5,0
12,2002,291,13700,7.8,22.1,1.2,0.9,0
12,2002,292,16300,6.2,24.4,1.2,0.9,0
12,2002,293,15900,6.5,26.3,1.1,0.9,0
12,2002,294,15700,6.4,25.9,1,1.2,0
12,2002,295,15500,6,23.7,1.1,1.9,0
12,2002,296,12900,8.2,19,1.1,1.5,0
12,2002,297,8400,5.4,14.9,1,1.1,0
12,2002,298,12100,10,22.7,1,1.2,0
12,2002,299,15100,5,21,1,1.4,0
12,2002,300,13100,5.9,25.3,1,1.1,0
12,2002,301,14700,5.6,24.1,0.9,1,0
12,2002,302,14300,2.7,22.9,0.8,1,0
12,2002,303,14600,1.8,19.9,0.5,1.6,0
12,2002,304,14600,-0.2,20.3,0.4,1.7,0
12,2002,305,13400,1.1,19.4,0.3,1.6,0
12,2002,306,14000,-0.3,21.2,0.4,1.2,0
12,2002,307,12500,0.7,22,0.6,0.9,0
12,2002,308,13700,-0.5,21.8,0.5,0.9,0
12,2002,309,14000,0.9,21.1,0.7,1,0
12,2002,310,6800,2.9,18.7,0.7,1.5,0
12,2002,311,2800,10.8,15.9,1.2,6.5,0
12,2002,312,5800,11,19.3,1.4,5,0
12,2002,313,4000,10.8,16,1.2,3.4,3.7
12,2002,314,6800,11.5,17.8,1.3,3.6,1.7
12,2002,315,10200,8.4,18.9,1.2,1.4,0
12,2002,316,4000,8,18.4,1.2,1.6,4.8
12,2002,317,9600,6.9,18.9,1.1,1.9,0.1
12,2002,318,12300,7,21.3,0.9,2.8,0
12,2002,319,10000,4.1,19,1,0.9,0
12,2002,320,8100,3,13,1,1.2,0.1
12,2002,321,10400,2.5,19.1,0.9,1.9,0.1
12,2002,322,9400,3.2,17.3,0.9,1,0
12,2002,323,11500,2.6,23.4,0.9,1,0.1
12,2002,324,10800,4.4,20.5,1.1,0.9,0
12,2002,325,8300,7.7,22.6,1.2,0.9,0
12,2002,326,8600,6.8,17.2,1.2,1.1,0
12,2002,327,7800,6.1,11.3,1.1,1.2,0.1
12,2002,328,7100,6.2,11,1.1,1,0
12,2002,329,11600,4.7,20.2,0.6,2.7,0
12,2002,330,10900,8.5,23.1,0.4,3,0
12,2002,331,10500,7.3,24.6,0.6,2.2,0
12,2002,332,10800,1.9,19.6,0.8,1,0
12,2002,333,10800,0.6,17.2,0.8,1,0
12,2002,334,10200,-0.1,16.6,0.8,0.9,0.1
12,2002,335,9800,2.5,17.6,0.8,1.1,0
12,2002,336,10200,0.6,17.6,0.8,0.9,0
12,2002,337,8700,0.3,16.5,0.8,0.9,0.1
12,2002,338,8100,5.5,18.4,0.9,1.2,0
12,2002,339,8200,2.3,16,0.9,1,0
12,2002,340,8000,2.5,18.2,0.9,0.9,0
12,2002,341,10100,2.1,17.7,0.8,1.2,0
12,2002,342,7000,-0.4,14.7,0.8,0.9,0.1
12,2002,343,3100,3.1,11.5,1,1.4,1.1
12,2002,344,5300,7.1,12.7,1.2,2.7,2.2
12,2002,345,5600,2.6,14.9,0.9,1,0.1
12,2002,346,4700,1.8,12.3,1,2.3,2
12,2002,347,1300,9.5,13.1,1.2,6.8,42.5
12,2002,348,1400,10.4,15.5,1,8.6,28.8
12,2002,349,2400,9,12.6,1.1,7.4,12.1
12,2002,350,5600,9.3,14.5,0.9,7.5,25.1
12,2002,351,6400,5.4,13,0.8,2.4,0.6
12,2002,352,8400,1.7,11.5,0.8,2.1,0
12,2002,353,1500,4.9,8.8,0.8,5,14
12,2002,354,3100,6.8,9.2,0.9,7.3,9.8
12,2002,355,5400,2.4,10.5,0.9,2.9,10.3
12,2002,356,8800,2.8,13.5,0.7,2.8,0
12,2002,357,9000,1.8,12.7,0.6,2.7,0
12,2002,358,5200,4,9.9,0.7,1.5,0
12,2002,359,3900,1.7,8,0.8,1.3,0
12,2002,360,1900,4.8,10.5,1,2.2,22
12,2002,361,2600,10.1,14.2,1.2,5.1,10.9
12,2002,362,2200,7.6,14.5,1.1,6.1,27
12,2002,363,6200,6.9,10.3,1,3.3,4.9
12,2002,364,1900,7.6,9.5,0.9,4.8,11.4
12,2002,365,7900,4.7,14.2,0.9,5.1,8.2
