*---------------------------------------------------------*
* Weather file for rice yield gap assessment using Oryza(v3)
*      Project: Global Yield Gap Atlas (www.yieldgap.org)
*      Country: USA
*  Station_num: 166
* Station_name: Lodi West
*         Year: 2012
*       Source: http://www.cimis.water.ca.gov
*       Author: M. Espe
*         Date: 11-16-2015
*    Longitude: -121.39
*     Latitude: 38.13
*    Elevation: 25
*
*  Columns:
*  1. station number
*  2. year
*  3. day
*  4. average insolation incident on a horizontal surface (kJ m-2 d-1)
*  5. minimum temperature (degrees Celsius)
*  6. maximum temperature (degrees Celsius)
*  7. vapour pressure (kPa)
*  8. mean wind speed (m s-1)
*  9. precipitation (mm d-1)
*---------------------------------------------------------*
-121.39,38.13,25,0,0
166,2012,1,9100,-0.6,14.5,0.9,0.9,0.3
166,2012,2,5600,0.5,14.8,1,0.9,0.1
166,2012,3,9100,1.9,17.4,0.9,0.9,0.2
166,2012,4,9100,0.6,19.1,0.9,0.9,0
166,2012,5,9300,0,19.1,0.9,0.9,0
166,2012,6,8300,-1.7,17.7,0.8,1.1,0
166,2012,7,9500,0.9,18.7,0.7,3.6,0
166,2012,8,9100,-1.5,17,0.7,1.1,0
166,2012,9,10100,-2,18.2,0.8,0.8,0
166,2012,10,9400,-1.5,17.3,0.7,1.1,0.1
166,2012,11,10300,-2.5,17.7,0.7,0.8,0
166,2012,12,10300,-3.2,18.4,0.6,1.1,0
166,2012,13,10400,-2.5,19.1,0.7,0.8,0
166,2012,14,10500,-3.2,18.8,0.6,0.9,0
166,2012,15,9500,-2.6,15,0.7,2.1,0
166,2012,16,10900,-4.3,11,0.4,1.6,0
166,2012,17,10400,-5.4,10.8,0.5,1,0
166,2012,18,8400,-3.2,13.5,0.6,0.9,0
166,2012,19,2800,-1.3,8.9,0.6,1.6,1.3
166,2012,20,2700,6.8,11.4,1.1,4.8,20.6
166,2012,21,10000,3.9,13.4,1,3.1,6.4
166,2012,22,2800,4,10.7,0.9,3.5,3.8
166,2012,23,7200,3.8,13.9,1.1,3.5,17.3
166,2012,24,7800,1.8,14.5,1,1.2,0.2
166,2012,25,10800,3.8,16.7,1.1,1.1,0
166,2012,26,7300,6.8,19.1,1.3,2.1,0
166,2012,27,11800,3.8,17,0.9,2.6,0
166,2012,28,12000,-0.2,17.8,0.9,1,0
166,2012,29,11800,1.2,17.8,1,1,0.1
166,2012,30,10200,5.1,16,1.1,1,0
166,2012,31,10800,5,14.5,1.1,1.2,0.1
166,2012,32,9700,3.5,16.4,1.1,1.6,0
166,2012,33,12300,4.3,16.1,0.9,1.3,0.2
166,2012,34,12600,0.7,16.7,0.9,1.1,0.1
166,2012,35,12900,1.7,18.3,0.9,1.1,0.1
166,2012,36,12600,0.4,18.7,0.8,1.1,0
166,2012,37,9300,1.8,18.6,0.8,1.5,0
166,2012,38,5400,8.9,16,1.1,2.1,5.8
166,2012,39,13200,4.8,18.1,1.2,1.7,0.1
166,2012,40,13400,4.2,21.4,1.2,1,0.1
166,2012,41,10000,3.6,19.3,1.2,1.3,0.2
166,2012,42,8900,6.8,15.6,1.2,1.5,0
166,2012,43,11600,1.4,16.4,1,1.3,2.1
166,2012,44,10000,2,11.3,1,2.3,3.3
166,2012,45,14100,0.4,15.7,0.9,1.6,0.2
166,2012,46,15000,4,14.4,0.7,4.1,0
166,2012,47,14900,0.6,18.5,0.7,2.1,0
166,2012,48,14500,1,18.2,0.9,1.2,0
166,2012,49,9900,4.1,16.7,1.1,1.8,0
166,2012,50,15200,2.4,15.4,0.8,1.5,0
166,2012,51,10000,4.5,14.1,1,1.7,0
166,2012,52,13000,2,18.8,1,1.2,0
166,2012,53,15000,4.3,22.6,1.1,1.2,0
166,2012,54,15900,7.7,21.5,0.7,4.6,0
166,2012,55,16200,1.6,21.4,0.8,1.9,0
166,2012,56,16500,2.9,16.6,0.7,2.9,0
166,2012,57,15000,1,14.9,0.6,1.8,0
166,2012,58,16300,-0.4,13.7,0.7,1.2,0
166,2012,59,13900,2,13.9,0.8,2.4,0
166,2012,60,7000,5.9,13.3,1,3.1,13.6
166,2012,61,11100,3.1,15.3,1,2.6,0.7
166,2012,62,17400,0.9,16.5,0.7,2.1,0
166,2012,63,17700,0.2,20,1,0.8,0
166,2012,64,17700,2,22.9,1.1,1,0
166,2012,65,17800,3.1,23.6,1,1.8,0
166,2012,66,17700,2.8,14.2,0.7,4.4,0
166,2012,67,19000,2.1,18,0.5,3.1,0
166,2012,68,18800,1,19.8,0.7,1.5,0
166,2012,69,19200,0.9,22.6,0.8,1,0
166,2012,70,17800,3.6,18.5,1,2.4,0
166,2012,71,11500,5.3,16.3,1,1.9,0
166,2012,72,16500,0.9,17.5,0.9,1.6,0
166,2012,73,6300,11.1,13.4,1.2,3.4,6.3
166,2012,74,6600,11.3,14.7,1.5,2.6,10.7
166,2012,75,7600,12.8,18.5,1.6,1.1,0.4
166,2012,76,5600,7.9,15.5,1.4,2.6,17.5
166,2012,77,9100,2.8,10.3,1,1.6,5
166,2012,78,15700,4.2,13.1,0.8,3.1,0
166,2012,79,16100,0.6,13.2,0.8,0.9,0
166,2012,80,17800,7.9,19.1,1,1.2,0
166,2012,81,19700,6,22.4,1.3,1.3,0
166,2012,82,16400,7.1,16.3,1.1,2,0
166,2012,83,21200,2.8,18,0.8,1.4,0
166,2012,84,8400,7.4,11.7,1,2.1,0.1
166,2012,85,14300,5.8,16.6,1.1,1.5,11.5
166,2012,86,15700,4.3,16.4,1,1.9,0
166,2012,87,5900,9.1,15.5,1.1,2.7,13.6
166,2012,88,16100,8.3,19.5,1.4,2,4.3
166,2012,89,13400,6.2,18.5,1.3,1.2,0.1
166,2012,90,17800,9.1,20.3,1.4,1.4,0
166,2012,91,8700,7.4,17.1,1.2,3.4,9.1
166,2012,92,22800,5.4,16.9,1,2.4,0
166,2012,93,20400,4.3,18.7,1,1.8,0
166,2012,94,21100,6.9,19.7,1.2,2.1,0.6
166,2012,95,23600,4.3,16.7,0.9,2.5,0
166,2012,96,23600,1.8,15.1,0.8,2,0
166,2012,97,24100,0.7,17.3,0.8,1.2,0
166,2012,98,22500,0.5,21.2,0.9,1,0
166,2012,99,22800,3.9,23.3,1,1.5,0
166,2012,100,19800,4.6,21.9,1,1.2,0
166,2012,101,8700,8,15.1,1.2,1.2,0.7
166,2012,102,15100,9.7,16.2,1.3,2.1,4.7
166,2012,103,16100,8.3,17.1,1.2,3.6,15.4
166,2012,104,15100,6.9,15.6,1.1,2.4,7.2
166,2012,105,22600,6,19.5,1.1,2,0.1
166,2012,106,24200,6.5,22,1.2,1.4,0
166,2012,107,23900,7.2,22.1,1.1,1.6,0
166,2012,108,19200,8.7,22.6,1.4,2,0
166,2012,109,20600,8.7,23.3,1.3,2.2,0
166,2012,110,24300,11.4,26.8,1.7,2.1,0
166,2012,111,25000,12.5,31.3,1.8,1.4,0
166,2012,112,25200,12.5,32.7,1.9,1,0
166,2012,113,25100,13.5,32.3,1.9,2,0
166,2012,114,24600,12.3,21.2,1.5,3.4,0
166,2012,115,22000,12,24.6,1.5,1.8,0
166,2012,116,12700,12.9,20.8,1.6,1.2,12.8
166,2012,117,22600,8.8,17.9,1.3,2.7,3.9
166,2012,118,26300,5.5,22.2,1.1,2.2,0
166,2012,119,26500,8.5,27,1.4,2.4,0
166,2012,120,26800,8.7,29.5,1.5,1.2,0
166,2012,121,25700,10.3,29,1.5,2.1,0
166,2012,122,26500,8.9,23.2,1.2,2.4,0
166,2012,123,26200,5.8,22.7,1,2.1,0
166,2012,124,13400,10.4,19.4,1.3,1.9,0
166,2012,125,26200,9.5,20.8,1.2,2.2,0
166,2012,126,28300,8.9,25.5,0.9,3.7,0
166,2012,127,28200,12,29.1,1,2.5,0
166,2012,128,28500,7.2,31.2,1,2,0
166,2012,129,26900,7.6,33.8,1.1,1.1,0
166,2012,130,28200,9.2,32.4,1.3,1.6,0
166,2012,131,28200,9.8,29.1,1.1,2.4,0
166,2012,132,28700,8.6,31.7,1.1,1.8,0
166,2012,133,28300,9.4,32.7,1.3,1.8,0
166,2012,134,24100,10,23.3,1.3,3.2,0
166,2012,135,27300,6.9,22.6,1.3,1.9,0
166,2012,136,28000,8.8,27.4,1.4,1.9,0
166,2012,137,28400,9.4,28.9,1.4,1.6,0
166,2012,138,27200,9.6,24,1.3,2,0
166,2012,139,28400,8.9,28.5,1.1,2.2,0
166,2012,140,28300,8.8,30.7,1.2,1.4,0
166,2012,141,28300,9.4,32.7,1.4,1.5,0
166,2012,142,27800,14,25.5,1.4,3.3,0
166,2012,143,28400,12.4,26.9,1.5,2.8,0
166,2012,144,29200,12.5,26.9,1.2,2.8,0
166,2012,145,29200,10.6,24.6,1.1,3.4,0
166,2012,146,21700,9.2,19.9,1,2.2,0.5
166,2012,147,23800,8.1,22.8,1.2,2.2,0
166,2012,148,28900,5.8,24.8,1.2,1.9,0
166,2012,149,29400,8.6,23.3,1.2,2,0
166,2012,150,29900,5.7,27.4,1.3,1.8,0
166,2012,151,29600,9.5,31.8,1.4,1.9,0
166,2012,152,28800,10.4,34.8,1.5,1.5,0
166,2012,153,29200,12.7,35.8,1.8,1.7,0
166,2012,154,28400,14.8,29.6,1.5,3,0
166,2012,155,28500,11.9,29.9,1.3,2.7,0
166,2012,156,6500,10,18.9,1.4,2.8,1.1
166,2012,157,28400,8.1,21.8,1,2.6,0
166,2012,158,29800,8.5,26.8,1.1,2.7,0
166,2012,159,28900,8.2,28.5,1.3,2.3,0
166,2012,160,30400,12.4,27.1,1.2,2.8,0
166,2012,161,30200,9.6,26.5,0.9,4.7,0
166,2012,162,30600,14.6,31.5,1,2.6,0
166,2012,163,30200,10,34.7,1.3,1.5,0
166,2012,164,29300,12,33.1,1.6,2.2,0
166,2012,165,29400,11.8,31.5,1.6,1.9,0
166,2012,166,29700,12.6,31.5,1.5,2.2,0
166,2012,167,29300,10.8,33.9,1.4,2.1,0
166,2012,168,29500,14.6,38.7,1.8,1.6,0
166,2012,169,29300,15.4,33.1,1.7,2.2,0
166,2012,170,29100,11.8,29.3,1.4,2.1,0
166,2012,171,29800,9.5,31.8,1.4,2,0
166,2012,172,29300,11.4,34.3,1.4,1.7,0
166,2012,173,29600,10.5,25,1.4,2.5,0
166,2012,174,18600,9.5,21.1,1.4,2.6,0
166,2012,175,29600,11.4,22.6,1.2,2.7,0
166,2012,176,30100,8.3,23.6,1.1,2.2,0
166,2012,177,29400,9.9,23,1.3,2.4,0
166,2012,178,29400,8.8,26.9,1.3,2,0
166,2012,179,29900,8.5,31.2,1.3,1.3,0
166,2012,180,29800,9.8,28.9,1.4,2.4,0
166,2012,181,29400,12.1,26.3,1.6,2.7,0
166,2012,182,28200,13.2,27.9,1.9,3,0
166,2012,183,29000,14.5,26.2,1.8,2.6,0
166,2012,184,29000,11.9,30.6,1.8,1.8,0
166,2012,185,29500,9.7,31.7,1.7,1.5,0
166,2012,186,29300,11.1,30.9,1.6,1.7,0
166,2012,187,29400,11.1,27,1.5,2.2,0
166,2012,188,29600,8.5,31.4,1.5,1.6,0
166,2012,189,29600,11.8,34.4,1.5,1.8,0
166,2012,190,29500,12.4,31.6,1.4,2,0
166,2012,191,30000,12.4,31.7,1.5,1.9,0
166,2012,192,29800,8.8,36.3,1.6,1.4,0
166,2012,193,29300,11.2,38.4,1.8,1.4,0
166,2012,194,29200,15.6,36.3,1.9,1.5,0
166,2012,195,29000,10.7,28.4,1.6,1.8,0
166,2012,196,29100,10.9,28.5,1.7,1.6,0
166,2012,197,28800,10.9,31.5,1.7,1.8,0
166,2012,198,28300,11.3,25,1.6,2.6,0
166,2012,199,22400,11.1,23.2,1.5,1.8,0
166,2012,200,28100,11.3,27.4,1.6,1.9,0
166,2012,201,26300,14.5,27.8,1.6,2,0
166,2012,202,28700,10.6,33.2,1.7,1.8,0
166,2012,203,28400,12.3,36.2,1.8,1.5,0
166,2012,204,27600,14.4,35.5,1.8,1.7,0
166,2012,205,27800,14,30.4,1.7,1.9,1.4
166,2012,206,28700,13,31,1.6,2,0
166,2012,207,28300,12.3,29.3,1.6,2.2,0
166,2012,208,28700,11.5,27,1.5,2.4,0
166,2012,209,28300,12.4,28.8,1.6,2,0
166,2012,210,27800,10.5,30.1,1.6,1.6,0
166,2012,211,28400,10.9,31,1.7,1.5,0
166,2012,212,28100,10.3,34.3,1.8,1.3,0
166,2012,213,28400,12.7,34.4,1.8,1.4,0
166,2012,214,28500,10.2,34.4,1.7,1.4,0
166,2012,215,27900,10.6,35.5,1.7,1.4,0
166,2012,216,26700,11.7,32,1.6,1.8,0
166,2012,217,21200,12.8,25,1.6,2,0
166,2012,218,26700,13.8,28.5,1.8,2.5,0
166,2012,219,27100,9.7,32.6,1.6,1.8,0
166,2012,220,27100,11.6,32.6,1.6,2,0
166,2012,221,27000,13,34.8,1.6,1.5,0
166,2012,222,26500,12,37.7,1.7,1.3,0
166,2012,223,26300,13.6,37,1.8,1.3,0
166,2012,224,26500,11.9,38.1,1.8,1.4,0
166,2012,225,25700,13.8,35.1,1.6,1.6,0
166,2012,226,25300,17.2,37.2,1.7,1.6,0
166,2012,227,22300,17.3,33,1.5,2.1,0
166,2012,228,25600,16,32.5,1.6,2.3,0
166,2012,229,25900,13.3,33.6,1.6,2,0
166,2012,230,25100,13.9,32.3,1.4,1.9,0
166,2012,231,23600,16.9,33.2,1.5,2.2,0
166,2012,232,25600,13.6,31.1,1.5,1.9,0
166,2012,233,25700,10.2,32.4,1.6,1.4,0
166,2012,234,25200,10.6,31.3,1.6,1.6,0
166,2012,235,25100,12.8,31,1.7,1.6,0
166,2012,236,24900,10.9,30.6,1.7,1.4,0
166,2012,237,25300,11.1,32.1,1.5,1.8,0
166,2012,238,24800,11.2,27.5,1.5,2,0
166,2012,239,24900,9.7,24.7,1.4,1.8,0
166,2012,240,25200,7.3,31.3,1.5,1.3,0
166,2012,241,24800,10.2,32.3,1.6,1.6,0
166,2012,242,24900,10.3,33,1.5,1.4,0
166,2012,243,24100,11,33.7,1.4,1.6,0
166,2012,244,23700,9.2,24.5,1.5,1.6,0
166,2012,245,24100,7.5,26.1,1.5,1.5,0.1
166,2012,246,23800,7.7,32.7,1.4,1.1,0
166,2012,247,24400,8.7,35,1.5,1.2,0
166,2012,248,23500,10.4,33,1.5,1.7,0
166,2012,249,15500,10.5,29.2,1.4,1.4,0
166,2012,250,22100,12.2,30.5,1.5,1.8,0
166,2012,251,22200,11.5,31.2,1.3,2,0
166,2012,252,22000,12.6,29.9,1.3,1.7,0
166,2012,253,22700,10.7,29.6,1.3,1.9,0
166,2012,254,23000,7.4,31.7,1.4,1.5,0
166,2012,255,22500,9.1,32.4,1.4,1.5,0
166,2012,256,21800,10.7,31.2,1.5,1.5,0
166,2012,257,20900,12.3,34.3,1.7,1.5,0
166,2012,258,21100,14.3,32,1.5,1.8,0
166,2012,259,22000,10.7,32.8,1.3,1.3,0
166,2012,260,21600,9.3,31.8,1.3,1.4,0
166,2012,261,21600,10.8,27.8,1.4,2,0
166,2012,262,21200,10.3,27.3,1.3,1.9,0
166,2012,263,21100,6.8,27.7,1.3,1.7,0
166,2012,264,20500,8.7,29.5,1.3,1.5,0
166,2012,265,20200,10.6,30.5,1.4,1.3,0
166,2012,266,20100,12.1,33.6,1.4,1.1,0
166,2012,267,17300,10.6,32.1,1.3,1.2,0
166,2012,268,20100,8.4,28.2,1.4,1.3,0
166,2012,269,19700,8.1,30.8,1.4,1.3,0
166,2012,270,19800,9.7,29.9,1.5,1.1,0
166,2012,271,19400,9.7,32.8,1.6,1.2,0
166,2012,272,19100,10.9,28.8,1.5,1.8,0
166,2012,273,19100,10.3,31.9,1.6,1.2,0
166,2012,274,18900,10.2,34,1.6,1.2,0
166,2012,275,19100,10.8,35.4,1.4,0.9,0
166,2012,276,18800,11.2,38.2,1.6,0.8,0
166,2012,277,18300,11.4,34.1,1.5,1.7,0
166,2012,278,17900,13.9,24.8,1.6,2.4,0
166,2012,279,17400,14.1,23.7,1.5,2.6,0
166,2012,280,17500,9.4,23.9,1.4,1.9,0
166,2012,281,17700,8.4,25.6,1.4,1.7,0
166,2012,282,17200,9.3,23.5,1.4,2,0
166,2012,283,17000,6.3,24.1,1.3,1.4,0
166,2012,284,16600,6.8,25.8,1.3,1.5,0
166,2012,285,10600,10,18.4,1.4,1.8,0
166,2012,286,7100,11.7,17.5,1.4,0.9,0.1
166,2012,287,16100,7.2,23.6,1.4,1.2,0
166,2012,288,16200,8.3,26.3,1.5,1,0
166,2012,289,15600,8.6,28.5,1.6,1.4,0
166,2012,290,15400,13.5,30.8,1.9,1.7,0
166,2012,291,16100,9.4,29.3,1,1.8,0
166,2012,292,15700,9.7,31.2,1.6,1.2,0
166,2012,293,15200,11.7,25.7,1.8,1.5,0.1
166,2012,294,14900,9.2,24.5,1.4,1.6,0
166,2012,295,8500,6.7,18.5,1,1.4,0.6
166,2012,296,9700,10.8,17,1.3,2.5,14.1
166,2012,297,13000,7.7,17.7,1.2,1.3,2.4
166,2012,298,11100,7.9,19,1.2,1.3,0.1
166,2012,299,14200,7.2,19.2,1.3,2.5,0
166,2012,300,14100,9.2,22,1,1.4,0
166,2012,301,13700,6.3,24.7,1.2,1,0
166,2012,302,13700,8.3,26.9,1.3,0.8,0
166,2012,303,13800,7.9,25.8,1.4,0.8,0
166,2012,304,13500,8.1,25.6,1.4,0.9,0
166,2012,305,5900,9.7,18.5,1.4,1.1,0.3
166,2012,306,11400,10.6,20.8,1.5,1.2,7.5
166,2012,307,13000,8.4,20.8,1.3,1.2,0.2
166,2012,308,12600,7,22.7,1.3,0.9,0
166,2012,309,12600,8,24.2,1.3,0.9,0
166,2012,310,12900,9,26.6,1.4,0.8,0
166,2012,311,12800,8,27,1.3,0.7,0.1
166,2012,312,12400,7.5,25.1,1.3,1,0.1
166,2012,313,9000,4.1,17.3,0.9,2.3,1.1
166,2012,314,10700,3.7,13.6,0.9,1.4,3
166,2012,315,11900,1.7,14.3,0.7,1.1,0
166,2012,316,11700,-0.9,14.8,0.7,0.9,0.1
166,2012,317,11900,-1,16.6,0.7,1.1,0
166,2012,318,11300,-0.4,18.7,0.8,0.9,0
166,2012,319,11400,2.2,19.6,0.9,0.8,0
166,2012,320,9600,0.9,19.3,0.9,0.8,0
166,2012,321,5800,5.1,16.7,1.2,1.5,2.7
166,2012,322,5900,12.9,17.8,1.4,3.2,9
166,2012,323,9500,8.7,17.4,1.2,1.1,7.4
166,2012,324,8700,8.9,20.3,1.2,1.3,0.1
166,2012,325,7700,8.1,20.9,1.3,2.1,0.9
166,2012,326,7800,7.1,18.9,1.3,1.4,8.4
166,2012,327,10800,4.7,17.8,1,1.3,0.2
166,2012,328,10600,2.4,19.1,1,0.9,0.1
166,2012,329,10600,2.9,18,1,0.7,0.2
166,2012,330,10400,2.9,17.5,1,0.8,0.2
166,2012,331,10300,2.8,18.5,1,0.8,0.3
166,2012,332,7700,3.6,15.4,1.1,0.7,0.2
166,2012,333,4500,8,14.9,1.3,2.2,19.7
166,2012,334,3500,10.7,17.3,1.4,3.7,0.7
166,2012,335,6400,12.9,17.7,1.5,4.3,48.3
166,2012,336,4300,13.2,19.1,1.5,4.1,4
166,2012,337,6100,6,16.8,1.3,3.3,37.6
166,2012,338,8900,2.8,16.1,1,0.9,0.1
166,2012,339,3900,8.8,15.9,1.3,1.3,0
166,2012,340,2900,12,14.4,1.4,1.8,11.1
166,2012,341,5500,6.9,15.3,1.3,1.4,0
166,2012,342,9300,3.8,16.1,1,1,0
166,2012,343,8700,2.7,13.3,0.9,1,0
166,2012,344,9100,0.9,15.4,0.8,0.9,0
166,2012,345,9500,2.4,16.4,0.9,0.8,0
166,2012,346,7400,5.2,17,1,1.6,0.1
166,2012,347,8400,2.8,13.7,0.9,1.8,1.4
166,2012,348,9300,0.3,11.7,0.7,1.3,0
166,2012,349,6600,0,9.8,0.7,1,0
166,2012,350,3000,-1.8,7.9,0.7,1.1,3.2
166,2012,351,4400,2.9,12,0.9,2.4,0
166,2012,352,5500,6.7,13.5,1.1,2.6,4.3
166,2012,353,9000,0.3,11.3,0.6,2,0
166,2012,354,9200,-2,10.6,0.5,1.2,0
166,2012,355,8700,0.2,13,0.6,2.9,0
166,2012,356,2300,4.4,11.9,0.7,3.5,2.5
166,2012,357,6700,7.3,11.8,1,4,24.9
166,2012,358,1800,7.8,11.4,1.1,5.2,9.2
166,2012,359,7700,3,9.6,0.9,1.4,0
166,2012,360,2400,1.3,8.5,0.9,2.4,17.1
166,2012,361,7000,2.4,13.2,0.9,2,0
166,2012,362,8600,0.9,10.5,0.8,1.2,0
166,2012,363,3800,0.5,7.8,0.8,1.2,0
166,2012,364,6600,0.3,12.2,0.8,1.5,0
166,2012,365,9400,-1.1,11.9,0.7,2.1,0
166,2012,366,9500,-2.5,10.5,0.6,1.1,0
