*---------------------------------------------------------*
* Weather file for rice yield gap assessment using Oryza(v3)
*      Project: Global Yield Gap Atlas (www.yieldgap.org)
*      Country: USA
*  Station_num: 30
* Station_name: Nicolaus
*         Year: 2001
*       Source: http://www.cimis.water.ca.gov
*       Author: M. Espe
*         Date: 11-16-2015
*    Longitude: -121.54
*     Latitude: 38.87
*    Elevation: 32
*
*  Columns:
*  1. station number
*  2. year
*  3. day
*  4. average insolation incident on a horizontal surface (kJ m-2 d-1)
*  5. minimum temperature (degrees Celsius)
*  6. maximum temperature (degrees Celsius)
*  7. vapour pressure (kPa)
*  8. mean wind speed (m s-1)
*  9. precipitation (mm d-1)
*---------------------------------------------------------*
-121.54,38.87,32,0,0
30,2001,1,10400,-2.8,15.7,0.8,1.2,0.1
30,2001,2,10500,-1.6,14.8,0.8,1.2,0.2
30,2001,3,10500,-3.5,16.8,0.7,1.1,0.1
30,2001,4,10600,-3.4,16.6,0.8,1.4,0.1
30,2001,5,10800,-4.4,17.2,0.7,1.4,0.1
30,2001,6,11000,-1.5,15.6,0.8,1.2,0
30,2001,7,4600,-3.3,11.1,0.8,1,0.1
30,2001,8,6300,5.4,11.4,1.1,2.6,32.7
30,2001,9,2600,3.8,10.2,1,3.1,0.2
30,2001,10,1900,3.9,11.1,1.1,4.9,16.3
30,2001,11,2500,6.3,10.9,1,3.7,9.9
30,2001,12,10500,2.7,13.4,0.9,1.9,1.8
30,2001,13,9800,4.8,13.2,1,2.4,0
30,2001,14,11500,1.2,11.8,0.8,2.3,0
30,2001,15,12000,3.2,13.4,0.5,5,0
30,2001,16,12300,0.3,12.2,0.5,4.3,0
30,2001,17,12500,-4.2,11.7,0.5,1.7,0
30,2001,18,9800,-4.1,11.3,0.6,1.1,0
30,2001,19,11700,1.1,14.4,0.8,1.5,0
30,2001,20,6700,-1.6,11.9,0.8,1.2,0
30,2001,21,7100,-2.9,13,0.8,1.2,0.1
30,2001,22,12500,-0.4,18.3,0.8,1.6,0
30,2001,23,2000,5.5,12.7,1,2.6,8.9
30,2001,24,9200,3.9,12.6,1,2.5,1.4
30,2001,25,2100,3.8,9.1,0.9,4.3,17.9
30,2001,26,4800,2.2,11.3,0.9,2.8,0
30,2001,27,13300,1.4,14.8,0.7,4,0
30,2001,28,12000,-1.8,12,0.8,1.8,0.1
30,2001,29,13100,1.5,12.3,0.9,2.3,5.1
30,2001,30,9900,-0.8,13,0.6,2.8,0
30,2001,31,13900,-3.9,15.9,0.6,1.7,0
30,2001,32,10900,-2.5,13,0.8,1.2,0
30,2001,33,8300,-0.1,14.6,0.9,1.1,0
30,2001,34,13000,1.3,19.3,1,1.7,0
30,2001,35,14100,3.9,20.1,1.1,1.1,0
30,2001,36,14600,0.9,19.2,1,1.5,0.2
30,2001,37,14000,3.8,13.7,0.8,2.9,0.7
30,2001,38,15600,-0.1,12.6,0.4,6.1,0
30,2001,39,13600,-1.9,14.1,0.5,3.2,0
30,2001,40,5300,5.3,9.3,0.9,4.6,14.8
30,2001,41,9400,5,10.6,0.9,4.4,4.5
30,2001,42,8900,5.4,10.7,0.9,4.6,10.9
30,2001,43,4700,-0.5,7.4,0.8,2.3,8.1
30,2001,44,13000,1.7,17.6,0.7,5.1,0
30,2001,45,15300,-0.8,15,0.8,1.4,0
30,2001,46,9800,-1.5,13.3,0.9,1.4,0
30,2001,47,9600,3.4,16.3,0.9,2.1,0
30,2001,48,3900,3,12.5,1,1.3,3.9
30,2001,49,5000,7,12.9,1.2,1.4,4
30,2001,50,5700,6.4,15.4,1.1,4.2,11.2
30,2001,51,5500,9,12.9,1.2,3.6,7.5
30,2001,52,10400,8.4,14.2,1.2,3.5,11.5
30,2001,53,12100,6.3,13,1,3.3,11.9
30,2001,54,15400,5.1,13,0.9,2.2,4.5
30,2001,55,4900,6.2,9.1,1,5.7,15.3
30,2001,56,10200,7,16.3,1,2.7,0
30,2001,57,14800,2.5,16.9,1,1.4,0
30,2001,58,19400,0.5,19.7,0.7,3.6,0
30,2001,59,19200,1.4,17.3,0.6,3.7,0
30,2001,60,9700,2,14.7,0.9,1.7,0.5
30,2001,61,10500,1.8,11.9,1,2,13.6
30,2001,62,7200,-0.2,12.8,0.9,1.3,2.1
30,2001,63,2600,8.8,15.1,1.1,6.3,24.5
30,2001,64,6500,9.4,17.5,1.3,2.2,7.5
30,2001,65,14300,6.8,17.4,1.3,2.5,0
30,2001,66,18500,4.3,18.7,1.3,2.1,0
30,2001,67,16600,8.2,16.8,1.2,2.9,0
30,2001,68,17600,3.6,16.5,1,2,0
30,2001,69,21100,3.7,19.5,0.8,3.1,0
30,2001,70,18300,1.9,19.5,0.9,2.1,0
30,2001,71,21300,2,20.6,0.9,1.8,0
30,2001,72,19500,2.1,21.5,1.1,1.3,0
30,2001,73,21700,2.9,21.2,1,1.8,0
30,2001,74,11700,3.4,17.9,1,1.6,0
30,2001,75,20900,1.8,19.3,0.9,2.1,0
30,2001,76,16800,3.2,21.7,1.1,1.3,0
30,2001,77,21400,3.9,25.7,1.3,1.3,0
30,2001,78,18600,6.3,26.1,1.5,1.2,0
30,2001,79,19000,9,26.4,1.6,1.1,0
30,2001,80,18400,9.7,27.3,1.6,1.6,0
30,2001,81,17300,9.9,22.3,1.4,3.1,0
30,2001,82,18800,9.5,22.6,1.4,2.3,0
30,2001,83,9400,9.9,21.1,1.4,3.7,1.5
30,2001,84,18900,5.7,20.7,1.1,1.8,0
30,2001,85,23100,2.5,22,0.9,2.1,0
30,2001,86,20200,0,25.1,0.93,1.5,0
30,2001,87,21500,10.5,26.2,1.4,2.1,0
30,2001,88,23300,6.3,25.8,1.1,2.5,0
30,2001,89,24700,4.2,27.4,1,2.1,0
30,2001,90,25100,5,28.8,1.2,1.5,0
30,2001,91,23800,6,23.6,1.2,2.8,0
30,2001,92,19000,0,15.9,0.7,1.9,0
30,2001,93,23500,-0.8,15.5,0.6,1.5,0
30,2001,94,21200,-1.1,18,0.7,1.5,0
30,2001,95,24100,0.5,21,0.8,2.3,0
30,2001,96,8700,7.5,10.5,1,4.3,5.1
30,2001,97,20300,1.1,14.3,0.9,2.5,0.8
30,2001,98,18400,0.2,15,0.7,2.5,0
30,2001,99,24800,-0.2,19.1,0.6,3.4,0
30,2001,100,25200,0.8,21.1,0.7,2.9,0
30,2001,101,18300,1.3,17.1,1,3.5,0.3
30,2001,102,23700,-1.5,19.6,0.7,1.5,0.1
30,2001,103,21800,5.2,17,0.9,3,0
30,2001,104,23100,-0.8,20.1,0.9,1.5,0
30,2001,105,25200,4.2,21.7,0.9,2.3,0
30,2001,106,22300,6.6,21.5,0.9,2.8,0
30,2001,107,22400,6.8,23.9,1.1,1.7,0
30,2001,108,14800,5.2,23,1.1,3.1,0.2
30,2001,109,18800,6.6,17.4,1,2.6,0
30,2001,110,8600,5.6,11.5,1,3.5,15.2
30,2001,111,27000,1.8,19.9,1,1.9,0
30,2001,112,26200,6.4,22.7,1.2,2.1,0
30,2001,113,27900,5.5,25.2,1.3,1.5,0
30,2001,114,27000,0,30.9,1.2,1.3,0
30,2001,115,25600,9.5,31.4,1.5,1.4,0
30,2001,116,24500,9.4,30.7,1.4,2,0
30,2001,117,24400,8.6,25.9,1.2,3.8,0
30,2001,118,23900,9.7,22.1,1,2.3,0
30,2001,119,28500,3.1,25.8,0.9,1.6,0
30,2001,120,27100,8.7,29.8,1.3,1.7,0
30,2001,121,29600,8.8,27.2,0.7,4.2,0
30,2001,122,30600,9.6,25.4,0.5,6.6,0
30,2001,123,30600,7.9,27.6,0.5,4.5,0
30,2001,124,30000,3.9,30.2,0.8,1.7,0
30,2001,125,29300,8,31,0.9,2,0
30,2001,126,30000,6.9,32,0.9,1.4,0
30,2001,127,30000,8.9,35.6,1.2,1.6,0
30,2001,128,30200,11.8,35.9,1.4,1.6,0
30,2001,129,29800,12.6,35,1.4,1.7,0
30,2001,130,30100,11.5,36.7,1.2,1.7,0
30,2001,131,26400,15.7,34.1,1.3,2.5,0
30,2001,132,19600,12.9,26.9,1.2,4.3,0
30,2001,133,25200,11.8,24.7,1.2,4,0
30,2001,134,26100,10.5,27.6,1,2.9,0
30,2001,135,18200,15.8,28.6,1.5,3.3,0
30,2001,136,30200,12.3,28.5,1.3,2,0
30,2001,137,30900,11.7,32,1.3,1.8,0
30,2001,138,31100,10.9,33.7,1.3,2.5,0
30,2001,139,31000,13.6,36.6,1.2,3,0
30,2001,140,29500,15.6,37.1,1.3,3.2,0
30,2001,141,28600,17.2,37.7,1.2,3.5,0
30,2001,142,28300,16.6,36.4,1.5,2.5,0
30,2001,143,28300,15.1,36.6,1.5,2.2,0
30,2001,144,28800,14.6,36.8,1.3,1.7,0
30,2001,145,21500,15.2,33,1.2,2.6,0
30,2001,146,24900,12,29.3,1.3,3.7,0
30,2001,147,24000,10.9,26.9,1.2,4.5,0
30,2001,148,30400,10,28.1,1.2,2.3,0
30,2001,149,32100,10.2,32.9,1.1,1.9,0
30,2001,150,32500,13.4,37.9,1.4,2.7,0
30,2001,151,31900,15.9,39.6,1.6,1.9,0
30,2001,152,24800,15.4,30.3,1.4,4.1,0
30,2001,153,31500,12.7,27.6,1.2,3.1,0
30,2001,154,32800,8.9,27.7,0.7,3,0
30,2001,155,31700,10.6,30.2,0.8,2.8,0
30,2001,156,29500,12.6,29.3,1,2.4,0
30,2001,157,31800,12.2,32.7,1.2,1.9,0
30,2001,158,32000,14,36.2,1.4,1.5,0
30,2001,159,29100,15.5,35.6,1.2,3,0
30,2001,160,30400,13.3,31.3,1.3,2.8,0
30,2001,161,31800,12,30.1,1.2,3,0
30,2001,162,24800,14,29.9,1.4,2.7,0
30,2001,163,31300,12.9,30.2,1.1,2.5,0
30,2001,164,33100,12.9,31,0.8,4.3,0
30,2001,165,32700,11.3,35.5,1.1,1.7,0
30,2001,166,32800,16.3,35.2,1.2,2.1,0
30,2001,167,32100,11.6,36.3,1.3,2.1,0
30,2001,168,29700,15.6,36,1.3,1.8,0
30,2001,169,32500,15.2,36.1,1.2,1.8,0
30,2001,170,32400,14.4,37.5,1.3,1.5,0
30,2001,171,32400,14.8,40.3,1.4,1.9,0
30,2001,172,31600,16,38.7,1.4,2.2,0
30,2001,173,30200,18,37.5,1.4,2.9,0
30,2001,174,27000,13.4,31.2,1.2,4.2,0
30,2001,175,25500,12.4,30.5,1,4,0
30,2001,176,12900,13.5,24.4,1.4,2.4,0.3
30,2001,177,19100,12.3,25.9,1.5,3,0
30,2001,178,10800,13.5,21.2,1.5,2,0.1
30,2001,179,26600,10.6,29.6,1.5,1.8,0
30,2001,180,31600,11.2,34.2,1.4,1.7,0
30,2001,181,31800,16.8,35.9,1.4,2.3,0
30,2001,182,32800,14.9,37.3,1.4,1.9,0
30,2001,183,32200,13.7,40.4,1.5,1.9,0
30,2001,184,29100,19.5,41.7,1.6,1.6,0
30,2001,185,18000,22.1,36.2,1.5,2.3,0
30,2001,186,29500,18.9,37.1,1.3,3.6,0
30,2001,187,28500,14.6,34.5,1.4,3.8,0
30,2001,188,23600,18.6,34,1.3,2.5,0
30,2001,189,29700,17.2,37,1.4,2.5,0
30,2001,190,26000,16,34.4,1.4,3.5,0
30,2001,191,24800,14.7,30.8,1.4,4.5,0
30,2001,192,25000,13.8,28.6,1.3,4.6,0
30,2001,193,24700,12.5,30.8,1.4,2.8,0
30,2001,194,29300,10.7,34.4,1.5,2.3,0
30,2001,195,27000,13.5,30.4,1.4,3.7,0
30,2001,196,29700,11.6,28.9,1.4,4.2,0
30,2001,197,26100,13,25.3,1.3,5.1,0
30,2001,198,28800,11.2,29.3,1.3,2.3,0
30,2001,199,29300,12.8,32.5,1.4,2.5,0
30,2001,200,27400,14.4,29.8,1.5,4.6,0
30,2001,201,27300,13.1,27.8,1.4,4.5,0
30,2001,202,28500,12.4,28.7,1.4,3.1,0
30,2001,203,28500,9.3,34,1.3,1.8,0
30,2001,204,27500,13.3,35.4,1.4,2.3,0
30,2001,205,26000,13.4,34.9,1.6,3.2,0
30,2001,206,25800,13.5,34.8,1.6,3.3,0
30,2001,207,25200,14.3,33.8,1.6,3.2,0
30,2001,208,26200,13.1,35.1,1.5,2.6,0
30,2001,209,29300,13.7,35.2,1.5,2.7,0
30,2001,210,29000,15.6,31,1.4,4.8,0
30,2001,211,23400,15.6,29.3,1.5,4.1,0
30,2001,212,25700,12.8,33.1,1.5,2.2,0
30,2001,213,28500,16,33.4,1.4,3.3,0
30,2001,214,27800,14,34.2,1.4,3.2,0
30,2001,215,27600,11.67,32,1.5,5.1,0
30,2001,216,26700,15.1,31.4,1.5,4.4,0
30,2001,217,28900,15.1,33.2,1.4,2.7,0
30,2001,218,28300,12.5,36.6,1.4,2.1,0
30,2001,219,27000,14.9,39.2,1.4,2.1,0
30,2001,220,26200,19.2,40,1.5,2.4,0
30,2001,221,23800,17.3,34.9,1.4,4.2,0
30,2001,222,26700,14.3,32.9,1.4,3.7,0
30,2001,223,26500,10.3,35.5,1.3,2.5,0
30,2001,224,24300,13,31.3,1.3,3.8,0
30,2001,225,25600,12.5,31.8,1.3,3,0
30,2001,226,25800,9.7,34.5,1.3,1.8,0
30,2001,227,25200,11.3,35.4,1.3,2,0
30,2001,228,26300,11.7,36.8,1.2,2,0
30,2001,229,25600,13.8,38.1,1.2,2.4,0
30,2001,230,28500,14.5,36,1.4,2.4,0
30,2001,231,24100,13.6,35.3,1.3,2.4,0
30,2001,232,22900,13,26.7,1.4,5.3,0
30,2001,233,27000,11.5,28.5,1.4,3,0
30,2001,234,23400,14.4,30.3,1.5,4.3,0
30,2001,235,21900,13.9,30.5,1.6,2.7,0
30,2001,236,25700,15.3,32.6,1.6,2,0
30,2001,237,26500,14.3,35.7,1.3,1.9,0
30,2001,238,26300,13,37.6,1.3,1.7,0
30,2001,239,26200,13.7,40.2,1.4,2,0
30,2001,240,24600,14.5,39.5,1.4,2.1,0
30,2001,241,22600,15,35.2,1.5,3.4,0
30,2001,242,19700,13.6,27.2,1.5,4.3,0
30,2001,243,21500,13.4,31.7,1.5,2.4,0
30,2001,244,24200,14.7,33.6,1.4,2.3,0
30,2001,245,24800,15.7,35.4,1.3,2.5,0
30,2001,246,25300,15.3,36.4,1.2,2.4,0
30,2001,247,22700,15.8,35.8,1.1,3.1,0
30,2001,248,25400,14,31.7,1.3,3,0
30,2001,249,25400,11.5,32,0.9,2.3,0
30,2001,250,23800,9.7,33.2,0.9,1.5,0
30,2001,251,21200,10.4,32,1.2,2.4,0
30,2001,252,18100,12.7,28.1,1.4,3.7,0
30,2001,253,22100,12.5,28.8,1.4,2.4,0
30,2001,254,19800,14.3,26.2,1.4,2.2,0
30,2001,255,18300,12.9,28.3,1.4,3.4,0
30,2001,256,19500,12.7,29.9,1.4,1.9,0
30,2001,257,21400,13.3,33.6,1.4,1.7,0
30,2001,258,19800,13.5,32.8,1.4,2.8,0
30,2001,259,17600,14,28.9,1.5,3.3,0
30,2001,260,19000,11.5,30.9,1.5,2.2,0
30,2001,261,20300,12.9,31.2,1.5,2.2,0
30,2001,262,19000,12.4,32.8,1.4,2,0
30,2001,263,18800,12.3,32.8,1.4,2.2,0
30,2001,264,18600,9.7,33,1.2,1.8,0
30,2001,265,17700,11,32.8,1.2,1.8,0
30,2001,266,16100,12.2,30.2,1.1,2.3,0
30,2001,267,12300,9.5,27,1.4,2.2,5.2
30,2001,268,17500,12.1,24.6,1.6,2.1,0
30,2001,269,19800,8.2,28.9,1.4,1.6,0
30,2001,270,18800,12.7,26.7,1.4,3.6,0
30,2001,271,19400,6.8,26.9,1,1.8,0
30,2001,272,20300,7.1,33.9,1.1,1.9,0
30,2001,273,19100,10.9,35.4,1.2,1.6,0
30,2001,274,19500,13.8,38.9,1.2,1.9,0
30,2001,275,18400,12.4,40,1.2,1.6,0
30,2001,276,19200,12.8,36.3,1.2,1.7,0
30,2001,277,14300,13.1,27.9,1.4,4.3,0
30,2001,278,15000,12.1,23.3,1.3,3.8,0
30,2001,279,16700,7.2,24.2,1.3,2.1,0
30,2001,280,14700,8.7,25.3,1.3,2.2,0
30,2001,281,17100,11.2,25.8,1.3,1.9,0
30,2001,282,19000,7.9,27,0.7,3.2,0
30,2001,283,18200,4.7,28.7,0.7,2,0
30,2001,284,13500,11.9,27.8,0.9,2.2,0
30,2001,285,17900,15,32.4,0.6,5.9,0
30,2001,286,18200,6.4,30.9,0.8,1.7,0
30,2001,287,16300,7.1,31.4,0.9,1.3,0
30,2001,288,14700,8.9,30.4,1,1.2,0
30,2001,289,10300,11.4,27.9,1.1,2.3,0
30,2001,290,12900,10.3,25.6,1.2,2.3,0
30,2001,291,16400,0,28.9,1,1.8,0
30,2001,292,13000,6.7,28.5,0.9,1.4,0
30,2001,293,12600,6.2,26.8,1,1.7,0
30,2001,294,12200,8,23.5,1.1,2.9,0
30,2001,295,16000,5.5,26,1,1.5,0
30,2001,296,16200,8.4,25,0.9,3.9,0
30,2001,297,15600,5.4,26.7,0.5,2,0
30,2001,298,14900,4.3,24.9,0.7,1.2,0
30,2001,299,14400,6.4,27.9,0.8,1.4,0
30,2001,300,8500,11.3,21.9,1.2,3.1,0
30,2001,301,8600,11,20,1.3,1.9,0
30,2001,302,6700,12.9,20.7,1.3,1.5,0.1
30,2001,303,7100,12.1,18.8,1.6,4.1,11.5
30,2001,304,11400,8.1,21.5,1.3,1.5,0
30,2001,305,12200,5,20.2,1.2,1.3,0.1
30,2001,306,12400,5,21,1.2,1.5,0.1
30,2001,307,13200,4.5,23.3,1.1,1.2,0
30,2001,308,13100,5.3,25.5,1.1,1.5,0
30,2001,309,14100,5.4,23.6,1.1,1.7,0
30,2001,310,10700,6.1,20.6,1.2,2.3,0
30,2001,311,14100,1.4,22.1,0.8,1.8,0
30,2001,312,13900,2,23.3,0.9,1.5,0
30,2001,313,11900,4.8,22.3,1,1.2,0
30,2001,314,7100,5.4,22.8,1.1,1.5,1.7
30,2001,315,3700,13.6,20.8,1.7,4.1,3.5
30,2001,316,2000,10.9,17.8,1.5,3.6,19.5
30,2001,317,4200,10.6,16.3,1.4,3,0.4
30,2001,318,7200,12.6,18.7,1.5,1.5,0
30,2001,319,7700,9.6,18.6,1.5,1.1,0
30,2001,320,3600,9.1,19.1,1.5,1.8,0
30,2001,321,11500,9,18.3,1.4,1.4,0
30,2001,322,8700,6.7,17.3,1.3,1.6,0.2
30,2001,323,6100,8.8,18.2,1.4,2.5,0
30,2001,324,5900,10.9,19.1,1.4,2.4,0
30,2001,325,2100,12.7,15.2,1.5,4,13.2
30,2001,326,7800,7.3,18.3,1.3,3.5,0
30,2001,327,4600,5.2,12.1,1.1,1.7,0
30,2001,328,5100,6.3,15.5,1.1,6.8,14.8
30,2001,329,7300,3.3,12.9,0.9,2.8,0
30,2001,330,11700,-0.2,12.7,0.8,2.9,0
30,2001,331,11800,0.9,13.2,0.7,2.7,0
30,2001,332,3100,6.5,10.5,0.9,5,5.9
30,2001,333,9000,7.2,12.8,1.1,5.4,5.7
30,2001,334,8200,7.4,12.6,1.1,1.9,0.8
30,2001,335,1600,8.9,11.5,1.1,8.5,8.2
30,2001,336,4700,8,14.4,1.1,7.1,15.8
30,2001,337,9000,4.7,13.4,1,3.1,0.1
30,2001,338,8700,0.7,11.9,0.8,2.9,0
30,2001,339,2500,7.2,10.2,1,6.6,3.4
30,2001,340,7700,9.9,15.3,1.3,3.3,0.1
30,2001,341,9800,6.8,16.9,1.1,2.7,0
30,2001,342,7500,1.9,12.8,1,1.4,0
30,2001,343,9200,6.9,13.6,0.9,3.7,1.3
30,2001,344,10700,2.4,15,0.7,4.4,0
30,2001,345,9000,5,13.1,0.7,3.6,0
30,2001,346,8600,-0.5,12.8,0.8,1.2,0
30,2001,347,5600,0.7,11.9,0.9,3.2,12.4
30,2001,348,10200,5.5,11.6,0.8,6.5,6.2
30,2001,349,8600,2.3,12,0.6,2.9,0
30,2001,350,3600,2.2,10.7,0.8,2.2,0.4
30,2001,351,6700,7.2,9.3,1.1,3.2,6
30,2001,352,6200,6.9,11.6,1.1,2.4,0
30,2001,353,4900,6.1,10.9,1,2.9,2.9
30,2001,354,3400,7,10.2,1,4.5,12.1
30,2001,355,5700,5.8,11.2,1,1.8,0.1
30,2001,356,4400,7,10.3,1.1,4.1,5.6
30,2001,357,6600,3.8,13.1,1,3,1.3
30,2001,358,7500,2.5,10.7,0.9,1.7,0
30,2001,359,3300,3.9,10.7,1,1.7,0.7
30,2001,360,4200,8.4,11.6,1.2,2.4,0.1
30,2001,361,3000,7.9,10.5,1.1,1.9,1
30,2001,362,1300,7.4,11.3,1.2,2.1,23.9
30,2001,363,4400,9.8,12.6,1.4,2,14.7
30,2001,364,1900,11.2,13.8,1.5,2.4,12.2
30,2001,365,4400,10.2,13.9,1.4,2.4,0.1
