*---------------------------------------------------------*
* Weather file for rice yield gap assessment using Oryza(v3)
*      Project: Global Yield Gap Atlas (www.yieldgap.org)
*      Country: USA
*  Station_num: 32
* Station_name: Colusa
*         Year: 2000
*       Source: http://www.cimis.water.ca.gov
*       Author: M. Espe
*         Date: 11-16-2015
*    Longitude: -122.02
*     Latitude: 39.23
*    Elevation: 55
*
*  Columns:
*  1. station number
*  2. year
*  3. day
*  4. average insolation incident on a horizontal surface (kJ m-2 d-1)
*  5. minimum temperature (degrees Celsius)
*  6. maximum temperature (degrees Celsius)
*  7. vapour pressure (kPa)
*  8. mean wind speed (m s-1)
*  9. precipitation (mm d-1)
*---------------------------------------------------------*
-122.02,39.23,55,0,0
32,2000,1,5300,-1.9,12.3,0.8,1.3,0
32,2000,2,6000,-4.6,12.5,0.7,1.8,0.1
32,2000,3,9000,-2.2,15.5,0.7,1.9,0
32,2000,4,4600,2.6,12.7,0.9,1.7,1.7
32,2000,5,10700,1.2,15.5,0.7,3.9,0
32,2000,6,5900,-2.5,11.5,0.7,1.5,0
32,2000,7,9200,-2.2,17.4,0.7,1.1,0
32,2000,8,7400,0.2,12.1,0.9,1.4,0
32,2000,9,5000,-0.8,8.7,0.9,1,0
32,2000,10,3700,2.6,17.8,1.2,4.1,0
32,2000,11,2900,4,15.1,1.2,4.7,9.9
32,2000,12,6300,-0.7,11,0.8,1.5,0
32,2000,13,3600,7,15.2,1.1,3.5,0.1
32,2000,14,2800,8.5,15.1,1.2,3.3,0
32,2000,15,6200,10.1,13.2,1.3,2.1,11.8
32,2000,16,6300,3.2,14.8,1,3.1,4.7
32,2000,17,8300,2.8,12.2,1,1.4,0
32,2000,18,7200,8.4,13.4,1.3,1.3,15.7
32,2000,19,2000,11,15.9,1.5,2.3,5.5
32,2000,20,8900,5.8,15.2,1.2,1.9,0
32,2000,21,5300,7,14.3,1.2,2.6,2.9
32,2000,22,9100,3.5,12.3,1.1,1.5,1.4
32,2000,23,1900,8.9,11.5,1.3,2.5,27.8
32,2000,24,3600,10,12.2,1.3,1.5,14.5
32,2000,25,6300,9.1,14.4,1.4,1.1,0
32,2000,26,11000,6,15.5,1.1,1.8,0.2
32,2000,27,12900,2.4,15.8,0.9,1.7,0
32,2000,28,11700,3.1,14.2,0.7,1.9,0
32,2000,29,12200,0.8,15.6,0.8,1.2,0
32,2000,30,4300,7.7,14.7,1.1,3.8,11.9
32,2000,31,2700,7.8,11.5,1.1,2.2,3.8
32,2000,32,4800,5.8,14.2,1.2,1.8,0
32,2000,33,13000,3.9,17.3,1.2,1.2,0
32,2000,34,3300,6.4,14.3,1.2,2,4.1
32,2000,35,3200,5.5,13.4,1.2,1.1,0
32,2000,36,4400,6.2,15.3,1.3,3,1.2
32,2000,37,11200,5.8,17.9,1.2,1.7,0
32,2000,38,11500,4.5,17.2,1.1,1.1,0
32,2000,39,7000,5,17.5,1.2,1,0
32,2000,40,5000,10.2,15.2,1.4,1.3,1.9
32,2000,41,9700,10.2,15.9,1.4,2.8,9.1
32,2000,42,2400,8.9,11.4,1.2,4.3,19.8
32,2000,43,6700,7.9,11.3,1.2,4.4,1.7
32,2000,44,3200,9.9,14.5,1.4,5.9,26.3
32,2000,45,3100,9.7,17.5,1.3,5.6,2.1
32,2000,46,9500,7.2,15.4,1.2,1.6,0
32,2000,47,5900,5.2,11.7,1.2,1.2,6.7
32,2000,48,10600,3.5,15.3,1.1,1,0.1
32,2000,49,16200,3.6,17.5,1,1.8,0.1
32,2000,50,14300,4.8,17.9,1,2,0.1
32,2000,51,3700,9.9,17.4,1.3,2.2,8.8
32,2000,52,13000,5,17.5,1.1,2,0.1
32,2000,53,2400,7.6,12.3,1.2,5.2,22.9
32,2000,54,9900,2.4,13.5,0.9,1.6,0.2
32,2000,55,7700,1.4,10,0.9,1.7,3.3
32,2000,56,9000,6.8,12.5,1.1,1.3,0.8
32,2000,57,4000,10.3,14.1,1.3,4.3,4.5
32,2000,58,5900,7.9,15.4,1.2,4.1,0
32,2000,59,9300,4.1,14.8,1.1,2.9,1.1
32,2000,60,11800,6.1,16.1,1.1,2.8,7.6
32,2000,61,11300,2.3,17.2,1,1.6,0
32,2000,62,10400,7,11.5,1.1,2.3,0.4
32,2000,63,19200,5.6,19.8,1.2,2.2,0
32,2000,64,3900,4.6,15.9,1.2,2.3,19.1
32,2000,65,7100,7.7,11.7,1.2,3,11.3
32,2000,66,11800,7.5,11.2,1.1,1.9,1.1
32,2000,67,4800,7.7,12,1.1,3.8,6.8
32,2000,68,4800,4.8,12,1,3.5,5.2
32,2000,69,10900,7.5,15.7,1.1,3.8,0.9
32,2000,70,4900,2.9,13.6,1.1,2.2,0
32,2000,71,17000,7.7,17,1.3,1.9,0
32,2000,72,20200,4.5,20.8,1.1,1.7,0
32,2000,73,17100,5.6,22.8,1.4,1.1,0.2
32,2000,74,18000,8.8,22.3,1.3,2.2,0
32,2000,75,21200,8.2,25,1,2.5,0
32,2000,76,20600,9.8,21.8,1.1,2.5,0
32,2000,77,21100,4.7,21.9,0.9,2.5,0
32,2000,78,20800,6.9,25.7,1.2,1.6,0
32,2000,79,19400,10,19.6,1,4.2,0
32,2000,80,21700,7.3,18.6,0.6,6.7,0.1
32,2000,81,23000,7.3,24.1,0.7,5.2,0
32,2000,82,16000,5.4,22.7,1.1,2.6,0.2
32,2000,83,18900,6.9,20.4,1.2,1.6,0
32,2000,84,20400,3.6,21.1,1.1,1.6,0
32,2000,85,20900,6.6,21,1.1,1.9,0
32,2000,86,23600,4.5,24.6,1.2,1.5,0
32,2000,87,16200,8.8,17.1,1.2,3,0
32,2000,88,23200,7.9,19.8,1,1.8,0
32,2000,89,24500,4.4,23.1,1,1.6,0
32,2000,90,25200,8.7,24,0.7,4.5,0
32,2000,91,24900,9.3,26.8,0.7,4.3,0
32,2000,92,24400,11.8,29.4,0.9,3.3,0
32,2000,93,24600,10.21,27.47,1.41,2.26,0.24
32,2000,94,21400,8.1,32,1.2,2.1,0
32,2000,95,19800,10.7,25.6,1.3,3.4,0
32,2000,96,24300,5.8,25.7,1.3,2.1,0
32,2000,97,24600,8.4,26,1.3,1.7,0
32,2000,98,23400,6.4,29,1.2,1.5,0
32,2000,99,16300,9.3,25,1.2,3.6,0
32,2000,100,21500,7.9,22.7,1.3,1.6,0
32,2000,101,24800,6.3,29.1,1.2,2.1,0
32,2000,102,18200,12,27.4,1.4,1.8,0
32,2000,103,8500,0,25.9,1.5,2.6,7.4
32,2000,104,13700,11.6,20.5,1.4,3.5,0.6
32,2000,105,14000,10.9,20.5,1.3,2,0.1
32,2000,106,9800,10.4,17.9,1.2,3.2,0
32,2000,107,5300,11,18,1.4,2.8,9
32,2000,108,16200,7.8,13,1.3,3,11.6
32,2000,109,20300,5.6,17.9,1.2,1.9,0.2
32,2000,110,19300,5.9,21,1.3,1.2,0
32,2000,111,26000,9.7,24.4,1.3,1.6,0
32,2000,112,23900,7.3,28,1.3,2.2,0
32,2000,113,19300,10.2,22.2,1.2,3,0
32,2000,114,28800,8.1,21.1,1.1,1.9,0
32,2000,115,26700,5.4,25.5,1,1.7,0
32,2000,116,18500,10.8,25.7,1.2,2,0
32,2000,117,28900,8.6,29.4,1.3,1.6,0
32,2000,118,12000,0,19.1,1.19,4.4,0
32,2000,119,25800,3.7,20.2,0.8,2.2,0
32,2000,120,28900,4.5,25.3,0.9,2.3,0
32,2000,121,29200,6.3,28.4,1.2,1.8,0
32,2000,122,18100,6.8,27.8,1.2,1.9,0
32,2000,123,20700,9.4,27.7,1.5,1.8,0
32,2000,124,26500,11.4,28.9,1.3,3.2,0
32,2000,125,19700,13.7,25.4,1.3,2.5,0
32,2000,126,26100,11.2,24.9,1.1,2.5,0
32,2000,127,11500,9.4,18.6,1.1,3.2,4.7
32,2000,128,8900,9.5,14.6,1.4,1.7,4.9
32,2000,129,21700,13.1,23.6,1.6,2,0.1
32,2000,130,15200,8.4,23.7,1.3,3.2,0
32,2000,131,23200,0,18.5,1.12,2,0
32,2000,132,29100,2.2,21.6,0.8,1.4,0
32,2000,133,21800,3.8,22.6,0.9,1.2,0
32,2000,134,20700,10.4,21.7,1.2,1.3,0
32,2000,135,12000,9.6,17.4,1.4,2.5,15.5
32,2000,136,14000,9,16.8,1.4,1.8,11
32,2000,137,19900,0,18.1,1.54,2.4,0
32,2000,138,31200,11.6,25.7,1.5,2.1,0
32,2000,139,31500,10.7,30.4,1.5,2.2,0
32,2000,140,30900,12.1,32.9,1.7,1.8,0
32,2000,141,29000,14,35.1,2,1.9,0
32,2000,142,31300,14.4,36.8,2,1.3,0
32,2000,143,31100,16.7,36.7,2.3,1.2,0
32,2000,144,28800,0,37.3,1.79,2.3,0
32,2000,145,31300,19.2,33.1,2.1,2.2,0
32,2000,146,30900,15.8,28.7,1.6,2.1,0
32,2000,147,29600,13.9,31.4,1.7,1.8,0
32,2000,148,27700,15.2,32.3,1.8,2.6,0
32,2000,149,24900,13.8,31.2,1.6,1.7,0
32,2000,150,32800,12.6,29.1,1.3,1.6,0
32,2000,151,33200,11.5,26.3,1,2.6,0
32,2000,152,33200,0,28.4,0.93,3.5,0
32,2000,153,32400,9,31.5,1.1,1.7,0
32,2000,154,31600,13.4,31.8,1.2,2.2,0
32,2000,155,29100,8.8,32.9,1.4,1.8,0
32,2000,156,26400,11.9,31.9,1.4,2.2,0
32,2000,157,25900,11.1,28,1.4,2.9,0
32,2000,158,31100,12.9,29.5,1.5,2.5,0
32,2000,159,10000,13.7,26.2,1.5,3.5,3.9
32,2000,160,18700,13,23,1.6,1.7,7
32,2000,161,23900,12.4,24.5,1.5,2.7,0
32,2000,162,29700,12.6,25.9,1.5,1.9,0
32,2000,163,26000,11.7,28.1,1.6,1.5,0
32,2000,164,23100,15.7,32.5,1.9,1.9,0
32,2000,165,32600,18.5,36.1,1.7,5,0
32,2000,166,33100,22.2,40.9,2,3.2,0
32,2000,167,32400,18.4,38.9,2,2.5,0
32,2000,168,29500,18.94,35.1,1.3,4.5,0
32,2000,169,26800,19.1,36.9,1.4,3.1,0
32,2000,170,24400,15.5,28.2,1.8,3.1,0
32,2000,171,32300,12.4,35.1,1.8,1.7,0
32,2000,172,32200,16.1,37.6,1.7,1.8,0
32,2000,173,27600,16.1,37.6,2,1.6,0
32,2000,174,32500,16.52,34.1,1.37,2.9,0
32,2000,175,31500,12.5,31.9,1.8,2,0
32,2000,176,26400,13.2,34.5,1.8,2,0
32,2000,177,28200,15.4,35.2,2,2.1,0
32,2000,178,30100,17.7,36.9,2.2,2.1,0
32,2000,179,28900,17.7,36.5,2.2,2.1,0
32,2000,180,28200,19.3,37.6,2.2,2.3,0
32,2000,181,26400,16.9,33.8,2.1,3,0
32,2000,182,30200,14.4,30.3,1.8,3.2,0
32,2000,183,28600,13.1,28.9,1.7,2.9,0
32,2000,184,29100,13.5,28.2,1.5,2.8,0
32,2000,185,31300,12.2,26.7,1.6,2.2,0
32,2000,186,29000,12.1,29.6,1.6,2.4,0
32,2000,187,23300,14.4,27.5,1.6,3.1,0
32,2000,188,23400,13.4,27.5,1.6,2.5,0
32,2000,189,22700,13.3,28.3,1.4,2.3,0
32,2000,190,29600,10.94,30.3,1.68,1.5,0
32,2000,191,31000,12.4,33.2,1.6,1.6,0
32,2000,192,28700,13.8,32.3,1.7,2.4,0
32,2000,193,27800,14.4,33.6,1.9,2,0
32,2000,194,26000,14.7,32.5,1.9,2.8,0
32,2000,195,24300,14.6,30.8,1.7,2.7,0
32,2000,196,31100,12.3,33.6,1.5,1.9,0
32,2000,197,28500,13.6,32.6,1.7,2.3,0
32,2000,198,14700,15.1,28.4,1.7,2.9,0
32,2000,199,17400,13.5,28.1,1.7,2.5,0
32,2000,200,27500,10.8,32.8,1.6,1.6,0
32,2000,201,31600,14,35.3,1.6,1.7,0
32,2000,202,26600,14,36,1.9,2.3,0
32,2000,203,27400,15,32.2,1.9,3.1,0
32,2000,204,28500,14.9,33,1.9,2,0
32,2000,205,30300,13.8,35.9,1.8,1.5,0
32,2000,206,26900,14.9,37.5,1.8,1.5,0
32,2000,207,31100,17.8,36.4,2,2,0
32,2000,208,30100,16.6,32.4,1.7,3.1,0
32,2000,209,29700,11.3,33.6,1.6,1.8,0
32,2000,210,30100,13.3,36.1,1.8,1.5,0
32,2000,211,28600,15.3,37.9,1.9,1.8,0
32,2000,212,22600,17.2,38.5,2.1,1.3,0
32,2000,213,29900,17.3,41.5,2.1,1.2,0
32,2000,214,26600,18.7,38.2,2.5,1.5,0
32,2000,215,28700,19.8,38.8,2.3,2.4,0
32,2000,216,24200,20.4,35.8,1.7,3,0
32,2000,217,23500,18.2,34.9,1.7,2.5,0
32,2000,218,27400,16.4,37,1.9,2.2,0
32,2000,219,26100,15,36.8,1.9,2.3,0
32,2000,220,23700,15.6,30.6,1.8,3,0
32,2000,221,24000,11.6,30.9,1.8,2.3,0
32,2000,222,23900,14.7,32.3,1.6,2.4,0
32,2000,223,25100,10.94,29.7,1.61,2,0
32,2000,224,29200,12.5,35.8,1.7,1.4,0
32,2000,225,28700,14.8,36.3,1.6,2.1,0
32,2000,226,29100,11.7,35.4,1.6,1.5,0
32,2000,227,29300,14,36.8,1.5,1.9,0
32,2000,228,29100,12.9,36.4,1.7,1.4,0
32,2000,229,29100,13.7,38.3,1.5,1.5,0
32,2000,230,28500,13.6,35.8,1.7,1.8,0
32,2000,231,28300,13.2,32.6,1.5,2.1,0
32,2000,232,26600,15.1,30.8,1.6,2.9,0
32,2000,233,27300,10.6,32.3,1.5,1.3,0
32,2000,234,25600,12.3,33,1.6,1.5,0
32,2000,235,21800,12.5,34.3,1.6,1.7,0
32,2000,236,20400,14.8,31.9,1.7,2.7,0
32,2000,237,25600,10.4,33.8,1.6,1.4,0
32,2000,238,27100,13,36.8,1.5,1.7,0
32,2000,239,25600,14,34.4,1.5,1.8,0
32,2000,240,25600,11.3,35.1,1.4,1.5,0
32,2000,241,24000,14.1,34.9,1.6,2.1,0
32,2000,242,13700,15.9,20.3,1.6,2.3,0
32,2000,243,13100,15.1,21.7,1.7,2.1,0
32,2000,244,9400,15,27,1.7,2.6,0
32,2000,245,12000,14,19.3,1.6,3.1,4.6
32,2000,246,19200,11.3,23.6,1.5,2.2,0.7
32,2000,247,24000,10.2,25.4,1.4,1.8,0
32,2000,248,23900,8.3,25.5,1.3,1.7,0
32,2000,249,25200,9.5,27.1,1.2,2.7,0
32,2000,250,25300,13.5,31,1.2,3.5,0
32,2000,251,25100,0,34.4,1.37,1.2,0
32,2000,252,24900,10.2,32.4,1.4,1.8,0
32,2000,253,24600,10.8,31.3,1.5,1.4,0
32,2000,254,23900,10.2,32.7,1.5,1.2,0
32,2000,255,22800,10.7,34.5,1.5,1.3,0
32,2000,256,21200,10.1,34.3,1.6,1.3,0
32,2000,257,13900,17,34.2,1.7,1.6,0
32,2000,258,10200,19.1,31.6,1.9,3,0
32,2000,259,20100,15,30.4,1.7,2.3,0
32,2000,260,20400,12.3,31.3,1.8,1.4,0
32,2000,261,22800,12.1,36.8,1.6,2.2,0
32,2000,262,22100,18.3,39.5,1.5,1.9,0
32,2000,263,22000,15.6,40.2,1.8,2.1,0
32,2000,264,21000,17.2,38.4,1.7,1.8,0
32,2000,265,10200,15.7,27.9,1.7,3.5,0
32,2000,266,14500,12.4,24.3,1.6,2.6,0
32,2000,267,19500,8.4,27.1,1,1.9,0
32,2000,268,19600,5.2,29.6,1.1,1.1,0
32,2000,269,20300,8,33.1,1.2,1.4,0
32,2000,270,19900,8.8,33.4,1.3,1.3,0
32,2000,271,16500,10.4,32,1.4,2.3,0
32,2000,272,18200,0,26.6,1.61,1.5,0
32,2000,273,19100,0,35.3,1.45,3.1,0
32,2000,274,18600,11.5,35.6,1.6,1.6,0
32,2000,275,19300,12.5,35.2,1.6,1.4,0
32,2000,276,19400,11.4,29.8,1.6,1.6,0
32,2000,277,19100,9.9,30.4,1.4,1.3,0
32,2000,278,17600,9.2,29.8,1.5,1.2,0
32,2000,279,17200,0,30.9,0.95,1,0
32,2000,280,17400,9.7,34.7,1.4,1.5,0
32,2000,281,16500,12.8,27.6,1.5,2.4,0
32,2000,282,17700,8.5,29,1.5,1.8,0
32,2000,283,7000,12.2,23.3,1.4,3.7,0
32,2000,284,9200,8.6,17.7,1.4,1.6,1.9
32,2000,285,11500,8.5,15.6,1.4,1.4,4.1
32,2000,286,13700,8,20.2,1.4,1.1,0.1
32,2000,287,16700,5.7,23.1,1.3,0.9,0
32,2000,288,15200,6.7,25.7,1.3,1.1,0.1
32,2000,289,17100,7,25.3,1.3,0.9,0
32,2000,290,17000,7.3,27.2,1.3,1.1,0
32,2000,291,14600,0,28.3,1.05,1.2,0
32,2000,292,13100,7.9,28.6,1.3,1.2,0
32,2000,293,14800,6.2,28.9,1.2,1.2,0
32,2000,294,5900,10.1,25.2,1.4,2.4,0
32,2000,295,16300,9.4,21.2,0.8,7.1,0.1
32,2000,296,16700,11.6,22.1,0.6,7.2,0
32,2000,297,15700,7.6,25.6,0.7,2.7,0
32,2000,298,14300,3.5,25.1,0.9,1.5,0
32,2000,299,3700,12.4,15,1.4,2.8,8.3
32,2000,300,7100,7.1,13.5,1.4,1.9,17.1
32,2000,301,14000,5.2,20.1,1.2,1.6,0.1
32,2000,302,4100,10.7,14.3,1.4,4.5,9.2
32,2000,303,6900,8.9,17.7,1.2,3.2,0
32,2000,304,10500,4.9,13.5,1.2,2.3,3.9
32,2000,305,14100,4.3,19.6,1.1,1.9,0.1
32,2000,306,7400,3.8,16.3,1.1,0.9,0
32,2000,307,11400,6,23.2,1.3,2.6,0
32,2000,308,14200,11.5,23,1.2,3.8,0
32,2000,309,12600,5,21.1,1.2,1.4,0
32,2000,310,10300,7.3,22.8,1.2,1,0
32,2000,311,13900,4.8,18.6,0.9,4.3,0
32,2000,312,13400,6.9,20.5,0.8,3.7,0
32,2000,313,10000,2.8,20.3,1.1,2.1,0
32,2000,314,8200,-0.2,15.5,0.7,1.5,0
32,2000,315,11800,1.5,12.1,0.9,1.1,0
32,2000,316,12500,-0.8,13.6,0.7,1.6,0
32,2000,317,12700,-2.9,15,0.6,0.9,0.1
32,2000,318,2000,-2.6,5.8,0.8,1,2.9
32,2000,319,7600,-0.9,8.6,0.8,1.1,0
32,2000,320,5200,4.8,10.2,0.9,0.8,0
32,2000,321,11200,-0.2,14.9,0.7,2.2,0
32,2000,322,12200,-2.9,16.4,0.6,1.4,0
32,2000,323,11000,-2.9,14.2,0.7,1.1,0
32,2000,324,8700,-0.2,16.1,0.8,1.3,0
32,2000,325,9700,-2.3,16.2,0.7,0.9,0.1
32,2000,326,5400,0.5,8.6,1,1.1,8.2
32,2000,327,11000,2.1,13.7,1,1.3,0
32,2000,328,4800,5.4,8.8,1.1,1.2,0.3
32,2000,329,9900,2.1,17,1.1,1.5,0
32,2000,330,9000,2.3,9.8,1,1.6,0
32,2000,331,7800,2.6,14.2,1.1,1.8,0
32,2000,332,4800,7.5,10.6,1.1,1.3,0
32,2000,333,9300,7.9,11.7,1.2,2.3,0
32,2000,334,6000,8.1,17.4,1.2,3.7,4.3
32,2000,335,10200,3.3,15.9,1,1.8,0
32,2000,336,9500,1.9,15.2,0.9,1.3,0.1
32,2000,337,10400,-0.2,16.9,0.9,1.5,0.1
32,2000,338,9800,4,16.3,1.1,1.3,0
32,2000,339,8700,2.5,13.8,1,1.1,0
32,2000,340,10900,3.6,12.6,1,1.4,0.3
32,2000,341,7800,4.4,7,1,1.5,0.2
32,2000,342,5400,6.3,11.7,1.1,0.8,0
32,2000,343,9500,3.1,18.5,1.1,0.9,0
32,2000,344,2900,3.5,13.2,1.1,0.9,0
32,2000,345,7300,3.2,13.2,1.1,0.8,0
32,2000,346,2300,2.8,10.9,1.1,1.7,5.2
32,2000,347,8900,4.8,12.9,1,1.4,0.1
32,2000,348,3300,7.7,11,1.2,4.6,2.1
32,2000,349,2400,7.7,11.4,1.3,3.7,0.2
32,2000,350,9800,7.6,14.1,1.2,1.7,0
32,2000,351,9400,5.8,19,1.1,2.8,0
32,2000,352,10200,6.2,14.8,0.7,5.2,0
32,2000,353,10000,-1.9,15.7,0.7,1.3,0
32,2000,354,8800,-0.3,15.9,0.8,1.1,0
32,2000,355,7500,1.6,16.9,0.8,1.1,0
32,2000,356,4400,0.9,15.5,1.1,3,0
32,2000,357,4900,4.5,16.1,1.1,2,0.1
32,2000,358,3100,0.1,11.7,0.9,1.1,0.3
32,2000,359,8200,0.7,15.1,0.7,3.8,0
32,2000,360,6700,1.1,16.8,0.6,4.6,0
32,2000,361,9000,-2.5,13.9,0.8,1.2,0
32,2000,362,7800,-0.6,13.8,0.7,1.1,0
32,2000,363,10200,-3.4,17.9,0.7,1.2,0.1
32,2000,364,8200,-2.2,15.5,0.7,0.9,0.1
32,2000,365,10400,-2.4,15.4,0.7,1,0.1
32,2000,366,10000,-2.9,16.3,0.7,1,0
