*---------------------------------------------------------*
* Weather file for rice yield gap assessment using Oryza(v3)
*      Project: Global Yield Gap Atlas (www.yieldgap.org)
*      Country: USA
*  Station_num: 30
* Station_name: Nicolaus
*         Year: 2003
*       Source: http://www.cimis.water.ca.gov
*       Author: M. Espe
*         Date: 11-16-2015
*    Longitude: -121.54
*     Latitude: 38.87
*    Elevation: 32
*
*  Columns:
*  1. station number
*  2. year
*  3. day
*  4. average insolation incident on a horizontal surface (kJ m-2 d-1)
*  5. minimum temperature (degrees Celsius)
*  6. maximum temperature (degrees Celsius)
*  7. vapour pressure (kPa)
*  8. mean wind speed (m s-1)
*  9. precipitation (mm d-1)
*---------------------------------------------------------*
-121.54,38.87,32,0,0
30,2003,1,7500,1.9,12.5,0.9,1.3,0
30,2003,2,4700,4.2,12,1,1.6,0
30,2003,3,8700,2.9,15,1,1.2,0
30,2003,4,7200,5.1,14.5,1.2,1.3,0
30,2003,5,10200,3.7,18,1.1,2.4,0.2
30,2003,6,11300,2.9,14.1,1,2,0
30,2003,7,10500,1.1,13.5,1,1.9,0.2
30,2003,8,7800,4.9,6.9,1,1.6,0.1
30,2003,9,2400,4.4,8.8,1.1,1.2,15.5
30,2003,10,4200,8.4,13.9,1.3,3.4,6.4
30,2003,11,3700,8.8,12.9,1.3,1.2,0
30,2003,12,2600,8,14.4,1.4,1.7,10.8
30,2003,13,3900,8.9,17.4,1.5,1.6,0.1
30,2003,14,6000,8.6,14.3,1.4,2.3,0.2
30,2003,15,11100,3.6,15.4,1.1,1.6,0
30,2003,16,11400,0.7,17.1,1,0.9,0.2
30,2003,17,11500,1.8,8.9,1,1.4,0.3
30,2003,18,10700,6,7.5,1,1.1,0.2
30,2003,19,8700,5.9,7.3,1,1.2,0.2
30,2003,20,7100,5,7.3,0.9,1.3,0.1
30,2003,21,3900,6.6,11.3,1.1,1.6,5.4
30,2003,22,2500,8.6,13.5,1.3,2,6.4
30,2003,23,3500,11.4,14.5,1.5,1.9,4.1
30,2003,24,6000,10.9,14.7,1.4,1.3,0
30,2003,25,10300,11,17.3,1.5,2.1,0
30,2003,26,6100,10.9,14.6,1.5,1.3,0
30,2003,27,7700,8.8,16.6,1.5,1.7,0.6
30,2003,28,12000,6.8,16.3,1.3,1.5,0.3
30,2003,29,10900,4.3,12.3,1.2,1.2,0.2
30,2003,30,9100,8.3,12.9,1.3,1.3,0.2
30,2003,31,9300,9.3,11.7,1.3,1.6,0.1
30,2003,32,11600,6.1,15.8,1.2,2.9,0.1
30,2003,33,14300,1.4,15.8,0.8,3.6,0
30,2003,34,14700,0.2,16.7,0.9,1.2,0
30,2003,35,14900,-0.9,15.9,0.7,3.3,0.1
30,2003,36,15200,2.7,15.5,0.6,2.9,0
30,2003,37,15300,-1.6,15.2,0.7,2.1,0
30,2003,38,15200,-0.7,13.8,0.6,3.4,0
30,2003,39,15800,-3.9,14.7,0.6,1.4,0
30,2003,40,15400,-3.2,14.9,0.6,1.4,0
30,2003,41,14500,-1.3,16.4,0.8,1.8,0
30,2003,42,8100,1.5,15,0.9,1.5,0
30,2003,43,3400,2.4,10.4,1,1.7,6.7
30,2003,44,5900,9.2,16.1,1.4,1.4,3
30,2003,45,7800,8.6,16.2,1.3,1.5,0
30,2003,46,5000,8.8,15.9,1.3,2.8,10.6
30,2003,47,11000,5.1,15.4,1.1,2.6,5.6
30,2003,48,12400,3,14.8,1,1.5,0
30,2003,49,16600,0.6,15.7,0.9,1.3,0.1
30,2003,50,13000,3.8,14.1,1,2,2.2
30,2003,51,16100,2.5,18.7,1,2.7,0
30,2003,52,17400,1.1,17.6,1,1.5,0
30,2003,53,17900,1.1,18.1,1,1.9,0.1
30,2003,54,13400,0.9,18.3,1,1.6,0
30,2003,55,5800,8.5,13.8,1.3,1.8,0.6
30,2003,56,16300,2.4,16.3,1,2,0.1
30,2003,57,9100,0.9,15.6,0.9,2.8,0
30,2003,58,15900,2,15.3,0.9,1.4,0
30,2003,59,15200,0.1,15.3,0.8,1.7,0
30,2003,60,18100,1.8,17.3,0.9,2.4,0
30,2003,61,19400,-0.2,17.2,0.9,2.1,0
30,2003,62,11500,4.5,14.4,1,2.4,0
30,2003,63,18600,1.1,16,0.9,1.6,0
30,2003,64,19800,0,17.7,0.9,1.5,0
30,2003,65,20000,3.5,19.3,1,2,0
30,2003,66,20100,3.5,18.9,1,2.2,0
30,2003,67,20700,2.6,18.9,1,1.7,0
30,2003,68,17400,5.2,20,1.1,2.3,0
30,2003,69,15600,6.5,21.3,1.3,1.1,0
30,2003,70,17400,5.7,22.3,1.4,1.3,0.1
30,2003,71,16300,9.1,20.9,1.5,2.5,0
30,2003,72,8400,11,18.7,1.3,3.3,1.8
30,2003,73,7800,11.6,20.5,1.5,4.6,19.2
30,2003,74,17400,7.1,17.8,1.3,4,21.9
30,2003,75,16100,5.1,14,1.1,2.1,9.8
30,2003,76,21900,2.6,16.8,0.9,2.8,0.1
30,2003,77,22400,3.4,18.1,0.8,3.6,0
30,2003,78,17500,1.1,18,1.1,2.5,8.5
30,2003,79,20800,5.9,18,1.2,1.7,1.7
30,2003,80,21900,3.7,21.8,1.2,1.5,0
30,2003,81,11900,9.7,16.9,1.4,3.4,6.1
30,2003,82,17000,8.2,18.1,1.4,1.5,6.8
30,2003,83,23600,4.4,20.8,1.1,1.4,0.1
30,2003,84,17500,5.1,21.4,1.4,2,1
30,2003,85,20300,7.8,21.1,1.3,3.8,0
30,2003,86,22500,5.5,18.9,0.8,4.5,0
30,2003,87,24600,7.3,21.3,0.8,4.4,0
30,2003,88,23900,2.2,24.5,1.1,1.3,0
30,2003,89,22800,5.6,25,1.3,1.3,0
30,2003,90,18000,10.8,24.3,1.3,2.6,0
30,2003,91,17400,6.5,16.4,1.2,4.4,0.9
30,2003,92,16700,3.7,14.6,0.9,3.6,0.2
30,2003,93,17300,0.6,14.7,0.8,3,0
30,2003,94,20200,2.1,16.2,0.9,3.2,13.1
30,2003,95,23400,-0.2,16.1,0.9,1.6,0
30,2003,96,18200,4.9,18.2,1.1,2,0
30,2003,97,24300,3.3,22.5,1.1,1.3,0
30,2003,98,26000,4.3,24.9,1.3,1.3,0
30,2003,99,22000,6.7,24.4,1.3,1.5,0
30,2003,100,15100,8.6,20.3,1.3,3.2,0
30,2003,101,21300,4,19.7,1.1,2.2,0
30,2003,102,3700,9.3,13.1,1.2,3.9,19.6
30,2003,103,14000,5,16.2,1.1,2.7,12.4
30,2003,104,20400,0.8,16.9,0.9,1.3,0
30,2003,105,16400,2.5,16,1,2.3,0
30,2003,106,9600,8.8,18.2,1.2,1.3,0
30,2003,107,22100,8,18.8,1.3,1.3,11.1
30,2003,108,26600,5.6,19.3,1,1.9,0
30,2003,109,27800,2.9,22.2,0.9,1.7,0
30,2003,110,18900,6.4,19.7,1.2,2.6,0
30,2003,111,16700,5.5,16.2,1.1,3.6,0
30,2003,112,22200,2.7,18.9,1,1.5,0
30,2003,113,11900,8.1,16.8,1.2,3.4,0.9
30,2003,114,19200,4.5,15.3,1.1,3.5,10.3
30,2003,115,11800,4.2,14.4,1,3.7,8.4
30,2003,116,21500,3.4,17.3,1,1.5,0
30,2003,117,21100,4.2,19.5,1,2.5,4.8
30,2003,118,12300,7.4,16.2,1.1,4,9.9
30,2003,119,16600,6,15.4,1.1,2.5,2.1
30,2003,120,23700,4.3,19.3,1.1,1.4,0.1
30,2003,121,19700,5.2,21.2,1.2,1.2,0
30,2003,122,6800,11.7,17.1,1.4,2,13.1
30,2003,123,17800,11.7,18.2,1.5,2.5,6.2
30,2003,124,21700,8.2,19,1.2,2.7,0
30,2003,125,27000,5.1,21.2,1.2,1.4,0
30,2003,126,18100,8.3,19.8,1.2,2.8,0.1
30,2003,127,22000,9.7,20.2,1.3,2.7,2.9
30,2003,128,22900,5.2,18,1,2.4,3
30,2003,129,26200,2.4,18.3,1,1.3,0.1
30,2003,130,26500,4.2,22.3,1.2,1.5,0
30,2003,131,28100,5.1,23.6,1.1,1.8,0
30,2003,132,29400,6.6,27.2,1.2,1.1,0
30,2003,133,27700,8.6,31.2,1.4,1.3,0
30,2003,134,25700,10.9,28.5,1.5,2.6,0
30,2003,135,28900,10.4,23.6,1.3,3.2,0
30,2003,136,28000,6.9,27.3,1.3,1.6,0
30,2003,137,31600,8.1,25.1,0.9,2.7,0
30,2003,138,32300,7.4,24.4,0.8,3.3,0
30,2003,139,31800,6.6,28.2,0.9,2,0
30,2003,140,31900,8.5,32.2,1.2,1.4,0
30,2003,141,31100,11.9,34.6,1.5,1.3,0
30,2003,142,30700,13.4,37,1.8,1.5,0
30,2003,143,29300,14.2,35.3,1.9,2.1,0
30,2003,144,24400,12.7,27.5,1.5,4.5,0
30,2003,145,20200,12.6,26.5,1.6,3.5,0
30,2003,146,30700,11.5,27.9,1.4,2,0
30,2003,147,32000,13,36.7,1.6,1.4,0
30,2003,148,28000,14.9,36,1.9,1.4,0
30,2003,149,19300,14.1,31.6,1.8,3.7,0
30,2003,150,23900,13.2,25.4,1.5,2.5,0
30,2003,151,31200,13.5,32.6,1.8,1.4,0
30,2003,152,32300,14,37.1,1.6,1.6,0
30,2003,153,32300,15.7,35.6,1.8,1.5,0
30,2003,154,28700,16.8,36.5,1.9,2.3,0
30,2003,155,26000,13.8,32.4,1.7,3.2,0
30,2003,156,26000,13.6,30.1,1.7,3.1,0
30,2003,157,22400,13.4,28.2,1.7,3.6,0
30,2003,158,23100,13.7,28.7,1.8,3.3,0
30,2003,159,25700,13.4,29.4,1.8,3.1,0
30,2003,160,23400,12.3,27.4,1.6,3.9,0
30,2003,161,19500,12.6,23.7,1.5,3.9,0
30,2003,162,20600,11.4,24.8,1.5,3.9,0
30,2003,163,24300,12.1,24.5,1.5,3.6,0
30,2003,164,29100,11.8,28.2,1.5,2.8,0
30,2003,165,31500,12.1,29.3,1.5,2.2,0
30,2003,166,31200,13.1,34.7,1.6,1.7,0
30,2003,167,31400,14.8,35.2,1.8,1.7,0
30,2003,168,28300,16.7,32.6,1.8,2.8,0
30,2003,169,27500,14.5,28.9,1.6,3.8,0
30,2003,170,30400,12.6,27.8,1.6,3.5,0
30,2003,171,31400,11.42,28.2,1.5,3.9,0
30,2003,172,30600,12.4,27.6,1.4,2.6,0
30,2003,173,30100,13.7,29.4,1.4,2.1,0
30,2003,174,29100,12.5,29.3,1.2,2.1,0
30,2003,175,31500,14.8,31.2,1.3,3.7,0
30,2003,176,31100,12.1,35.9,1.4,1.7,0
30,2003,177,31500,15.7,37.1,1.7,1.5,0
30,2003,178,31600,17.4,38.6,1.8,1.6,0
30,2003,179,29400,18.7,37.3,1.5,2.3,0
30,2003,180,28600,15,33.7,1.5,3.2,0
30,2003,181,29100,14.1,31.5,1.5,3.6,0
30,2003,182,31000,12.9,30.7,1.5,3.4,0
30,2003,183,30200,11.4,31.3,1.1,2.8,0
30,2003,184,30200,12.4,32.2,1.2,2.1,0
30,2003,185,31500,12.4,36.1,1.5,1.8,0
30,2003,186,30400,15,34,1.6,2.1,0
30,2003,187,29700,13.7,30.2,1.6,3.1,0
30,2003,188,30200,13.3,27.3,1.5,4.4,0
30,2003,189,32800,11.9,33.1,1.5,1.8,0
30,2003,190,31500,14.5,36.7,1.6,1.7,0
30,2003,191,31500,15.5,36.6,1.8,2,0
30,2003,192,31300,14.3,37.6,1.8,2.1,0
30,2003,193,30800,16.5,34.2,1.7,3.2,0
30,2003,194,31600,16.1,37.4,1.7,2,0
30,2003,195,31200,14.6,36.8,1.9,1.5,0
30,2003,196,30300,17.4,34,1.9,2.7,0
30,2003,197,30800,15.5,35.9,1.8,1.8,0
30,2003,198,30200,16.1,39.3,1.9,1.7,0
30,2003,199,29400,19,38.6,1.9,1.8,0
30,2003,200,27900,18.2,35.2,2,2.4,0
30,2003,201,27400,20.4,38.4,2.1,2,0
30,2003,202,27100,21.9,37.2,2.1,2.5,0
30,2003,203,28600,19,37.4,2,2,0
30,2003,204,19400,19.8,29.7,1.9,2.5,0
30,2003,205,25300,21.4,38.1,2.1,1.9,0
30,2003,206,23200,18.4,33.9,1.8,3.2,0
30,2003,207,27900,17.4,39.3,1.7,2,0
30,2003,208,27100,16.5,39.3,2.1,2,0
30,2003,209,27900,17.3,39.2,2,1.9,0
30,2003,210,26000,17.7,37.1,2.1,2.6,0
30,2003,211,14300,20.1,31.6,1.7,3.5,0
30,2003,212,18800,19.1,31.4,1.8,2.8,0
30,2003,213,23700,18.7,32.2,2.2,1.9,0
30,2003,214,22100,17.5,27.5,1.9,3,0
30,2003,215,26600,15.7,31.6,2,2.1,0
30,2003,216,29000,15.8,28.9,1.7,3.7,0
30,2003,217,21500,14.8,27,1.7,2.8,0
30,2003,218,29600,15.3,27.3,1.7,3.4,0
30,2003,219,29700,14,27.8,1.5,3,0
30,2003,220,29700,13.8,30.3,1.7,2.1,0
30,2003,221,29800,14.2,31,1.5,2.5,0
30,2003,222,29700,14.2,31.5,1.6,2.6,0
30,2003,223,29600,13.4,32.8,1.5,1.8,0
30,2003,224,29700,13.2,32.7,1.5,1.7,0
30,2003,225,29600,12.1,33.7,1.4,1.7,0
30,2003,226,26400,14.5,30.7,1.5,2.7,0
30,2003,227,28500,13.3,32.7,1.5,1.8,0
30,2003,228,27700,12.1,35.4,1.4,1.6,0
30,2003,229,25500,13.6,35.6,1.6,1.7,0
30,2003,230,24700,13.9,34.3,1.8,2,0
30,2003,231,20900,14.4,30.5,1.8,2.7,0
30,2003,232,24600,14.6,36.6,1.8,1.5,0
30,2003,233,18100,17.7,28.4,2,2.9,1.5
30,2003,234,18000,15.8,25.1,1.9,2.5,5.3
30,2003,235,26500,13.2,31,1.9,1.4,0
30,2003,236,27100,14.9,37,1.9,1.3,0
30,2003,237,26600,15.1,37.3,1.9,1.4,0
30,2003,238,24700,18.8,34.5,1.8,2.1,0
30,2003,239,22600,14,31.1,1.7,2.5,0
30,2003,240,21900,13.6,28.2,1.7,3,0
30,2003,241,23300,11.1,32.3,1.6,1.4,0
30,2003,242,22500,13.3,33,1.7,1.6,0
30,2003,243,21400,14.9,35.2,1.9,1.4,0
30,2003,244,24400,15.1,38.7,1.8,1.3,0
30,2003,245,23000,15.4,36,2,1.5,0
30,2003,246,18800,18.1,33.7,2.1,1.7,0
30,2003,247,21700,16.9,31.3,1.9,2.6,0
30,2003,248,23900,14.6,29.9,1.6,2.5,0
30,2003,249,22400,13.1,25.9,1.5,2.9,0
30,2003,250,18100,11.9,26.2,1.7,2,0
30,2003,251,24400,11.9,27.4,1.6,1.6,0
30,2003,252,13100,14.7,25.7,1.6,3,0
30,2003,253,23100,14,29.7,1.5,2.6,0
30,2003,254,24300,12.5,33.3,1.5,1.2,0
30,2003,255,24100,13.9,33.8,1.6,1.6,0
30,2003,256,23900,13.7,32.5,1.3,2.3,0
30,2003,257,21300,11.9,35.2,1.4,1.5,0
30,2003,258,19100,14.7,28.3,1.6,3.7,0
30,2003,259,21600,11.7,28.3,1.4,2.4,0
30,2003,260,23300,10.6,26.6,1.1,2.9,0
30,2003,261,23300,8.4,31,1.1,1.1,0
30,2003,262,22000,9,32.1,1.3,1.2,0
30,2003,263,22200,9.9,35,1.5,1.4,0
30,2003,264,18500,12.5,38.3,1.5,1.1,0
30,2003,265,21600,12.5,37.6,1.6,1.2,0
30,2003,266,18900,12.8,34,1.6,1.5,0
30,2003,267,17100,11.3,29.2,1.6,2.9,0
30,2003,268,16100,11.8,27.3,1.6,2,0
30,2003,269,16100,10.9,28.4,1.7,1.5,0
30,2003,270,16300,11.4,31.2,1.7,1.3,0
30,2003,271,17600,11.5,28.7,1.7,2.5,0
30,2003,272,18800,12.8,27.6,1.6,2,0
30,2003,273,16800,9.6,30.8,1.5,1.4,0
30,2003,274,17600,12.1,27.1,1.5,2.3,0
30,2003,275,12500,9.1,26.4,1.5,1.8,0
30,2003,276,17100,9.9,26.7,1.5,2.1,0
30,2003,277,15400,12,26.2,1.6,2.1,0
30,2003,278,19200,10.1,29,1.5,1.4,0
30,2003,279,18100,10.9,31.8,1.5,1.5,0
30,2003,280,18100,10.4,29.8,1.5,1.5,0
30,2003,281,18800,11.5,28.1,1.5,2.2,0
30,2003,282,18800,12.5,24.8,1.4,2.5,0
30,2003,283,18400,6.3,24.3,0.8,3.8,0
30,2003,284,18600,3.6,28.1,0.9,1.3,0
30,2003,285,18100,5.9,27.3,0.9,2.3,0
30,2003,286,18300,2.9,29.1,0.7,1.4,0
30,2003,287,17500,5.4,29.2,0.9,1.3,0
30,2003,288,15000,4.3,26,1,1.7,0
30,2003,289,16300,6.9,28.7,1.1,1.3,0
30,2003,290,15200,0,30,1.1,1,0
30,2003,291,14600,7.6,28.5,1.2,1.5,0
30,2003,292,13800,8.7,27.1,1.3,1.4,0
30,2003,293,15600,8,31,1.3,1.5,0
30,2003,294,15400,8,33.4,1.3,1.1,0
30,2003,295,13500,8.1,27.6,1.4,2.1,0
30,2003,296,16100,7,28.8,1,3.2,0
30,2003,297,16000,4.7,27.9,1,1.3,0
30,2003,298,15300,5.2,32.6,1,1.3,0
30,2003,299,15400,7.9,34.8,1,0.9,0
30,2003,300,15300,8.1,31.7,1.1,0.8,0
30,2003,301,15000,7.2,29.7,1.1,1.2,0
30,2003,302,13500,7.3,26.8,1.1,2,0
30,2003,303,13800,2.4,18,0.7,1.9,0
30,2003,304,8500,2.2,12.7,0.9,1.8,0
30,2003,305,14800,-0.2,16.2,0.8,1.4,0.2
30,2003,306,8900,2.2,15,0.8,2.9,3.1
30,2003,307,11600,1.2,13.8,1,2.2,1.9
30,2003,308,12900,-1.9,16,0.8,0.9,0.1
30,2003,309,6000,3.1,16.3,0.9,1.2,0
30,2003,310,6100,1.3,15.7,1,1.1,1.5
30,2003,311,4700,7.8,18,1.3,1.1,3.8
30,2003,312,3300,7.7,19.7,1.3,3.5,27.8
30,2003,313,8000,7.7,18,1.4,2.9,3.8
30,2003,314,13600,5.4,18.3,1.1,2.1,0.1
30,2003,315,13500,3,19.5,1,1,0.1
30,2003,316,13400,4.2,21.8,1,1.3,0.1
30,2003,317,6100,5.3,18.6,1.2,1.1,0
30,2003,318,3500,8.9,15.5,1.3,2.5,2.6
30,2003,319,6200,5.4,13.3,1.2,2.8,5.8
30,2003,320,7300,2.6,14.9,1.1,2,0
30,2003,321,11500,5,16.3,1.3,2.1,0
30,2003,322,12300,3.2,15.9,1.1,0.9,0.3
30,2003,323,9200,4.1,18.4,1.2,0.9,0.1
30,2003,324,9800,6,16,1.3,1.3,0
30,2003,325,12200,1.6,14.1,0.7,1.6,0
30,2003,326,12200,-0.4,12.6,0.5,3.4,0
30,2003,327,12000,-4,13.7,0.6,1.1,0
30,2003,328,10100,-1.9,14.5,0.7,1,0
30,2003,329,11200,-2,14,0.7,1,0
30,2003,330,11400,-0.4,14.7,0.8,1.4,0
30,2003,331,8500,-1.8,13.5,0.8,1,0
30,2003,332,3000,5,12.3,1.1,1.5,1.3
30,2003,333,3000,6.8,12.5,1.2,2,0
30,2003,334,2300,8.1,14.1,1.2,1.6,1.5
30,2003,335,2200,9.4,14.2,1.3,1.8,13.8
30,2003,336,4400,8.4,16,1.4,1.3,0.5
30,2003,337,10200,7.7,17.4,1.4,1.9,0.2
30,2003,338,2200,8.2,11.2,1.3,1.8,1.3
30,2003,339,3600,10.5,15.5,1.4,2.4,1.9
30,2003,340,2700,12.5,15.8,1.5,4.5,7.4
30,2003,341,9100,3.8,16.9,1.1,2.7,0
30,2003,342,11000,0.5,14.4,0.8,2,0.1
30,2003,343,2400,2.5,10.4,1,2.1,1.9
30,2003,344,6300,9.4,15,1.2,5.3,10.6
30,2003,345,10400,3.2,13.2,1,1.7,0.3
30,2003,346,2600,4.8,10,1,2.8,2.8
30,2003,347,4800,8.6,14.7,1.2,5,0.2
30,2003,348,10400,1.6,15.1,1,2.5,13
30,2003,349,9700,-0.2,13,0.8,1.4,0
30,2003,350,7100,-0.8,11.6,0.8,1.5,0
30,2003,351,8200,0.1,13.4,0.8,1.1,0.1
30,2003,352,9600,-0.1,15.8,0.8,1,0
30,2003,353,2500,1.5,12,1,1.7,6.9
30,2003,354,2800,7.9,11.4,1.2,1.9,8.9
30,2003,355,8600,4.5,15.3,1.2,1.9,0.1
30,2003,356,5600,3.2,11.5,1.1,1.6,0.3
30,2003,357,1800,7.8,12.9,1.2,3.4,6.2
30,2003,358,2200,9.5,12.5,1.3,5.6,9.7
30,2003,359,8200,1.5,12.1,1,1.8,0
30,2003,360,9300,-2.1,11,0.7,1.3,0
30,2003,361,10700,-2.8,11.1,0.6,1,0
30,2003,362,5700,-2.4,7.2,0.7,1.8,0.1
30,2003,363,1600,6.1,9.5,0.9,9.6,11.9
30,2003,364,7200,5.8,12.2,1.1,2.4,0.1
30,2003,365,4400,6.3,12.1,1.1,2.4,0.2
