*---------------------------------------------------------*
* Weather file for rice yield gap assessment using Oryza(v3)
*      Project: Global Yield Gap Atlas (www.yieldgap.org)
*      Country: USA
*  Station_num: 30
* Station_name: Nicolaus
*         Year: 2002
*       Source: http://www.cimis.water.ca.gov
*       Author: M. Espe
*         Date: 11-16-2015
*    Longitude: -121.54
*     Latitude: 38.87
*    Elevation: 32
*
*  Columns:
*  1. station number
*  2. year
*  3. day
*  4. average insolation incident on a horizontal surface (kJ m-2 d-1)
*  5. minimum temperature (degrees Celsius)
*  6. maximum temperature (degrees Celsius)
*  7. vapour pressure (kPa)
*  8. mean wind speed (m s-1)
*  9. precipitation (mm d-1)
*---------------------------------------------------------*
-121.54,38.87,32,0,0
30,2002,1,1500,10.1,14.1,1.4,1.7,6.7
30,2002,2,2900,11.8,14.4,1.5,4.7,16.9
30,2002,3,10400,6.3,14.2,1.2,1.8,0
30,2002,4,7400,2.6,10.5,1,1.9,0.1
30,2002,5,2000,7,10.5,1.2,1.5,8.5
30,2002,6,3400,7.3,13.5,1.3,1.2,3.7
30,2002,7,5100,7.7,12.3,1.2,1.4,0.1
30,2002,8,3900,8.5,13.7,1.2,1.8,0
30,2002,9,8000,5.7,13.1,1.2,1.4,0.1
30,2002,10,10300,3.8,12.6,1.1,1.3,0.1
30,2002,11,9700,2.8,8.7,1,1.4,0.3
30,2002,12,10700,6.7,8.6,1.1,1.7,0
30,2002,13,9600,1.7,11,1,2,0
30,2002,14,11100,0.1,11.2,0.8,1.3,0
30,2002,15,11900,-1.9,12.6,0.6,3.8,0.1
30,2002,16,12200,-3.8,13.8,0.6,2.1,0
30,2002,17,11400,1.4,12.7,0.8,2.9,0
30,2002,18,12200,-3.1,12.9,0.7,1.9,0
30,2002,19,11900,-2.2,10.3,0.7,2.1,0
30,2002,20,11300,-2.4,12.3,0.6,1.7,0
30,2002,21,4800,2.6,11.3,0.9,3.9,0
30,2002,22,10900,-2.9,9.7,0.6,1.8,0
30,2002,23,12900,-4.1,13.2,0.6,2.6,0
30,2002,24,11800,-1.9,12.3,0.7,1.5,0
30,2002,25,7600,-0.9,11,0.8,1.5,0
30,2002,26,5800,4.2,9.8,1,3.6,11.3
30,2002,27,12300,0.3,10.9,0.6,1.7,0
30,2002,28,7100,-0.4,5.4,0.7,1.8,3.7
30,2002,29,13500,-2.1,9.5,0.6,2.8,0
30,2002,30,14000,-3.7,10.9,0.5,1.8,0
30,2002,31,12600,-3.7,10,0.6,1.2,0
30,2002,32,11400,-0.2,11.4,0.8,2.1,0
30,2002,33,13200,-2.1,12.8,0.8,1.5,0.1
30,2002,34,14500,-2.5,14.3,0.8,1.9,0
30,2002,35,15200,-3.3,15.4,0.8,1.2,0.1
30,2002,36,13000,-1.5,14.6,0.8,1.4,0.1
30,2002,37,10000,-1.4,14.4,0.9,2.4,0.1
30,2002,38,4000,5.3,15.7,1.2,4,4.4
30,2002,39,14800,1.5,14.4,0.8,4.2,0.1
30,2002,40,15500,-0.6,17.6,0.7,1.8,0
30,2002,41,14800,0.1,18.4,0.9,1.3,0
30,2002,42,14500,0.6,18.3,0.9,1.3,0
30,2002,43,14800,0.7,19.1,1,1.4,0
30,2002,44,5600,7.9,12.9,1.2,1.6,1.1
30,2002,45,14700,4.6,16.7,1.2,1.7,0
30,2002,46,8600,4.3,14.7,1.1,2.4,0
30,2002,47,5900,5.5,15.5,1,1.9,5.1
30,2002,48,12900,5.4,12.5,1,1.8,0.1
30,2002,49,9800,3.9,14.2,1,2.2,0
30,2002,50,4500,8.7,12.3,1.2,4.6,6.6
30,2002,51,10200,8.7,19.7,1.4,3.2,0.8
30,2002,52,14600,6.7,21.7,1.4,1.1,0.1
30,2002,53,13200,5,20.4,1.3,2,0.3
30,2002,54,11200,4.2,16.1,1.1,2.7,0
30,2002,55,18300,1.2,19,1,1.8,0
30,2002,56,18900,1.7,21,1,1.5,0
30,2002,57,16600,2.1,21.5,1.1,1.3,0
30,2002,58,17800,3.2,22.8,1,1.3,0
30,2002,59,19200,2.1,21.2,0.8,2.6,0
30,2002,60,19900,3.8,17.1,0.5,5.7,0
30,2002,61,20300,1.3,20.4,0.6,2.1,0
30,2002,62,19900,-0.2,19.1,0.8,1.3,0
30,2002,63,19200,-0.4,21.6,0.8,1.3,0
30,2002,64,9700,4.4,15.6,1.1,2.8,8.9
30,2002,65,8000,9.9,15.1,1.4,3.8,14.7
30,2002,66,13900,0.4,15.8,1,4,1.8
30,2002,67,20800,-2.5,12.9,0.6,1.6,0
30,2002,68,11800,-0.6,13.5,0.9,2,1.6
30,2002,69,13000,6.5,15.7,1.2,2.6,12.5
30,2002,70,13700,2.9,18.1,1.2,1.2,0
30,2002,71,9800,4.8,15.4,1.2,2.8,0
30,2002,72,19800,0.1,14.8,0.7,1.6,0
30,2002,73,22000,-0.1,14.7,0.6,3.1,0
30,2002,74,17500,-2.1,14,0.7,1.8,0
30,2002,75,18000,2.4,13.2,0.8,1.9,0.4
30,2002,76,12700,-0.3,11.3,0.8,2.8,0.9
30,2002,77,21700,0.8,15.9,0.6,3.4,0
30,2002,78,20800,-1.2,19,0.8,1.3,0
30,2002,79,17500,1.7,20.3,1,1.2,0
30,2002,80,17300,3.5,21.7,1.2,1.4,0
30,2002,81,5400,7.7,13.5,1.2,2.7,11.5
30,2002,82,13700,8,15.8,1.2,3.3,13.5
30,2002,83,20400,4.7,16.3,1,1.5,0.2
30,2002,84,14900,3.5,16.1,1,1.5,0
30,2002,85,23500,1.7,22.8,1,1.2,0.1
30,2002,86,24300,1.6,22.8,1.1,1.8,0
30,2002,87,23900,4.7,25.6,1,4.3,0
30,2002,88,23500,5.1,27.4,1.3,1.7,0
30,2002,89,24200,4.1,28.9,1.3,1.1,0.1
30,2002,90,24400,3.7,28.7,1.3,1.1,0
30,2002,91,21900,5.2,29.9,1.4,1.1,0
30,2002,92,18900,7.2,27.2,1.5,2.1,0
30,2002,93,13200,9.5,21.4,1.4,3.3,0
30,2002,94,9500,8.6,15.7,1.3,3,0
30,2002,95,11200,7.1,18.7,1.2,1.7,0
30,2002,96,21200,4.4,23.8,1.2,1.8,0
30,2002,97,22000,7.7,22.9,1.4,1.9,0
30,2002,98,15700,8.5,22.4,1.4,3.2,0
30,2002,99,8100,9.5,15.9,1.4,3.1,0.3
30,2002,100,22100,8.5,23.7,1.4,1.6,0
30,2002,101,16300,10.1,24.4,1.5,2,0
30,2002,102,23600,6.6,26.6,1.2,1.7,0
30,2002,103,25100,7.3,30,1.5,1.4,0
30,2002,104,25500,7.6,27.8,1.5,3.6,0
30,2002,105,26100,4.8,16.6,0.9,2.6,1.4
30,2002,106,11600,4.8,13.9,0.9,3.5,2.1
30,2002,107,22000,3.8,15.7,0.9,2.5,1.3
30,2002,108,25200,0.5,17.9,0.8,2.3,0.1
30,2002,109,28400,2.8,22,0.7,3.6,0
30,2002,110,26400,1.1,23.3,0.8,2,0
30,2002,111,28000,2,25.3,0.9,1.4,0
30,2002,112,28400,3.1,28.3,0.9,1.4,0
30,2002,113,27000,4.8,30.1,1.1,1.8,0
30,2002,114,25400,9.7,23,1.2,3.5,0
30,2002,115,24300,7,26,1.2,2.5,0
30,2002,116,20800,9.8,16.8,1.2,3.9,0
30,2002,117,21900,5.6,17.8,0.9,3.8,0
30,2002,118,20300,6.4,17.9,0.8,1.7,0
30,2002,119,16900,4,17.1,1,2,0
30,2002,120,11700,2.5,19.2,0.9,2.4,0
30,2002,121,22200,4.1,21.1,1,1.5,0
30,2002,122,23900,6.4,23.7,1.2,3.2,0
30,2002,123,22400,9.6,23.2,1.3,2.4,0
30,2002,124,26600,3.5,28.5,1.2,1.1,0
30,2002,125,30300,6.6,30,1.1,1.4,0
30,2002,126,30400,9.1,27.9,1.1,2.4,0
30,2002,127,30000,8.6,24,0.8,2.1,0
30,2002,128,31000,7.1,27.1,0.6,1.9,0
30,2002,129,31000,7.3,25.3,0.9,3,0
30,2002,130,27600,6.8,22.5,0.9,2,0
30,2002,131,31500,9.4,28.4,0.9,2.7,0
30,2002,132,26900,9.1,30,1,1.6,0
30,2002,133,30200,10.7,28.5,1,2.8,0
30,2002,134,31100,6.6,29.8,1.1,1.6,0
30,2002,135,29100,9.9,30.3,1.2,1.4,0
30,2002,136,30700,9.3,32.3,1.1,1.7,0
30,2002,137,29300,11.3,30.7,1.2,2.5,0
30,2002,138,30200,9.9,25.3,0.9,4.4,0
30,2002,139,8400,9.7,16.8,1.2,2.4,11.9
30,2002,140,13600,8.9,13.8,1.2,2.9,22.7
30,2002,141,20100,8.1,18.9,1.2,1.5,0.1
30,2002,142,29700,7.6,22.8,1.1,1.3,0
30,2002,143,32100,8.9,28.3,1.1,1.7,0
30,2002,144,31200,8.9,31,1.3,1,0
30,2002,145,27800,12.3,31.2,1.5,1.9,0
30,2002,146,26500,11.5,28.3,1.5,2.9,0
30,2002,147,22200,13.1,28.1,1.4,3.1,0
30,2002,148,24600,13.2,29.3,1.7,1.7,0
30,2002,149,30900,14.6,34,2,1.5,0
30,2002,150,30100,18.7,36.1,2.2,1.4,0
30,2002,151,29100,16.2,35,1.6,2.7,0
30,2002,152,29100,12.5,28,1.4,4.6,0
30,2002,153,30700,10.5,28.4,1.4,1.6,0
30,2002,154,28000,11.3,32.7,1.5,1.8,0
30,2002,155,31500,13,36,1.5,1,0
30,2002,156,32300,17.7,39,1.7,0.7,0
30,2002,157,32100,18.7,37.3,1.3,1.3,0
30,2002,158,31300,14.6,34.3,1.3,1.4,0
30,2002,159,32800,15.3,27.2,0.5,4.3,0
30,2002,160,33400,13.9,27.9,0.7,5,0
30,2002,161,33200,17.4,32.8,0.9,1.2,0
30,2002,162,30600,11.6,35.3,1.1,0.8,0
30,2002,163,26400,12.8,33.2,1.5,2.9,0
30,2002,164,26400,12.2,29.5,1.4,3.9,0
30,2002,165,32300,10.6,30,1.4,2.9,0
30,2002,166,32600,11.3,32.6,1.3,2.4,0
30,2002,167,33300,10.9,32.7,1.2,3.2,0
30,2002,168,30900,12.6,32.6,1.4,2,0
30,2002,169,29600,16.5,32.2,1.8,1.8,0
30,2002,170,32500,13.5,35,1.4,2.2,0
30,2002,171,27500,14.2,32.9,1.5,3.1,0
30,2002,172,28700,11.6,26.3,1.3,4.3,0
30,2002,173,26400,11.6,29,1.5,2.6,0
30,2002,174,29700,13,31.2,1.6,2.6,0
30,2002,175,31700,12.1,33.7,1.6,1.6,0
30,2002,176,29400,13.8,36.5,1.7,2.1,0
30,2002,177,23900,14.6,31.7,1.6,3.5,0
30,2002,178,28800,12.7,32.8,1.7,2.9,0
30,2002,179,29000,14.8,31.6,1.7,3.4,0
30,2002,180,30600,15.4,34,1.8,1.8,0
30,2002,181,32100,16.1,36.5,1.9,1.4,0
30,2002,182,31900,15.3,38.7,1.8,1.3,0
30,2002,183,25500,16.2,32.5,1.6,3.8,0
30,2002,184,29300,13.3,31.6,1.6,3.3,0
30,2002,185,30900,13.3,32.2,1.4,2.3,0
30,2002,186,29500,13.5,32.6,1.6,2.2,0
30,2002,187,30000,14.4,33.8,1.6,2.5,0
30,2002,188,29700,15.2,33.2,1.6,3.5,0
30,2002,189,31000,13.1,33.9,1.6,2.3,0
30,2002,190,30800,16.2,39.5,1.7,0.9,0
30,2002,191,30400,16.4,42.4,1.9,1.3,0
30,2002,192,26500,22,37.4,1.6,3,0
30,2002,193,23900,21.3,37.7,1.5,2.3,0
30,2002,194,27400,18.3,37.8,1.6,2.6,0
30,2002,195,30400,16.1,34.1,1.7,3.3,0
30,2002,196,26400,13.4,30.7,1.5,3.3,0
30,2002,197,26500,11.9,31.3,1.4,2.8,0
30,2002,198,27400,12.6,32.8,1.5,2.2,0
30,2002,199,28300,13.7,32.4,1.7,2.2,0
30,2002,200,30400,13.9,35.4,1.7,1.6,0
30,2002,201,27800,15.9,36.7,1.7,2.1,0
30,2002,202,21800,14.7,31.2,1.5,3.7,0
30,2002,203,26000,14.1,30.3,1.6,3.5,0
30,2002,204,29600,14.3,29,1.5,3.2,0
30,2002,205,30700,13.9,32.1,1.4,2.4,0
30,2002,206,26600,12,32.9,1.4,2,0
30,2002,207,28200,12.1,34.3,1.6,1.9,0
30,2002,208,25900,15.3,34.8,1.8,2.4,0
30,2002,209,24200,15.7,32.1,1.7,3.5,0
30,2002,210,24700,14.3,31,1.8,2.9,0
30,2002,211,23700,14.4,32.3,1.8,2.2,0
30,2002,212,23900,15,31.9,1.7,2.9,0
30,2002,213,24100,14.3,32.1,1.8,2.8,0
30,2002,214,25000,15.1,30.8,1.8,3.4,0
30,2002,215,17000,13.4,25.9,1.6,5,0
30,2002,216,24400,11.2,25.9,1.6,2.3,0
30,2002,217,30000,13.5,29.2,1.5,1.8,0
30,2002,218,29600,10.3,28.4,1.3,1.4,0
30,2002,219,29600,11.4,31,1.4,0.8,0
30,2002,220,29700,12.3,35.1,1.5,0.4,0
30,2002,221,28700,13.9,37.3,1.6,0.8,0
30,2002,222,27400,17.3,36.8,1.6,1.7,0
30,2002,223,26900,14.2,36.7,1.6,1.6,0
30,2002,224,26200,13.2,36.1,1.6,1.6,0
30,2002,225,24900,16.3,34.4,1.9,2.1,0
30,2002,226,23900,14.2,34.1,1.8,2,0
30,2002,227,22900,15,32.2,1.9,2.1,0
30,2002,228,22700,14.4,32.4,1.9,2.4,0
30,2002,229,23100,13.6,29.4,1.7,2.6,0
30,2002,230,23100,11.9,31.3,1.7,2.3,0
30,2002,231,20000,12.3,24.8,1.5,4,0
30,2002,232,27500,11,29.9,1.5,1.7,0
30,2002,233,25000,11.7,29.9,1.5,1.9,0
30,2002,234,21300,11.3,26.1,1.5,3.1,0
30,2002,235,20800,10.5,26.7,1.5,2.4,0
30,2002,236,22200,9.9,28.9,1.5,1.9,0
30,2002,237,24800,10.8,30.8,1.5,1.6,0
30,2002,238,25400,12.7,32.8,1.6,1.6,0
30,2002,239,26500,13,34.4,1.6,1.6,0
30,2002,240,23100,13.2,35.1,1.7,2.1,0
30,2002,241,19500,14,29.1,1.7,3.3,0
30,2002,242,21700,12.3,31.5,1.6,1.8,0
30,2002,243,23000,12.4,35.1,1.6,1.1,0
30,2002,244,26000,13.4,37.4,1.7,0.9,0
30,2002,245,26100,14.9,37.3,1.6,1.3,0
30,2002,246,23300,15.3,32.1,1.3,3.6,0
30,2002,247,25300,13.4,29.7,1.1,4.1,0
30,2002,248,25200,11.6,27.1,1.1,2.7,0
30,2002,249,22200,11.6,25,1.2,3.5,0
30,2002,250,22400,8.2,26.9,1.1,1.3,0
30,2002,251,25300,7.1,30.2,1.2,1.1,0
30,2002,252,25300,9.4,32.4,1.3,0.9,0
30,2002,253,24800,13.69,35.1,1.3,0.4,0
30,2002,254,22600,11.4,36.4,1.3,1,0
30,2002,255,20800,11.7,33.1,1.4,1.9,0
30,2002,256,20900,9.8,31.4,1.4,1.7,0
30,2002,257,19900,10.8,33.3,1.4,1.6,0
30,2002,258,17600,14.4,27.1,1.5,3.7,0
30,2002,259,21700,10.2,28,1.5,1.8,0
30,2002,260,21300,12.6,30,1.5,1.5,0
30,2002,261,22200,13,32.6,1.2,4,0
30,2002,262,21900,10.6,35,1.3,1.1,0
30,2002,263,21700,13.1,34.8,1.4,1.3,0
30,2002,264,20000,12.3,34.5,1.4,1.3,0
30,2002,265,21000,12.2,35.8,1.5,1.1,0
30,2002,266,20800,12.9,36.5,1.4,1.2,0
30,2002,267,19900,12.4,33.4,1.3,1.4,0
30,2002,268,19600,11.5,34,1.4,1.5,0
30,2002,269,16600,11.87,28.9,1.4,4.4,0
30,2002,270,13300,11.6,21.8,1.4,3,0
30,2002,271,14600,9.7,22.3,1.4,2.2,0
30,2002,272,17400,11.1,24.3,1.4,3,0
30,2002,273,17300,9.2,23.8,1.3,1.6,0
30,2002,274,20100,7.9,22.9,0.7,4.9,0
30,2002,275,20400,6.4,24,0.6,4.1,0
30,2002,276,18500,3.4,25.6,0.8,1.6,0
30,2002,277,19100,7.4,28.7,1.1,2.1,0
30,2002,278,19000,9.2,30.1,1.2,1.6,0
30,2002,279,18700,9.1,32.6,1.2,1.3,0
30,2002,280,19000,10.1,33.4,1.2,1.4,0
30,2002,281,18900,10.3,34,1.2,1.2,0
30,2002,282,14400,10.2,30.2,1.2,2,0
30,2002,283,10000,11,21.8,1.4,4.3,0
30,2002,284,17900,6,26,1,2,0
30,2002,285,17100,5.3,28.8,0.9,1.3,0
30,2002,286,16800,6.1,28.6,0.9,1.4,0
30,2002,287,16800,7.2,31.7,0.9,1.1,0
30,2002,288,14300,5.7,25.5,1.1,2.5,0
30,2002,289,14700,8.4,22.2,1.2,2.5,0
30,2002,290,12800,6.6,21.8,1.2,2.4,0
30,2002,291,12100,6.9,21.5,1.2,1.6,0
30,2002,292,14800,5.8,24.3,1.2,1.2,0
30,2002,293,14400,6.1,25.8,1.2,1.2,0
30,2002,294,14800,6.7,24.6,1.1,1.3,0
30,2002,295,10500,6.7,23.5,1.2,2.8,0
30,2002,296,8000,6.5,17,1.2,2.7,0
30,2002,297,7700,4.4,15.1,1.1,1.6,0
30,2002,298,12800,6.7,19.9,1.1,1.6,0
30,2002,299,14500,5,21.5,1.1,1.9,0
30,2002,300,14400,3.7,24.8,1,1.3,0
30,2002,301,14300,5,25.4,0.9,1.3,0
30,2002,302,15300,2.8,24.5,0.8,1.1,0
30,2002,303,14700,2.3,19.6,0.7,1.4,0
30,2002,304,14900,-1.1,20.3,0.6,1.6,0
30,2002,305,13900,-1,19.1,0.5,1.5,0
30,2002,306,14400,-1.9,20.4,0.5,1.1,0
30,2002,307,12300,0.7,22.3,0.5,1,0
30,2002,308,14100,0.5,22.6,0.6,0.9,0
30,2002,309,13500,0.9,22.5,0.7,1.1,0
30,2002,310,7800,1.6,18.7,0.9,1.3,0
30,2002,311,3300,11.5,17.1,1.4,7.6,43.4
30,2002,312,4800,11.3,20,1.6,5.2,0.4
30,2002,313,5900,9.9,17,1.4,3.4,0.7
30,2002,314,6000,8.9,15.6,1.4,4.2,1
30,2002,315,11600,6.5,18.5,1.3,1.8,0
30,2002,316,8300,7.3,19.9,1.3,1.8,0.6
30,2002,317,9000,6.2,17.7,1.3,1.5,0
30,2002,318,12700,4.2,20.9,1.1,1.6,0.2
30,2002,319,11300,2.9,17.7,1.1,0.9,0.1
30,2002,320,9200,5.7,16.9,1.2,1.1,0.3
30,2002,321,12300,4.8,18.3,1.1,1.8,0.2
30,2002,322,10800,3.2,17.7,1.1,1,0
30,2002,323,12000,1,19.6,1,0.7,0.2
30,2002,324,11100,3.5,21.4,1.1,0.7,0
30,2002,325,8700,4.7,21.6,1.2,0.7,0.1
30,2002,326,5900,5,17.3,1.2,1.2,0.1
30,2002,327,8000,5.7,14.2,1.2,1.2,0.2
30,2002,328,8700,9.4,12.4,1.3,1.4,0
30,2002,329,11600,1.4,20.4,0.7,4.5,0
30,2002,330,11500,2.8,22.8,0.7,2.3,0
30,2002,331,10700,-1,18.7,0.8,1.2,0
30,2002,332,11100,-0.3,17.8,0.9,0.9,0.1
30,2002,333,10500,0.1,17,0.9,0.8,0.1
30,2002,334,8200,-1.2,15.2,0.9,0.7,0.2
30,2002,335,9400,1.2,16.7,0.9,1.1,0
30,2002,336,10800,0.7,18,0.9,0.8,0.1
30,2002,337,9000,0,17.1,1,0.8,0
30,2002,338,9700,1.4,17.6,1,1.2,0
30,2002,339,8500,1.4,15.4,1,1,0.1
30,2002,340,5900,1.5,16.1,1,1,0.1
30,2002,341,10200,2,17.4,0.9,1.4,0.1
30,2002,342,7600,0.3,14.2,0.9,1.1,0
30,2002,343,2000,2.7,12.7,1.1,1.6,1.9
30,2002,344,6300,5,14,1.3,2.7,2.3
30,2002,345,8300,2.4,13.3,1,1.2,0.3
30,2002,346,6500,4.4,11.1,1.1,2,0.1
30,2002,347,1600,9.6,13.4,1.3,7.8,21.9
30,2002,348,1100,10.6,16,1.3,8.2,23.3
30,2002,349,2600,8.2,13,1.2,6.6,15.6
30,2002,350,4500,9.4,15,1.2,6.9,25.8
30,2002,351,9000,3.4,14.2,1,2.7,0.2
30,2002,352,10100,2.1,11.9,0.8,2.1,0
30,2002,353,1000,3,10.4,0.9,4,13.9
30,2002,354,4500,7,10,1.1,6.6,10.1
30,2002,355,6800,4.1,13.1,1.1,3.6,4.9
30,2002,356,10500,2.5,12.5,0.8,4.2,0.1
30,2002,357,10600,0.1,13.7,0.7,2,0
30,2002,358,5300,2.4,10.2,0.8,1.1,0
30,2002,359,3800,0.1,7.4,0.8,1.4,0
30,2002,360,2000,5.3,11.2,1.1,2.1,5.8
30,2002,361,2600,10.5,14.3,1.2,3.9,0.4
30,2002,362,1800,7.6,15.2,1.2,5.9,14.7
30,2002,363,8800,5.8,12.5,1.1,3.5,3.1
30,2002,364,2100,7.1,10.4,1,4.4,3.2
30,2002,365,7800,3.4,13.8,1,4.6,10.7
