*---------------------------------------------------------*
* Weather file for rice yield gap assessment using Oryza(v3)
*      Project: Global Yield Gap Atlas (www.yieldgap.org)
*      Country: USA
*  Station_num: 166
* Station_name: Lodi West
*         Year: 2009
*       Source: http://www.cimis.water.ca.gov
*       Author: M. Espe
*         Date: 11-16-2015
*    Longitude: -121.39
*     Latitude: 38.13
*    Elevation: 25
*
*  Columns:
*  1. station number
*  2. year
*  3. day
*  4. average insolation incident on a horizontal surface (kJ m-2 d-1)
*  5. minimum temperature (degrees Celsius)
*  6. maximum temperature (degrees Celsius)
*  7. vapour pressure (kPa)
*  8. mean wind speed (m s-1)
*  9. precipitation (mm d-1)
*---------------------------------------------------------*
-121.39,38.13,25,0,0
166,2009,1,3900,0.75,11.54,0.94,1.24,0.39
166,2009,2,2400,1.88,10.99,1.2,2.13,3.7
166,2009,3,9600,-2.43,9.52,0.8,2.25,0.39
166,2009,4,9000,-2.02,10.71,0.64,0.71,0.39
166,2009,5,4300,0,7.8,1,1.9,0
166,2009,6,8100,2.4,10,0.9,1.3,0
166,2009,7,4900,-0.3,8.3,0.8,1.1,0.2
166,2009,8,4000,2.1,8.7,0.9,1.9,0
166,2009,9,10100,-0.9,13.2,0.8,1.2,0.3
166,2009,10,10300,-0.9,14.8,0.8,0.9,0
166,2009,11,9800,-1.8,16,0.8,0.8,0.2
166,2009,12,10100,-0.1,17.9,0.9,1.3,0
166,2009,13,10400,0.6,20.7,0.9,1,0
166,2009,14,10400,3.01,19.44,0.98,1.36,0.39
166,2009,15,10600,2.19,18.8,0.92,1.48,0.39
166,2009,16,10700,4.55,20.54,0.85,1.18,0.39
166,2009,17,10800,4.65,19.35,0.91,0.95,0.39
166,2009,18,10900,5.27,19.71,0.83,1.12,0.39
166,2009,19,11100,4.34,19.71,0.7,1,0.39
166,2009,20,11000,4.65,19.62,0.71,0.95,0.39
166,2009,21,5000,7.63,15.21,0.93,0.77,2.83
166,2009,22,3900,6.71,12.55,1.35,0.77,6.02
166,2009,23,4400,8.04,14.3,1.54,0.89,0.44
166,2009,24,7100,6.5,13.47,0.4,3,0
166,2009,25,8900,4.33,12.98,0.98,0.4,0
166,2009,26,11600,2.17,12.49,0.75,0.4,0
166,2009,27,11900,0,12,0.6,1.2,0
166,2009,28,11900,-0.3,15.7,0.8,1.8,0
166,2009,29,12500,-0.1,16.9,0.9,1.2,0
166,2009,30,12300,0.2,17.7,1,0.9,0
166,2009,31,12200,0.6,19.5,0.9,1,0.1
166,2009,32,12900,1,18,0.9,1,0
166,2009,33,12800,1.1,20.3,1,0.8,0.1
166,2009,34,12800,5.37,21.55,0.91,1.36,0.39
166,2009,35,9000,5.88,19.35,0.96,1.18,0.39
166,2009,36,7900,5.47,12.83,1.26,1.95,0.59
166,2009,37,7100,5.16,10.99,1.29,1.65,0.39
166,2009,38,10300,3.83,13.29,1.16,1.3,0.39
166,2009,39,7200,1.78,10.99,1.12,2.36,0.39
166,2009,40,13200,0,12.2,0.8,2,0
166,2009,41,11600,0.1,11.8,0.8,1.8,2.3
166,2009,42,7500,4.8,13.5,0.9,3.1,9
166,2009,43,7900,4.9,11.6,0.9,1.3,0.4
166,2009,44,10100,3.9,10.5,0.9,2.6,23.8
166,2009,45,9700,5,13.4,0.9,3.8,0
166,2009,46,4600,7.7,10.6,0.9,4.3,6.1
166,2009,47,6600,7.9,12.8,1,4.3,4.8
166,2009,48,5900,7.6,11.2,1,4.4,19.4
166,2009,49,13100,5.8,15.6,1,1.3,0
166,2009,50,15000,1.2,17.9,1,1,0.2
166,2009,51,14800,3.2,17.5,1,1.3,0
166,2009,52,10500,2.8,16.5,1.1,1.9,0.1
166,2009,53,3400,11.3,14.3,1.4,4.7,10.9
166,2009,54,6800,10.8,17.5,1.5,3.1,8.9
166,2009,55,15800,7.9,17.6,1.2,1.6,0
166,2009,56,12700,6.6,17.6,1.2,1.4,0
166,2009,57,15300,6.6,17.4,1.2,2.2,2
166,2009,58,16700,5.6,15.7,1,1.9,0
166,2009,59,10300,5.4,17,1.1,1.2,0
166,2009,60,3000,11.4,14.7,1.4,2.7,6.8
166,2009,61,6200,11.3,18.1,1.4,3.7,7.5
166,2009,62,7100,8.8,13.6,1.1,3.5,8.2
166,2009,63,13200,4.6,12.8,1,1.5,3.6
166,2009,64,16500,4.1,15.1,1,1.6,0
166,2009,65,16700,4.1,14.9,0.9,1.9,0
166,2009,66,18300,1.7,16.9,0.9,1.4,0.1
166,2009,67,17600,2.1,16.9,1,1.6,0
166,2009,68,19000,2.5,13.2,0.7,2.5,0
166,2009,69,19200,-0.4,15.3,0.7,1.5,0
166,2009,70,19200,-0.1,16.8,0.8,1.1,0
166,2009,71,19500,0.9,19.6,0.9,1.9,0
166,2009,72,19600,4.4,20.1,1.1,1.8,0
166,2009,73,17700,3.4,15,0.9,2.6,0
166,2009,74,10900,8.2,17.9,1.2,2.3,0
166,2009,75,13100,10.4,19.5,1.3,2.5,0
166,2009,76,18800,8,20,1.3,1.6,0
166,2009,77,19000,6.4,22.8,1.2,1.8,0.1
166,2009,78,20200,8.5,24.5,1.3,1.6,0
166,2009,79,20200,8.5,23,1.3,1.9,0
166,2009,80,9000,6.2,15.7,1.1,2.1,3.8
166,2009,81,18500,3.5,14.9,0.8,3.8,1.9
166,2009,82,21400,1.9,16,0.7,3.6,0
166,2009,83,21300,3.6,21.4,1,2.3,0
166,2009,84,19000,4.1,21.7,1.1,2,0
166,2009,85,20900,7.5,24,1.1,3.5,0
166,2009,86,21900,6.5,23.5,1.1,1.9,0
166,2009,87,22000,8.1,25.4,1.3,1.7,0
166,2009,88,22700,8.8,18.3,0.7,5.4,0
166,2009,89,23200,6.5,20.1,0.6,3.8,0
166,2009,90,21700,4,22.4,0.9,2,0
166,2009,91,22400,7.4,24.2,1,4.2,0
166,2009,92,22500,5.8,21.6,1,3.8,0
166,2009,93,23900,4.4,19.1,0.7,4.1,0
166,2009,94,24300,4.5,20.3,0.6,1.9,0
166,2009,95,24000,1.9,24.7,0.7,1.3,0
166,2009,96,23900,2.8,28.1,0.8,1.3,0
166,2009,97,5800,8.6,18.6,1.1,2.1,11.4
166,2009,98,15600,8.8,17.5,1.2,1.9,0.5
166,2009,99,9800,9.6,14.6,1.2,1.2,5.2
166,2009,100,18500,8.8,17.2,1.2,2,3.2
166,2009,101,23900,5.8,19,1.1,2.8,0
166,2009,102,23900,7.2,22.7,1.3,1.7,0
166,2009,103,23900,9.8,22.3,1.3,2.5,0
166,2009,104,23300,4.6,16.9,0.6,4.9,0
166,2009,105,25700,2.9,18.2,0.7,3.9,0
166,2009,106,25200,4.7,21.8,0.9,3,0
166,2009,107,24800,5.4,25.7,1.1,2.1,0
166,2009,108,25300,8.2,29.3,1.3,1.4,0
166,2009,109,25300,10.6,31.9,1.5,1.1,0
166,2009,110,26000,11.6,34.2,1.5,1.2,0
166,2009,111,24700,12.7,34.8,1.6,1.1,0
166,2009,112,25800,12,33.5,1.3,2.9,0
166,2009,113,19400,11.4,22,1,3.9,0
166,2009,114,25900,7,19.6,0.8,2.8,0.2
166,2009,115,26300,3.7,21.7,0.9,2.3,0
166,2009,116,26300,4.1,21.3,1,1.9,0
166,2009,117,26700,5.3,18.6,0.9,2.9,0
166,2009,118,24100,6.4,17.6,0.8,3.3,0
166,2009,119,26500,3.2,19.6,0.8,2.7,0
166,2009,120,21000,5,21.7,0.9,1.9,0.1
166,2009,121,8500,11.7,17.9,1.3,2.2,9.1
166,2009,122,9000,11.7,18,1.5,1.3,1.4
166,2009,123,15300,11.6,19.9,1.6,1.6,5.6
166,2009,124,14600,10.9,23.5,1.5,2.4,0
166,2009,125,21000,14.1,23.9,1.7,2.5,1.8
166,2009,126,23900,10.7,25.9,1.7,2.5,0
166,2009,127,27600,11.1,26.7,1.3,3.2,0
166,2009,128,28100,10.3,28.6,1.1,3.2,0
166,2009,129,27600,9.4,29.7,1.2,2.7,0
166,2009,130,27800,10.2,30.6,1.2,2.9,0
166,2009,131,28000,12.8,28.4,1.1,3.6,0
166,2009,132,28000,9.3,26.3,1,3.4,0
166,2009,133,25800,10.1,28,1,3.6,0
166,2009,134,27200,12.4,27.4,1.4,3.7,0
166,2009,135,27800,12.7,31.7,1.5,2.9,0
166,2009,136,28400,12.5,36,1.6,1,0
166,2009,137,28400,16.1,38,1.7,1.7,0
166,2009,138,26100,13.9,32.1,1.4,3.3,0
166,2009,139,28000,10.9,27.2,1.3,3.3,0
166,2009,140,29100,9.3,27.6,1,2.3,0
166,2009,141,28700,9.2,30.7,1.2,2.3,0
166,2009,142,28900,10,29.4,1.3,2.8,0
166,2009,143,28300,10,24.5,1.3,2.9,0
166,2009,144,29000,7.3,22.3,1.2,2.5,0
166,2009,145,28800,6.7,28.9,1.3,2.5,0
166,2009,146,28400,10.8,32.5,1.4,2.1,0
166,2009,147,28200,15,34.3,1.6,2.3,0
166,2009,148,28000,12.3,32.6,1.4,3,0
166,2009,149,28200,12.7,26.4,1.4,4.5,0
166,2009,150,27900,12.6,24,1.4,5.1,0
166,2009,151,28100,11.9,24.8,1.4,4.3,0
166,2009,152,24100,0,24.4,1.5,4.2,0
166,2009,153,23100,11.5,25.9,1.4,2.9,0
166,2009,154,22500,13.7,27.4,1.4,2.9,0
166,2009,155,25900,12.4,22.9,1.4,3.8,1.2
166,2009,156,22100,12.4,22.7,1.3,2.9,0
166,2009,157,28200,10.4,23.6,1.3,2.8,0
166,2009,158,28900,9.7,26.2,1.4,2.4,0
166,2009,159,29400,9.2,25.3,1.3,2.8,0
166,2009,160,28400,8.5,22.2,1.3,3.3,0
166,2009,161,25000,13.8,22.3,1.4,3.7,0
166,2009,162,28800,10.6,24.7,1.4,2.6,0
166,2009,163,22100,10.1,24.1,1.4,2.9,0
166,2009,164,27800,13.4,24.1,1.5,3.2,0
166,2009,165,29000,8.7,24.9,1.3,3,0
166,2009,166,26400,12.6,24.3,1.4,2.8,0
166,2009,167,25700,11.8,28.4,1.6,2.4,0
166,2009,168,28600,11.8,27.3,1.6,2,0
166,2009,169,29000,12.1,33.5,1.7,2.3,0
166,2009,170,23900,14.7,30.3,1.5,2.9,0
166,2009,171,23700,11.2,26.4,1.4,2.5,0
166,2009,172,29800,10.5,26.2,1.3,2.9,0
166,2009,173,30200,12.4,31.1,1.2,2.7,0
166,2009,174,29700,12.7,35,1.4,1.5,0
166,2009,175,29300,13.3,32.7,1.5,3,0
166,2009,176,29500,11.6,30,1.5,2.6,0
166,2009,177,30300,9.7,32.2,1.5,2,0
166,2009,178,29400,13.5,37.1,1.7,1.6,0
166,2009,179,29300,17.4,39.7,1.8,1.9,0
166,2009,180,29800,15.3,36.8,1.5,1.9,0
166,2009,181,27700,13.3,34,1.5,2,0
166,2009,182,29300,14,31.1,1.6,2.5,0
166,2009,183,29600,13.7,31.5,1.5,3.2,0
166,2009,184,29800,12.7,32.6,1.5,2.5,0
166,2009,185,29600,13.3,27.5,1.5,3.3,0
166,2009,186,30000,12,24.8,1.4,3.7,0
166,2009,187,30200,11.5,28.4,1.2,3,0
166,2009,188,30000,8.4,28.1,1.4,1.2,0
166,2009,189,29900,10.9,29.6,1.4,2.2,0
166,2009,190,29700,9.9,29.6,1.4,2.2,0
166,2009,191,28900,8.7,29.4,1.3,0.9,0
166,2009,192,26700,11.7,28.8,1.4,0.8,0
166,2009,193,29000,13.6,30.5,1.2,0.8,0
166,2009,194,30200,9.6,33,1.4,2,0
166,2009,195,29900,13.6,36.4,1.6,1.7,0
166,2009,196,29300,14.5,35.6,1.6,1.9,0
166,2009,197,29700,13,35.4,1.6,1.6,0
166,2009,198,28700,13.7,36.9,1.6,1.9,0
166,2009,199,28200,15.4,36.5,1.8,1.7,0
166,2009,200,27800,17,37.4,1.8,1.7,0
166,2009,201,28300,14.7,31.5,1.5,2.7,0
166,2009,202,28400,12.2,29.9,1.5,2.8,0
166,2009,203,28200,12,30.6,1.5,2.3,0
166,2009,204,28200,10.7,30.7,1.6,2.2,0
166,2009,205,28200,10.7,27.4,1.5,2.5,0
166,2009,206,28700,11.6,31.7,1.6,1.2,0
166,2009,207,28100,12.9,35.4,1.7,0.6,0
166,2009,208,27900,13.6,35.4,1.8,0.8,0
166,2009,209,27200,14.3,29.5,1.7,0.7,0
166,2009,210,27000,14.6,27.8,1.7,0.8,0
166,2009,211,27300,14.6,27.9,1.7,0.5,0
166,2009,212,27200,14,28.3,1.6,0.5,0
166,2009,213,27400,13.2,29.5,1.5,0.5,0
166,2009,214,27300,13.4,27.8,1.6,0.5,0
166,2009,215,27500,13.4,27.6,1.6,0.4,0
166,2009,216,27300,13.3,29.1,1.6,0.4,0
166,2009,217,27200,0,27.2,1.6,4.2,0
166,2009,218,23100,13.8,23.8,1.5,3.1,0
166,2009,219,26500,11.3,27.3,1.5,2,0
166,2009,220,26800,12,31.2,1.7,1.7,0
166,2009,221,26200,13.6,34,1.7,1.5,0
166,2009,222,26400,14.6,36.3,1.8,1.6,0
166,2009,223,26300,13.9,31.8,1.6,2.4,0
166,2009,224,26100,14.6,35.7,1.7,2.7,0
166,2009,225,26000,18.7,33.1,1.6,2.8,0
166,2009,226,26500,12.6,29.2,1.3,2.3,0
166,2009,227,26400,10.3,32.8,1.4,1.8,0
166,2009,228,26100,11.6,34.1,1.4,1.6,0
166,2009,229,25900,11.8,33.4,1.5,1.1,0
166,2009,230,25500,12.9,33,1.7,1,0
166,2009,231,25100,13.1,30.3,1.6,0.7,0
166,2009,232,24900,14.2,28.3,1.6,0.7,0
166,2009,233,24900,13.2,35.4,1.9,1.4,0
166,2009,234,24100,14.5,32.8,1.7,1.2,0
166,2009,235,23700,11.3,27.1,1.4,0.6,0
166,2009,236,25600,9.3,29.5,1.4,0.6,0
166,2009,237,25200,10,31,1.4,0.7,0
166,2009,238,25300,10.9,32.6,1.4,0.8,0
166,2009,239,24700,12.7,34.2,1.5,0.7,0
166,2009,240,23000,12,36,1.6,0.5,0
166,2009,241,23400,15.9,38.1,1.7,0.9,0
166,2009,242,24000,14.8,32.8,1.5,0.6,0
166,2009,243,23200,13.2,28.3,1.6,0.5,0
166,2009,244,23400,14.1,33.8,1.7,0.5,0
166,2009,245,20000,14.3,35.6,1.7,0.6,0
166,2009,246,23100,0,36.9,1.4,2.9,0
166,2009,247,23700,11.9,31.5,1.3,2.4,0
166,2009,248,22300,9.1,27.9,1.6,3.1,0
166,2009,249,23000,12,27.6,1.4,2.4,0
166,2009,250,23000,10.9,29,1.4,1.9,0
166,2009,251,22900,9.6,32.4,1.3,1.3,0
166,2009,252,22500,11.1,32.6,1.4,1.8,0
166,2009,253,21700,11.8,34.6,1.6,1.3,0
166,2009,254,21700,13.4,36.4,1.6,1.4,0
166,2009,255,12200,15.1,26.3,1.7,2.9,0.1
166,2009,256,19300,13.6,24,1.6,2.5,1.2
166,2009,257,20200,15,24.7,1.7,2.5,2.6
166,2009,258,21300,11.2,29.6,1.6,1.4,0
166,2009,259,21200,12,30.1,1.7,1.8,0
166,2009,260,20500,12.6,31.9,1.8,1.3,0
166,2009,261,20900,12.9,36.4,1.8,1,0
166,2009,262,20200,14.9,31.5,1.7,1.5,0
166,2009,263,20700,12.9,33.8,1.7,1.6,0
166,2009,264,20700,13.4,35.5,1.7,1.1,0
166,2009,265,20400,12.1,36.7,1.4,1.2,0
166,2009,266,20300,13.1,36,1.5,1.3,0
166,2009,267,20300,14.1,33.6,1.4,1.7,0
166,2009,268,20000,10.5,35.1,1.5,1.2,0
166,2009,269,19900,13.6,38,1.7,0.9,0
166,2009,270,19500,13.7,36.5,1.7,1.1,0
166,2009,271,18200,13,27.1,1.3,2.4,0
166,2009,272,14100,11.3,22.1,1.1,3.2,0
166,2009,273,19500,6.6,23.4,0.8,2.8,0
166,2009,274,19200,4.3,27.5,0.9,1.3,0
166,2009,275,18600,5.8,28.4,0.9,1.4,0
166,2009,276,18800,11.8,22.7,1,3.5,0
166,2009,277,18500,6.7,19.3,0.8,2.4,0
166,2009,278,18200,1.9,20.9,0.8,1.6,0
166,2009,279,18300,3.7,23.8,0.9,1.3,0
166,2009,280,17800,4.7,26.7,0.9,1.3,0
166,2009,281,17500,7.7,22.4,1.2,1.8,0
166,2009,282,17300,5.2,24.6,1.2,1.7,0
166,2009,283,17100,7.4,24.3,1.2,1.5,0
166,2009,284,16300,6.6,17.3,1.2,2.9,0
166,2009,285,9700,6,19.5,1.2,1.6,0
166,2009,286,3000,13.5,17.4,1.6,6.1,62.6
166,2009,287,12000,15.4,24.2,1.9,2.4,0
166,2009,288,14700,15.8,24.8,2,2,0.2
166,2009,289,15800,12.8,27.1,1.9,1,0.1
166,2009,290,14900,13.1,27.4,1.9,1,0.1
166,2009,291,7600,10.3,23.1,1.5,1.9,0
166,2009,292,8000,9.3,18.6,1.4,1.4,2
166,2009,293,15300,7,21.2,1.4,1.9,0.2
166,2009,294,14500,8.5,22.2,1.5,1,0
166,2009,295,14800,9,23.7,1.5,1.4,0.1
166,2009,296,14600,9.8,24.9,1.6,1.1,0
166,2009,297,14300,10.9,25.1,1.6,1.7,0.1
166,2009,298,14400,9.6,26.3,1.2,1.5,0
166,2009,299,13900,8.9,26.4,1.4,2.1,0
166,2009,300,14300,10.6,17.8,0.7,6.1,0
166,2009,301,14600,6.1,17.1,0.6,4.6,0
166,2009,302,13700,2.1,20.6,0.7,1.6,0
166,2009,303,13800,4.6,22.8,0.9,1,0
166,2009,304,13700,6.71,21.28,1.36,1.12,0.39
166,2009,305,13500,8.25,23.48,1.35,1.3,0.39
166,2009,306,13500,8.96,24.67,1.36,1.06,0.39
166,2009,307,13300,0,25.1,1.5,0.7,0
166,2009,308,12900,0,21.9,1.3,2.3,0
166,2009,309,11600,6.7,21.5,1.2,1.1,0
166,2009,310,8600,7.8,21.4,1.4,1.7,0
166,2009,311,12700,6.2,19.3,1,2.1,0
166,2009,312,12500,3.7,18.9,0.8,1.5,0
166,2009,313,8900,0.7,18.2,0.9,0.8,0
166,2009,314,9000,4.8,17.9,1.1,0.9,0
166,2009,315,7900,8,18.8,1.2,0.8,0
166,2009,316,11900,5.3,17.1,1,1.7,0.1
166,2009,317,10200,1.6,15.5,0.8,1.3,0.1
166,2009,318,11800,1.6,16.8,0.8,1.7,0
166,2009,319,11700,-1.8,18,0.7,0.8,0
166,2009,320,11800,-0.8,19.1,0.7,0.8,0
166,2009,321,11300,-1.1,18.3,1,1.5,0.5
166,2009,322,11500,2.19,15.49,0.93,2.66,0.39
166,2009,323,11300,1.37,16.04,0.94,0.95,0.39
166,2009,324,4600,3.01,13.1,1.21,2.78,0.66
166,2009,325,10400,1.47,13.56,1.01,1.6,0.39
166,2009,326,6300,3.52,14.11,1.16,1.36,0.39
166,2009,327,10500,0.24,16.68,0.93,2.42,0.39
166,2009,328,10400,0,18.9,1,0.7,0
166,2009,329,10700,-0.3,20.3,0.9,0.8,0.1
166,2009,330,9500,0.9,19.7,1,1,0
166,2009,331,5800,5.5,16.1,1.1,2.5,1.5
166,2009,332,10700,4.9,18.7,0.6,5.9,0.1
166,2009,333,10600,4.1,17.6,0.6,2,0
166,2009,334,10200,-0.6,17.3,0.9,0.9,0
166,2009,335,8600,-1,17.9,0.8,0.8,0
166,2009,336,10000,-1.6,15.1,0.8,1,0.1
166,2009,337,9700,0,14.7,0.8,0.9,0.2
166,2009,338,9000,-2.5,15.9,0.8,0.9,0.2
166,2009,339,7500,-0.2,12,0.7,1.8,0.1
166,2009,340,5400,-4.7,11.5,0.6,2.3,0.7
166,2009,341,7800,-0.8,7.1,0.7,1.9,8.9
166,2009,342,9500,-4.3,8.6,0.5,1.2,0
166,2009,343,9800,-4.9,7.3,0.5,1.1,0
166,2009,344,6200,-0.8,8.9,0.7,1.5,1.7
166,2009,345,2900,3.8,6.6,0.9,1.7,8.5
166,2009,346,2200,6,13.2,1.2,3.1,5.9
166,2009,347,4000,9,12.9,1.2,2.5,12.9
166,2009,348,7000,4.7,13.8,1.1,0.9,0.1
166,2009,349,4400,5.2,14.3,1.1,1.7,0
166,2009,350,5900,6.3,15.5,1.2,1.3,2.2
166,2009,351,7600,4.7,14.1,1.1,1.1,0.3
166,2009,352,6000,5.7,9.8,1,1,0.2
166,2009,353,5000,5.3,11.8,1,1.3,0
166,2009,354,5100,6.2,13.9,1.1,1.5,0.4
166,2009,355,5100,7.1,15,1.2,1.9,2.8
166,2009,356,9400,3.2,12.8,0.7,3.5,0
166,2009,357,9400,0.1,12.4,0.6,1.9,0
166,2009,358,9200,-1.9,12.5,0.7,0.9,0
166,2009,359,9300,-1.6,15.7,0.8,0.9,0
166,2009,360,4000,1,9.2,0.8,1.2,0
166,2009,361,6300,5.5,13.6,1.1,1.7,3.6
166,2009,362,4000,4.8,8,0.9,1,1.1
166,2009,363,4500,0.6,10.1,0.9,1.5,0.4
166,2009,364,5400,6.6,13.5,1.1,2.6,0.4
166,2009,365,5500,6.6,13.9,1.1,1.6,0
