*---------------------------------------------------------*
* Weather file for rice yield gap assessment using Oryza(v3)
*      Project: Global Yield Gap Atlas (www.yieldgap.org)
*      Country: USA
*  Station_num: 166
* Station_name: Lodi West
*         Year: 2003
*       Source: http://www.cimis.water.ca.gov
*       Author: M. Espe
*         Date: 11-16-2015
*    Longitude: -121.39
*     Latitude: 38.13
*    Elevation: 25
*
*  Columns:
*  1. station number
*  2. year
*  3. day
*  4. average insolation incident on a horizontal surface (kJ m-2 d-1)
*  5. minimum temperature (degrees Celsius)
*  6. maximum temperature (degrees Celsius)
*  7. vapour pressure (kPa)
*  8. mean wind speed (m s-1)
*  9. precipitation (mm d-1)
*---------------------------------------------------------*
-121.39,38.13,25,0,0
166,2003,1,7500,-0.2,13.6,0.9,0.6,0.1
166,2003,2,4700,2.6,13.1,1,0.9,0
166,2003,3,8700,1.6,14.7,1,0.7,0.1
166,2003,4,7200,4.3,16,1.1,0.8,0.2
166,2003,5,10200,1.6,15.2,1,0.8,0.1
166,2003,6,11300,5.5,13.3,1,1.2,0.1
166,2003,7,10500,4.3,13.4,1,1.2,0.2
166,2003,8,7800,5.2,8.2,0.9,0.9,0
166,2003,9,2400,6.5,10.1,1,0.8,4.8
166,2003,10,4200,10.1,14.3,1.3,1.9,2.8
166,2003,11,3700,6.8,14.3,1.2,0.9,0
166,2003,12,2600,8.9,16.3,1.3,1,0.7
166,2003,13,3900,6.1,17.4,1.2,0.7,0.2
166,2003,14,6000,6,18.2,1.3,0.8,0.1
166,2003,15,11100,3.1,16.2,1.1,0.9,0
166,2003,16,11400,-0.2,14.7,0.9,0.5,0.3
166,2003,17,11500,3.5,8.5,0.9,0.9,0.2
166,2003,18,10700,5.7,7.2,0.9,0.7,0.2
166,2003,19,8700,4.6,6.9,0.9,0.7,0.1
166,2003,20,7100,5,7.6,0.9,0.8,0
166,2003,21,3900,6.6,12.4,1,0.9,1
166,2003,22,2500,7.9,14.3,1.2,0.8,1.4
166,2003,23,3500,8.8,17.5,1.4,1,0.9
166,2003,24,6000,9.7,15.2,1.3,0.9,0
166,2003,25,10300,9.1,15.9,1.3,1,0
166,2003,26,6100,10.5,17.1,1.3,0.8,0
166,2003,27,7700,9.6,18.3,1.3,0.9,0
166,2003,28,12000,6.2,15.8,1.2,0.8,0.2
166,2003,29,10900,5.2,11.8,1.1,0.7,0.5
166,2003,30,9100,7.5,13.2,1.1,0.7,0.3
166,2003,31,9300,9.6,12.4,1.2,0.8,0
166,2003,32,11600,6.4,18.5,1.1,1.6,0
166,2003,33,14300,2.9,16.4,0.8,1.7,0
166,2003,34,14700,-0.3,17.1,0.8,0.7,0
166,2003,35,14900,-0.2,16.6,0.7,1.4,0.2
166,2003,36,15200,0.5,15.7,0.5,1.5,0
166,2003,37,15300,-3.3,15.2,0.6,0.8,0
166,2003,38,15200,0.3,15.4,0.6,1.6,0
166,2003,39,15800,-3.9,15.1,0.5,0.7,0
166,2003,40,15400,-4.4,15.9,0.6,0.7,0.1
166,2003,41,14500,-2.2,17,0.7,0.9,0
166,2003,42,8100,1.9,15.6,0.9,0.8,0
166,2003,43,3400,3.3,13.5,1.1,0.8,10.8
166,2003,44,5900,8.7,17.9,1.4,1,1
166,2003,45,7800,10.4,16.1,1.3,1,0
166,2003,46,5000,8.8,16.2,1.2,1.2,0.5
166,2003,47,11000,4.7,16.7,1.1,1.1,9
166,2003,48,12400,3.8,15.6,0.9,0.9,0
166,2003,49,16600,0,16.7,0.9,0.7,0.1
166,2003,50,13000,5.1,15.2,1,1,4.8
166,2003,51,16100,3.5,18.8,0.9,1.3,0.1
166,2003,52,17400,0.7,18.8,1,0.8,0
166,2003,53,17900,2.5,18.6,0.9,1,0.2
166,2003,54,13400,1.2,19.2,0.9,0.7,0
166,2003,55,5800,8.7,15.4,1.2,1,0
166,2003,56,16300,7.9,16.7,1.1,1.2,2.2
166,2003,57,9100,3.3,16,0.9,1.3,0
166,2003,58,15900,4.2,15.1,0.9,0.8,0.1
166,2003,59,15200,0.9,16.3,0.8,0.9,0.2
166,2003,60,18100,2.1,17.3,0.9,1,0
166,2003,61,19400,-0.7,18.3,0.8,0.8,0
166,2003,62,11500,2.6,13.9,0.9,0.8,0.1
166,2003,63,18600,0.6,17,0.8,0.7,0
166,2003,64,19800,1.3,19.2,0.9,0.7,0.1
166,2003,65,20000,2.2,20.1,0.9,0.8,0
166,2003,66,20100,1.4,19,0.9,1,0
166,2003,67,20700,1.5,19.7,1,0.8,0.1
166,2003,68,17400,2.4,19.4,1,1,0
166,2003,69,15600,5.2,21.1,1.2,1,0
166,2003,70,17400,5.9,22.4,1.4,1.3,0.1
166,2003,71,16300,7.9,23,1.4,0.8,0
166,2003,72,8400,8.8,19.3,1.2,1.6,0
166,2003,73,7800,12.4,22.8,1.3,2.4,5.4
166,2003,74,17400,8.3,18.5,1.2,2,23
166,2003,75,16100,4.7,14.8,1,1,2.2
166,2003,76,21900,3.1,17.6,0.9,1.7,0
166,2003,77,22400,4,19.3,0.8,1.9,0
166,2003,78,17500,3.8,19.3,1,1.2,3.3
166,2003,79,20800,7.3,18.4,1.1,1.4,0
166,2003,80,21900,7.2,20.8,1.2,1.1,0
166,2003,81,11900,6.1,19.4,1.3,1.1,0.2
166,2003,82,17000,9.1,19.3,1.2,0.8,8.7
166,2003,83,23600,4.1,20.2,1.1,1.1,0
166,2003,84,17500,5.3,22.2,1.2,1.2,0
166,2003,85,20300,8.8,19.9,1.3,1.8,0
166,2003,86,22500,5.4,19.8,0.8,2.2,0
166,2003,87,24600,7.8,23.3,0.8,1.8,0
166,2003,88,23900,3.5,24.5,1,0.7,0
166,2003,89,22800,5.9,26.8,1.2,0.7,0
166,2003,90,18000,9.1,25,1.2,1,0
166,2003,91,17400,6.5,14.9,1.1,1.4,2.6
166,2003,92,16700,3.7,13.9,0.9,1.4,2.3
166,2003,93,17300,2.7,15.3,0.8,1.1,0
166,2003,94,20200,5,15.3,0.9,1.6,8.9
166,2003,95,23400,0.4,16.5,0.8,1.2,0
166,2003,96,18200,4.2,17.7,1,1.4,0
166,2003,97,24300,5,21.4,1.1,0.8,0
166,2003,98,26000,5.3,26.2,1.1,0.8,0
166,2003,99,22000,6,23.5,1.1,1.1,0
166,2003,100,15100,9.8,21.8,1.2,1.2,0
166,2003,101,21300,6.6,20.6,1,1.2,0
166,2003,102,3700,10.4,15.3,1.2,1.4,15.9
166,2003,103,14000,4.4,16.6,1.1,1.4,9.8
166,2003,104,20400,3,16.6,0.9,1.1,0
166,2003,105,16400,6,16.7,0.9,1.2,0
166,2003,106,9600,8.5,18.9,1.1,1,0
166,2003,107,22100,7.7,19.2,1.1,1.2,0
166,2003,108,26600,5.8,18.9,1,1.3,0
166,2003,109,27800,4.2,22.9,0.9,0.9,0
166,2003,110,18900,5.4,18.5,1.1,0.9,0
166,2003,111,16700,6.2,15.3,0.9,1.5,1.3
166,2003,112,22200,4,18.4,1,1,0
166,2003,113,11900,5.2,18.7,1,1,0
166,2003,114,19200,5,16.6,1,1.2,5
166,2003,115,11800,5.8,15.9,1,1.2,3.6
166,2003,116,21500,3.4,17.7,0.9,0.9,0.1
166,2003,117,21100,4.8,20.8,1,0.9,5.4
166,2003,118,12300,6.1,17,1.1,1.5,10.2
166,2003,119,16600,5.1,17.6,1,1.1,0.2
166,2003,120,23700,3,19.8,1,1,0
166,2003,121,19700,6.9,22,1.2,0.7,0
166,2003,122,6800,11.6,17.2,1.3,1.4,6.5
166,2003,123,17800,10.6,18.4,1.4,1.3,1.9
166,2003,124,21700,9.4,18.7,1.1,1.5,0
166,2003,125,27000,6.4,20.5,1.1,1.1,0
166,2003,126,18100,4.3,19.3,1.1,1.3,0
166,2003,127,22000,9.7,20.9,1.1,1.4,0
166,2003,128,22900,7.3,17.5,0.9,1.9,2.2
166,2003,129,26200,4.2,19.2,1,0.8,0.1
166,2003,130,26500,3.7,21.9,1.1,0.9,0
166,2003,131,28100,4,24,1,0.9,0
166,2003,132,29400,4.9,26.2,1.1,0.8,0
166,2003,133,27700,8,28.5,1.3,1,0
166,2003,134,25700,10.7,23.9,1.3,1.5,0
166,2003,135,28900,7,22.6,1.2,1.2,0
166,2003,136,28000,5.4,25.8,1.2,1.1,0
166,2003,137,31600,9.6,25.2,0.9,1.4,0
166,2003,138,32300,9.1,23.8,0.7,1.8,0
166,2003,139,31800,6.5,28.3,0.9,1.1,0
166,2003,140,31900,7.9,31.9,1.1,1,0
166,2003,141,31100,10,33.7,1.3,1,0
166,2003,142,30700,11.8,34.2,1.6,1,0
166,2003,143,29300,11.4,34.9,1.6,1.1,0
166,2003,144,24400,10.2,24.1,1.3,1.6,0
166,2003,145,20200,10.5,25,1.5,1.6,0
166,2003,146,30700,10.1,28.2,1.2,1.2,0
166,2003,147,32000,10.3,34.9,1.3,0.9,0
166,2003,148,28000,11.9,37.9,1.4,0.8,0
166,2003,149,19300,13.1,31.1,1.5,1.5,0
166,2003,150,23900,13.8,25.8,1.4,1.4,0
166,2003,151,31200,10.1,31.1,1.4,1.1,0
166,2003,152,32300,10.7,34.7,1.4,1.2,0
166,2003,153,32300,11.8,35.6,1.5,1.1,0
166,2003,154,28700,13.9,33.6,1.5,1.5,0
166,2003,155,26000,13.6,28.9,1.5,2.1,0
166,2003,156,26000,13,27.1,1.5,2,0
166,2003,157,22400,13.3,25.3,1.4,2.1,0
166,2003,158,23100,13.9,25.4,1.5,1.9,0
166,2003,159,25700,13,27.3,1.5,1.6,0
166,2003,160,23400,12.2,24.2,1.4,1.9,0
166,2003,161,19500,12.6,23.6,1.4,1.5,0
166,2003,162,20600,9.6,23,1.4,1.1,0
166,2003,163,24300,8.8,22.8,1.3,1.1,0
166,2003,164,29100,8.4,26.6,1.3,1.5,0
166,2003,165,31500,9.3,28.3,1.3,1.1,0
166,2003,166,31200,11.4,31.3,1.4,1.1,0
166,2003,167,31400,14.6,34.1,1.6,1.1,0
166,2003,168,28300,13.5,30.2,1.6,1.1,0
166,2003,169,27500,11.7,27.3,1.4,1.3,0
166,2003,170,30400,8.8,26.3,1.4,1.1,0
166,2003,171,31400,10,27.1,1.3,1.3,0
166,2003,172,30600,10.3,26.6,1.4,1.1,0
166,2003,173,30100,8.6,28,1.3,1.1,0
166,2003,174,29100,7.7,26.6,1.2,1.3,0
166,2003,175,31500,12.1,30.6,1.2,1.3,0
166,2003,176,31100,10.1,34.9,1.3,0.8,0
166,2003,177,31500,13,36.9,1.5,0.7,0
166,2003,178,31600,15.4,38.2,1.4,1,0
166,2003,179,29400,14.1,36.3,1.3,1.3,0
166,2003,180,28600,10.8,31.1,1.4,1.4,0
166,2003,181,29100,11.5,29.8,1.4,1.5,0
166,2003,182,31000,8.8,30.4,1.1,1,0
166,2003,183,30200,8.2,31,1,1,0
166,2003,184,30200,9.2,32,1,1.1,0
166,2003,185,31500,9,34.6,1.2,1.1,0
166,2003,186,30400,13.4,32.5,1.2,1.2,0
166,2003,187,29700,9.5,29.7,1.4,1.1,0
166,2003,188,30200,10.6,26.4,1.4,1.1,0
166,2003,189,32800,9,31.6,1.4,1.3,0
166,2003,190,31500,12,34.4,1.5,1,0
166,2003,191,31500,14.7,32.6,1.4,1.3,0
166,2003,192,31300,10.4,33.6,1.5,1.1,0
166,2003,193,30800,12.7,32.5,1.5,1.4,0
166,2003,194,31600,15.4,31.9,1.6,1.2,0
166,2003,195,31200,12.2,35.1,1.7,0.8,0
166,2003,196,30300,12.97,31.8,1.7,1.3,0
166,2003,197,30800,11.7,34.5,1.7,0.9,0
166,2003,198,30200,13.4,36.9,1.8,0.8,0
166,2003,199,29400,16.4,37,1.6,1,0
166,2003,200,27900,17.2,34.2,1.8,0.9,0
166,2003,201,27400,19.5,37.3,1.8,1.1,0
166,2003,202,27100,18.3,35.3,1.7,1.2,0
166,2003,203,28600,18.7,34.3,1.6,1.2,0
166,2003,204,19400,18.1,27.7,1.8,0.7,0
166,2003,205,25300,19,32.7,1.7,1.2,0
166,2003,206,23200,15.9,30.7,1.6,1.3,0
166,2003,207,27900,14.3,34.4,1.7,1.1,0
166,2003,208,27100,15.4,34.9,1.7,1.2,0
166,2003,209,27900,15.5,35.1,1.7,1.1,0
166,2003,210,26000,16.4,32.9,1.7,1.1,0
166,2003,211,14300,18.1,28.6,1.7,1.3,0
166,2003,212,18800,17.2,29.4,1.9,1,0
166,2003,213,23700,15.6,31.5,1.9,1.3,0
166,2003,214,22100,17.2,27.5,1.7,1.1,0
166,2003,215,26600,15.8,29,1.7,1.5,0
166,2003,216,29000,15.6,27.4,1.6,1.7,0
166,2003,217,21500,12.5,26.5,1.6,1.1,0
166,2003,218,29600,11.8,26.9,1.6,1.2,0
166,2003,219,29700,11.4,27.7,1.4,1.3,0
166,2003,220,29700,10.1,29.6,1.5,1.2,0
166,2003,221,29800,11.3,30.1,1.4,1.2,0
166,2003,222,29700,11.5,30,1.4,1.1,0
166,2003,223,29600,13.5,30.3,1.4,1.2,0
166,2003,224,29700,11.2,31.5,1.5,0.9,0
166,2003,225,29600,9.3,31.3,1.4,0.9,0
166,2003,226,26400,11.5,28.5,1.5,1.1,0
166,2003,227,28500,11.3,31.4,1.4,1,0
166,2003,228,27700,11.5,34,1.5,0.8,0
166,2003,229,25500,11.5,34,1.6,0.9,0
166,2003,230,24700,12.5,32.7,1.7,1,0
166,2003,231,20900,13.4,29.1,1.7,1.1,0
166,2003,232,24600,12,32.8,1.7,1,0
166,2003,233,18100,16.6,23.7,1.7,1.4,0
166,2003,234,18000,16.1,25.5,1.7,1.2,0
166,2003,235,26500,12.4,30,1.8,1,0
166,2003,236,27100,13.7,33,1.8,0.8,0
166,2003,237,26600,14,35.4,1.8,0.8,0
166,2003,238,24700,15.6,33.9,1.6,1.1,0.2
166,2003,239,22600,10.9,29.9,1.5,1,0
166,2003,240,21900,10.9,27.1,1.5,1.1,0
166,2003,241,23300,9.2,30.4,1.5,1,0
166,2003,242,22500,11.2,31.1,1.5,0.9,0
166,2003,243,21400,11.3,33.6,1.6,1,0
166,2003,244,24400,13,35.5,1.7,0.8,0
166,2003,245,23000,12.8,35.4,1.8,1,0
166,2003,246,18800,16.4,30.7,1.8,1.3,0
166,2003,247,21700,16.1,28.7,1.7,1.5,0
166,2003,248,23900,14.3,28.8,1.5,1.4,0
166,2003,249,22400,13.3,25.1,1.4,1.2,0
166,2003,250,18100,9.5,26.9,1.5,1.3,0
166,2003,251,24400,12.4,27.4,1.4,1.3,0
166,2003,252,13100,12.3,23.3,1.5,1.2,0
166,2003,253,23100,12.1,29.3,1.5,1.2,0
166,2003,254,24300,10.4,33.1,1.5,0.6,0
166,2003,255,24100,12.7,33.8,1.6,0.9,0
166,2003,256,23900,12.4,33.7,1.3,1,0
166,2003,257,21300,11.9,34.4,1.3,1,0
166,2003,258,19100,10.6,28.3,1.5,1.1,0
166,2003,259,21600,6.7,26.5,1.2,1,0
166,2003,260,23300,10.5,27,1.1,1.4,0
166,2003,261,23300,6.6,30.7,1.1,0.7,0
166,2003,262,22000,9,33.2,1.2,0.6,0
166,2003,263,22200,9.6,34.7,1.4,0.7,0
166,2003,264,18500,11,35.6,1.5,0.6,0
166,2003,265,21600,11.8,36.1,1.6,0.6,0
166,2003,266,18900,13.9,32.1,1.5,1,0
166,2003,267,17100,11.8,25.3,1.5,1.6,0
166,2003,268,16100,12.7,25.7,1.5,1.2,0
166,2003,269,16100,9.7,27.8,1.5,0.9,0
166,2003,270,16300,8.9,28.3,1.5,0.8,0
166,2003,271,17600,8.8,27.3,1.5,1,0
166,2003,272,18800,8.6,26.9,1.4,0.9,0
166,2003,273,16800,9.9,29.4,1.4,0.9,0
166,2003,274,17600,9.8,25.1,1.3,1.1,0
166,2003,275,12500,8.2,25.6,1.3,0.9,0.1
166,2003,276,17100,7.6,27.3,1.4,0.7,0
166,2003,277,15400,8.8,26,1.3,0.8,0
166,2003,278,19200,9.5,28,1.4,0.9,0
166,2003,279,18100,9.5,31.5,1.4,0.8,0
166,2003,280,18100,8.9,29.7,1.4,0.8,0
166,2003,281,18800,8.5,27.5,1.2,1.2,0
166,2003,282,18800,10.1,24.9,1.3,1.2,0.1
166,2003,283,18400,7.3,24.6,0.8,1.7,0
166,2003,284,18600,3.8,27.3,0.9,0.7,0
166,2003,285,18100,7.3,28,0.9,1.1,0
166,2003,286,18300,4.5,29.7,0.8,0.8,0
166,2003,287,17500,6.1,27.2,1,0.8,0
166,2003,288,15000,4.7,25.2,1,0.8,0
166,2003,289,16300,7.9,27,1.2,0.8,0
166,2003,290,15200,7.7,29.4,1.3,0.5,0
166,2003,291,14600,7,28.3,1.3,0.8,0
166,2003,292,13800,8.9,28.5,1.3,0.9,0
166,2003,293,15600,8.2,30.8,1.3,0.6,0
166,2003,294,15400,7.9,32.4,1.4,0.7,0
166,2003,295,13500,8,24.7,1.4,1.2,0
166,2003,296,16100,7.3,28.5,1.1,1.2,0
166,2003,297,16000,4.5,29,1.1,0.6,0
166,2003,298,15300,6,31.8,1.1,0.5,0
166,2003,299,15400,7.6,31.7,1.2,0.6,0
166,2003,300,15300,7.3,31.2,1.2,0.6,0
166,2003,301,15000,7.4,31,1.2,0.7,0
166,2003,302,13500,8.9,25.1,1.1,1.4,0
166,2003,303,13800,5.8,18.2,0.8,1.2,0
166,2003,304,8500,1.7,12.2,0.9,0.7,0.5
166,2003,305,14800,0.7,16.4,0.8,0.7,0.2
166,2003,306,8900,-0.1,15.6,0.8,0.7,1.9
166,2003,307,11600,1.6,15.1,0.9,0.8,4.7
166,2003,308,12900,-1.1,15.3,0.8,0.6,0.1
166,2003,309,6000,5.5,17,1,0.6,0.1
166,2003,310,6100,3.6,18.2,1,0.7,1
166,2003,311,4700,8.3,19.4,1.3,0.7,4.6
166,2003,312,3300,8.4,18.9,1.3,1.6,9.4
166,2003,313,8000,7.1,17.9,1.3,1,13.3
166,2003,314,13600,6.2,18.3,1.1,1,0.1
166,2003,315,13500,2.7,18.7,1,0.6,0.1
166,2003,316,13400,2,19.5,1,0.7,0.1
166,2003,317,6100,9.2,20.5,1.2,0.9,0
166,2003,318,3500,7.8,18.1,1.2,0.8,2.8
166,2003,319,6200,5.3,13.4,1.1,0.6,2.8
166,2003,320,7300,2.4,16.3,1.1,0.6,0.2
166,2003,321,11500,6.5,18,1.2,0.8,0.2
166,2003,322,12300,2.8,18,1.1,0.5,0.1
166,2003,323,9200,3.4,19.7,1.1,0.5,0.2
166,2003,324,9800,5.6,18.1,1.1,0.7,0.1
166,2003,325,12200,3.5,15.1,0.7,0.9,0
166,2003,326,12200,-0.6,13,0.5,1.3,0
166,2003,327,12000,-4.7,15,0.5,0.6,0
166,2003,328,10100,-2.7,13.9,0.6,0.6,0
166,2003,329,11200,-3.1,14.5,0.7,0.8,0
166,2003,330,11400,0.2,15.9,0.8,0.8,0
166,2003,331,8500,-2,15.7,0.8,0.6,0
166,2003,332,3000,3.8,14.2,0.9,0.5,0
166,2003,333,3000,3.7,13.9,1,0.8,0
166,2003,334,2300,7.6,12.1,1.1,0.8,1.6
166,2003,335,2200,9.2,18,1.2,1,2.3
166,2003,336,4400,6.2,16.4,1.2,0.8,1.5
166,2003,337,10200,5.7,16.9,1.2,0.8,1.1
166,2003,338,2200,8.3,11.4,1.1,1,0.7
166,2003,339,3600,10.3,15.8,1.3,1.1,0.7
166,2003,340,2700,11.8,16.9,1.4,1.4,0.7
166,2003,341,9100,4.5,15.9,1.1,1.3,0.7
166,2003,342,11000,1.8,14.1,0.8,1.1,0.5
166,2003,343,2400,0,11.5,0.9,1.3,0.3
166,2003,344,6300,8.5,15.8,1.2,1.5,22.4
166,2003,345,10400,2.4,13.7,0.9,1.2,0.1
166,2003,346,2600,2.9,10.8,0.9,1.5,1.4
166,2003,347,4800,8.8,14.5,1.1,2,0.3
166,2003,348,10400,1.8,14.7,1,1.5,10.4
166,2003,349,9700,-0.7,13,0.7,0.6,0.2
166,2003,350,7100,-1.2,13.2,0.8,0.6,0.1
166,2003,351,8200,-1.2,14.2,0.7,0.6,0.1
166,2003,352,9600,0.5,15.8,0.9,0.5,0
166,2003,353,2500,2.7,12.2,1,0.9,7.8
166,2003,354,2800,7.4,13.2,1.2,1.1,1.2
166,2003,355,8600,4.6,16.2,1.2,1,0
166,2003,356,5600,4.4,13.1,1.1,0.8,0.2
166,2003,357,1800,8.9,13.7,1.1,1.6,9.6
166,2003,358,2200,9.9,12.7,1.3,2,14.1
166,2003,359,8200,4.1,11.9,1,0.9,0.8
166,2003,360,9300,-2.4,12.3,0.6,0.9,0
166,2003,361,10700,-3.5,11.5,0.6,0.6,0.1
166,2003,362,5700,-3.2,9.3,0.6,1,0.2
166,2003,363,1600,6,8.8,0.8,3.6,22.1
166,2003,364,7200,5.5,12.7,1,1.2,0
166,2003,365,4400,5.1,13.2,1,0.9,0.1
