*---------------------------------------------------------*
* Weather file for rice yield gap assessment using Oryza(v3)
*      Project: Global Yield Gap Atlas (www.yieldgap.org)
*      Country: USA
*  Station_num: 166
* Station_name: Lodi West
*         Year: 2011
*       Source: http://www.cimis.water.ca.gov
*       Author: M. Espe
*         Date: 11-16-2015
*    Longitude: -121.39
*     Latitude: 38.13
*    Elevation: 25
*
*  Columns:
*  1. station number
*  2. year
*  3. day
*  4. average insolation incident on a horizontal surface (kJ m-2 d-1)
*  5. minimum temperature (degrees Celsius)
*  6. maximum temperature (degrees Celsius)
*  7. vapour pressure (kPa)
*  8. mean wind speed (m s-1)
*  9. precipitation (mm d-1)
*---------------------------------------------------------*
-121.39,38.13,25,0,0
166,2011,1,3200,5,9.7,0.9,3,5.8
166,2011,2,3200,7.3,9.6,1.1,1.6,9.9
166,2011,3,7000,0.9,9.9,1,0.9,0.2
166,2011,4,9400,0.4,12.5,0.8,0.9,0.2
166,2011,5,9200,-0.4,10.7,0.8,1.2,0.3
166,2011,6,5200,3.8,5,0.8,1.3,0.1
166,2011,7,4200,2.7,4.8,0.8,1,0
166,2011,8,2800,2.9,4.9,0.8,1.2,0
166,2011,9,7300,-1.4,8.3,0.7,1.4,0
166,2011,10,9300,-4.3,8.7,0.6,1,0.1
166,2011,11,4500,3.3,8.5,0.8,1.3,0
166,2011,12,8400,3.2,14.3,1,1.1,0
166,2011,13,3500,2.3,12.7,1.1,1.4,2
166,2011,14,9100,7.8,17.6,1.2,1.8,0
166,2011,15,7000,4.3,11.6,1,1,0.1
166,2011,16,4500,8.4,11.6,1.2,0.8,0
166,2011,17,5600,9,10.7,1.2,0.9,0
166,2011,18,9900,6.2,16.9,1.1,1,0
166,2011,19,9600,5.4,13.7,1,2.2,0
166,2011,20,11100,1.1,17.2,0.9,0.9,0.2
166,2011,21,10700,0.3,17.7,1,0.8,0.1
166,2011,22,11000,2,18.8,1,1,0.1
166,2011,23,9100,3.1,15.6,1.1,1.2,0.2
166,2011,24,10300,2.7,17.2,1,0.8,0.3
166,2011,25,10300,2.9,14,1,1,0.2
166,2011,26,7700,2,12.5,1,1.2,0.2
166,2011,27,7600,2.3,11.9,0.9,1,0.2
166,2011,28,6700,4.9,7.6,0.9,1.1,0.2
166,2011,29,5000,6.1,12.2,1.1,1.8,0.9
166,2011,30,6000,5.1,14.1,1.1,2.9,9
166,2011,31,11800,1,14.4,0.9,1,0.2
166,2011,32,12600,2,18.2,0.8,2.5,0.1
166,2011,33,13200,-2,15.6,0.7,1,0
166,2011,34,12700,1,16.7,0.8,0.9,0
166,2011,35,11600,0.4,17.6,0.9,0.9,0
166,2011,36,12200,1.3,23.5,1.1,2.8,0
166,2011,37,12800,8,22.2,1.2,2.2,0
166,2011,38,13400,5.2,21,1.1,1.7,0
166,2011,39,14000,6.9,15.1,0.6,6.1,0
166,2011,40,14200,-2,15.8,0.6,1.2,0
166,2011,41,14100,-1.2,17.6,0.7,0.9,0
166,2011,42,14000,-1.1,18.4,0.8,0.8,0
166,2011,43,14500,0.8,21.7,0.9,0.7,0
166,2011,44,14400,0.3,19.2,0.9,0.8,0
166,2011,45,6700,3.1,16,1.1,3,0.6
166,2011,46,9000,9.1,18.3,1.1,3.7,0
166,2011,47,11000,5.4,12.4,1,2.6,16.2
166,2011,48,2200,5.2,8.6,0.9,4.2,13.3
166,2011,49,4300,4.5,7.4,0.9,2.5,14.3
166,2011,50,10900,2.3,11,0.9,2.2,2.9
166,2011,51,15300,-1.4,13.6,0.8,1.1,0.1
166,2011,52,13900,1.2,12.7,0.8,1.1,0
166,2011,53,16100,-0.4,15.4,0.8,1.3,0
166,2011,54,13900,-0.4,13.6,0.8,1.2,0
166,2011,55,5500,2,11.5,0.9,2.2,6.8
166,2011,56,13100,1.8,11.5,0.9,4.5,15.6
166,2011,57,16500,-2.7,10.3,0.6,1.8,0
166,2011,58,17100,-2.5,13.4,0.6,1,0
166,2011,59,17000,0.9,15.5,0.8,1.3,0
166,2011,60,16600,-0.6,17.4,0.9,1.4,0.9
166,2011,61,7300,9.2,16.5,1.2,4.1,1.4
166,2011,62,16600,5.5,19.1,1.1,1,0
166,2011,63,14100,2.7,18.1,1.1,0.9,0
166,2011,64,13200,5.3,19.5,1.3,0.9,0.6
166,2011,65,6900,11.2,14.3,1.5,2,10.1
166,2011,66,17600,7.7,15.9,1,3.3,0.1
166,2011,67,17100,8.4,18,1.3,1.6,0
166,2011,68,12200,6.7,17.8,1.3,0.7,0
166,2011,69,9500,6.7,17.5,1.2,1.1,0
166,2011,70,18600,3.5,17.2,1,1.6,0.1
166,2011,71,18700,5.8,18.4,1,1.4,0
166,2011,72,7800,7.9,19.3,1.3,2,1.5
166,2011,73,12600,10.5,20.6,1.6,1.2,0.2
166,2011,74,5300,9.9,20.3,1.5,1.6,10.8
166,2011,75,12900,5.2,16.3,1.2,2,3.4
166,2011,76,19000,2.4,17.1,0.9,1.1,0
166,2011,77,4000,5.6,13.3,1,2.8,13.2
166,2011,78,6900,4.8,11.1,1,5.7,8.3
166,2011,79,8000,6.9,11.2,1.1,4.4,2.6
166,2011,80,15400,4.8,15.4,1,2.7,0.2
166,2011,81,18500,4.4,15.9,1,2.5,0.8
166,2011,82,7900,8.4,13.2,1.1,3.8,7.8
166,2011,83,5000,5.3,9.9,1,4.3,25.6
166,2011,84,11400,5.2,14,1.1,2.3,4.5
166,2011,85,9200,5.7,14.2,1.1,3.1,10.3
166,2011,86,14600,2.9,16.7,1.1,1.8,0.1
166,2011,87,21300,6.1,17,1.1,1.9,0
166,2011,88,21100,4.9,20.6,1.2,1.7,0
166,2011,89,21400,8.9,26.7,1.5,1.8,0
166,2011,90,22300,9.4,27.8,1.6,1,0
166,2011,91,20700,9.6,28.1,1.9,0.9,0
166,2011,92,17200,11.8,21.5,1.3,2.3,0
166,2011,93,23100,8.1,19.5,0.8,3.4,0
166,2011,94,22400,4.7,23.9,1,1.1,0
166,2011,95,18500,7.8,23,1.3,1.7,0
166,2011,96,23600,6.3,20.2,1,2.9,0
166,2011,97,18000,1.5,13.8,0.8,2.7,0
166,2011,98,22000,-0.5,15.3,0.7,1.2,0
166,2011,99,23100,0,19.1,0.8,1.6,0
166,2011,100,24000,2.5,18.7,1,1.6,0
166,2011,101,22600,6.6,19.2,1.1,2.1,0
166,2011,102,24200,3.6,19.8,1,1.8,0
166,2011,103,19600,7.2,16.7,0.9,2.6,0.7
166,2011,104,22000,2.6,18.6,0.9,1.7,0
166,2011,105,20100,7.6,22.8,1.3,1.9,0
166,2011,106,23200,10.4,24,1.5,2.4,0
166,2011,107,23800,13,22.8,1.6,2.9,0
166,2011,108,15300,12.6,19.2,1.5,2.2,0.3
166,2011,109,17000,13.4,22.5,1.5,1.4,0
166,2011,110,17300,11.6,22.2,1.3,2.2,0
166,2011,111,23300,9.7,19.8,1.2,2.5,0.9
166,2011,112,17700,6.2,19.6,1.1,1.9,0
166,2011,113,18000,7.5,21.2,1.2,1.5,0
166,2011,114,21600,10.7,20.3,1.3,2.3,0.1
166,2011,115,22300,10,20.8,1.2,2.8,0.5
166,2011,116,26400,6.4,21.1,0.9,2.6,0
166,2011,117,25500,7.3,22.8,1,2,0
166,2011,118,26000,6.7,20.7,1,3.1,0
166,2011,119,27700,3.1,19.9,0.6,4.4,0
166,2011,120,27900,8.6,23.7,0.7,4.1,0
166,2011,121,27400,3.6,26.5,0.8,2,0
166,2011,122,27100,6.8,28,0.9,2,0
166,2011,123,27300,7.5,25.8,1.1,2.2,0
166,2011,124,27800,7.3,31.1,1,1.6,0
166,2011,125,27300,9,32.3,1.2,1.4,0
166,2011,126,26200,8.6,25.9,1.1,2.2,0
166,2011,127,25300,7,23,1.2,2.5,0
166,2011,128,16900,7.6,19.1,1,3.1,0
166,2011,129,24200,6.5,21,0.9,2.6,0
166,2011,130,27900,5.4,26.1,1,1.8,0
166,2011,131,26700,6.3,21.3,1.2,1.9,0
166,2011,132,27600,6.1,25,1.2,2,0
166,2011,133,27700,6.8,24.3,1,2,0
166,2011,134,15500,7.1,16.9,1,2.3,0.7
166,2011,135,17100,6.8,14.7,1,2.4,3.2
166,2011,136,16000,6.8,16.6,1.1,1.9,2
166,2011,137,11300,9.4,15.4,1.2,3.2,0.6
166,2011,138,24800,9,20.4,1.3,1.7,3.3
166,2011,139,28700,7.1,25.4,1.3,1.9,7.8
166,2011,140,28200,8.3,26.3,1.3,1.7,0.7
166,2011,141,28400,10.5,25,1.3,1.8,0
166,2011,142,24400,8.4,23.1,1.3,2.2,0
166,2011,143,28400,8.7,22.8,1.2,2.3,0
166,2011,144,28300,6.3,23.7,1.1,2,0
166,2011,145,11200,8,18.2,1.1,1.7,0.7
166,2011,146,27900,6.4,20.8,1.1,2.3,0
166,2011,147,21700,9.9,21.2,1.2,2.4,0
166,2011,148,20100,8.5,19.6,1.1,2.7,2.5
166,2011,149,29200,7.1,22.6,1,2.8,0.3
166,2011,150,24600,7.5,19.9,1.1,2.4,0
166,2011,151,15600,10.3,20,1.2,2.1,0
166,2011,152,17000,8.4,18,1.1,1.9,1.3
166,2011,153,25100,7.3,20.2,1.2,1.9,0
166,2011,154,13800,5.9,19.4,1.3,1.5,0
166,2011,155,7000,12.7,19.4,1.5,2.4,1
166,2011,156,19400,12.9,22.6,1.6,1.8,0.5
166,2011,157,8700,10.8,19.4,1.4,2.1,0.4
166,2011,158,28500,8.9,24.8,1.5,1.7,0
166,2011,159,29500,9,26.6,1.4,1.7,0
166,2011,160,29500,9.1,29.3,1.6,2.1,0
166,2011,161,29300,10,26.5,1.4,1.9,0
166,2011,162,28200,8.5,23.5,1.4,1.9,0
166,2011,163,29100,9.6,28,1.5,1.8,0
166,2011,164,28900,11,30.4,1.7,1.8,0
166,2011,165,29400,12.5,33.6,1.8,1.8,0
166,2011,166,29700,13.7,33.8,1.6,2.1,0
166,2011,167,29600,14.1,29.7,1.3,2.8,0
166,2011,168,29300,12.9,29,1.4,1.9,0
166,2011,169,27200,10.2,28.6,1.6,1.8,0
166,2011,170,30000,12.6,30.9,1.5,2.8,0
166,2011,171,29600,15.2,35.2,1.7,1.5,0
166,2011,172,29300,15,37.5,1.8,1.2,0
166,2011,173,29300,16.3,34.6,1.8,1.7,0
166,2011,174,29600,11.6,29.2,1.4,1.9,0
166,2011,175,30000,7.7,29.4,1.5,1.6,0
166,2011,176,29600,9,29,1.5,1.7,0
166,2011,177,29400,9.3,31,1.6,1.6,0
166,2011,178,29000,11,28.3,1.6,2.1,0
166,2011,179,9400,13.8,21.4,1.6,2,0.6
166,2011,180,25100,11.4,22.1,1.5,1.9,1.6
166,2011,181,29200,10.3,28.9,1.7,1.3,0
166,2011,182,29600,12.4,32.9,1.8,1.7,0
166,2011,183,29500,14.3,35.3,2,1.2,0
166,2011,184,29600,15.4,36.7,2,1.9,0
166,2011,185,29900,16.4,36.2,1.9,1.6,0
166,2011,186,29200,14.9,37,2,1.7,0
166,2011,187,28700,16.1,35.2,1.5,1.7,0
166,2011,188,29200,14.5,33.5,1.6,1.4,0
166,2011,189,29300,13.9,34.7,1.9,1.7,0
166,2011,190,30000,12.8,29,1.6,1.8,0
166,2011,191,29200,10.3,29,1.5,1.8,0
166,2011,192,29300,11.2,24.6,1.5,1.9,0
166,2011,193,28700,8.8,25.1,1.6,1.9,0
166,2011,194,28600,10.8,23.9,1.6,2,0
166,2011,195,29100,8.8,24.1,1.4,1.7,0
166,2011,196,28500,8.6,25.5,1.5,1.8,0
166,2011,197,28400,10.8,24.9,1.7,2.3,0
166,2011,198,28400,14.2,24.5,1.6,2.2,0
166,2011,199,27800,11.9,27.5,1.7,2.3,0
166,2011,200,28700,14.7,30.1,1.8,1.9,0
166,2011,201,28800,12.6,33.3,1.8,1.3,0
166,2011,202,28400,13.4,33.1,1.9,1.6,0
166,2011,203,28200,13.9,31.2,1.9,1.8,0
166,2011,204,28100,13.6,28.8,1.8,2.1,0
166,2011,205,28500,13.7,28,1.6,2.4,0
166,2011,206,28800,12.3,28.9,1.7,1.9,0
166,2011,207,28400,10.7,30.9,1.7,1.4,0
166,2011,208,28200,12.7,33.6,1.8,1.6,0
166,2011,209,27900,11.6,32.6,1.8,1.9,0
166,2011,210,27300,13.7,29.3,1.7,2.3,0
166,2011,211,27100,13.8,27.2,1.7,2.5,0
166,2011,212,27400,14,27.9,1.8,2.6,0
166,2011,213,27900,12.7,28.6,1.6,2.2,0
166,2011,214,28200,11.9,31.1,1.7,1.6,0
166,2011,215,27900,11,30.5,1.7,1.8,0
166,2011,216,27200,10.8,26.4,1.7,1.5,0
166,2011,217,27500,11.2,31.1,1.8,1.6,0
166,2011,218,27200,13.1,29.4,1.8,1.7,0
166,2011,219,27000,11.1,28.6,1.7,1.7,0
166,2011,220,27100,10.4,30.4,1.7,1.6,0
166,2011,221,27100,9.9,31.8,1.7,1.4,0
166,2011,222,26900,11.4,31.6,1.7,1.6,0
166,2011,223,26500,10,29.5,1.6,1.6,0
166,2011,224,25400,9.4,30.6,1.7,1.4,0
166,2011,225,26400,12.3,32.6,1.7,1.5,0
166,2011,226,26400,11.7,31.6,1.4,1.6,0
166,2011,227,26300,11.3,31.3,1.5,1.4,0
166,2011,228,26500,10.4,32.4,1.7,1.3,0
166,2011,229,26000,10.3,31.1,1.7,1.6,0
166,2011,230,25700,12,31.6,1.7,1.6,0
166,2011,231,25700,9.8,27.7,1.6,1.4,0
166,2011,232,25600,12.3,26.7,1.6,2.2,0
166,2011,233,25500,11.2,27.9,1.7,1.8,0
166,2011,234,25300,11.7,31,1.7,1.6,0
166,2011,235,24800,9.6,34.4,1.8,1,0
166,2011,236,24400,15,32.7,1.6,1.7,0
166,2011,237,24700,13.8,32.3,1.9,1.5,0
166,2011,238,24700,13.9,33.8,1.8,1.6,0
166,2011,239,24600,13.3,31.9,1.7,1.5,0
166,2011,240,25200,10.5,33.2,1.7,1.4,0
166,2011,241,24400,9.7,31.8,1.7,1.3,0
166,2011,242,24400,8.3,29.4,1.6,1.3,0
166,2011,243,23900,8.8,29.2,1.7,1.3,0
166,2011,244,23900,9.9,33.1,1.7,1.3,0
166,2011,245,23900,11.2,34.8,1.7,1.1,0
166,2011,246,23800,12,32.8,1.6,1.6,0
166,2011,247,23500,9.9,30.5,1.6,2,0
166,2011,248,23200,9.5,30.9,1.5,1.5,0
166,2011,249,23300,11.8,35.6,1.6,1.3,0
166,2011,250,22500,12,35.3,1.4,1.4,0
166,2011,251,22800,11.9,32.7,1.3,1.6,0
166,2011,252,21900,12.1,35.4,1.9,1.3,0
166,2011,253,21500,15,33.7,1.8,1.7,0
166,2011,254,19300,15.4,25.3,1.8,2.3,0
166,2011,255,20400,13.9,30.1,1.8,1.9,0
166,2011,256,21000,12.7,32.1,1.9,1.4,0
166,2011,257,21100,13.2,30.2,1.7,1.5,0
166,2011,258,21200,11,27.7,1.5,1.5,0
166,2011,259,21300,8.1,27.2,1.4,1.6,0
166,2011,260,20800,7.2,28.8,1.5,1.4,0
166,2011,261,21100,9.7,33,1.5,1.1,0
166,2011,262,21000,11.5,33.8,1.6,1.1,0
166,2011,263,21000,11.7,36.2,1.7,1.1,0
166,2011,264,20800,12.4,38.6,1.7,1.1,0
166,2011,265,20400,11.5,35.4,1.7,1.2,0
166,2011,266,19700,12.9,36.3,1.8,1.1,0
166,2011,267,18900,15.4,27,1.6,2.9,0
166,2011,268,11200,11.2,22.3,1.6,1.7,0
166,2011,269,19200,8,26.8,1.6,1.4,0
166,2011,270,18900,9.7,30.3,1.5,1.1,0
166,2011,271,19100,11.9,33.7,1.8,0.8,0
166,2011,272,18600,13.4,33.5,1.8,2.1,0
166,2011,273,18600,13.1,24.4,1.6,2.3,0
166,2011,274,17500,11.5,24.7,1.6,1.6,0
166,2011,275,18300,8.5,24.4,1.5,1.5,0
166,2011,276,9800,9.3,20.7,1.5,1.4,0
166,2011,277,9100,13.1,20.6,1.5,1.7,0.1
166,2011,278,14200,9.6,18.9,1.4,2.9,4.4
166,2011,279,10900,8,18,1.3,1.8,0.1
166,2011,280,17600,4.4,21.8,1.2,1.1,0.2
166,2011,281,17600,6.7,25.1,1.4,0.8,0
166,2011,282,17100,7.7,24.8,1.5,0.9,0.6
166,2011,283,5400,12.4,18.7,1.8,1.8,0
166,2011,284,16300,13.8,25.2,1.9,1.4,0
166,2011,285,16600,11.3,26.5,1.6,1.3,0
166,2011,286,16300,8.6,29.1,1.6,0.9,0
166,2011,287,16100,9.9,29.7,1.8,0.7,0
166,2011,288,15400,12,29.1,1.8,1.7,0
166,2011,289,15500,13.8,24.1,1.7,1.7,0
166,2011,290,15900,10.3,29.8,1.7,1,0
166,2011,291,15700,9.4,29.9,1.7,1.4,0
166,2011,292,15500,11.9,23.6,1.6,2.2,0
166,2011,293,15400,7.9,26.7,1.6,1.2,0
166,2011,294,15300,8.6,25.9,1.6,1.3,0
166,2011,295,15400,7.7,28,1.5,0.7,0
166,2011,296,15000,7.5,29.4,1.6,0.7,0
166,2011,297,14200,8.3,25.8,1.5,1.2,0
166,2011,298,14700,6.1,22.8,1.2,1.8,0
166,2011,299,15200,3.5,22.3,0.7,2.4,0
166,2011,300,14400,1.6,24.6,0.9,0.7,0
166,2011,301,14600,3.2,24.1,1,0.9,0
166,2011,302,14300,1.9,25.7,1,1.1,0
166,2011,303,14100,6,26.4,1.2,0.8,0
166,2011,304,13600,5.8,25.6,1.3,0.8,0
166,2011,305,14100,6.5,22.1,0.6,4.7,0
166,2011,306,13800,1.7,22.3,0.7,1.4,0
166,2011,307,8600,3.7,17.8,0.9,2.3,0
166,2011,308,12800,0.6,14.8,0.8,1.5,0.1
166,2011,309,8200,-0.9,13.4,0.9,2.1,0
166,2011,310,9000,5.7,14.7,1,1.4,0.1
166,2011,311,12900,1.2,15.4,0.9,1.1,0
166,2011,312,12700,-0.1,16.2,0.9,1,0
166,2011,313,12300,-0.7,18.5,0.9,0.8,1.2
166,2011,314,12400,-0.6,21.3,0.9,0.9,0.1
166,2011,315,5400,3.5,12.8,1.1,1.6,0.5
166,2011,316,11100,7,17.8,1.2,1.6,0.1
166,2011,317,11300,6.3,19.2,1.2,1.1,0
166,2011,318,11000,5,17.3,1.2,1,0
166,2011,319,11400,2.4,18.9,1,1.1,0.1
166,2011,320,11500,1.3,20.5,1,0.8,0
166,2011,321,9500,2.6,18.8,1.2,1.5,0.1
166,2011,322,7000,5.7,15.1,1.1,2,1.1
166,2011,323,8900,0,14.1,0.8,1.5,4.7
166,2011,324,6600,6.9,15.5,1.1,3,3.6
166,2011,325,9600,2.2,14.5,1,0.9,0
166,2011,326,10300,4.2,15.8,1,1.5,0.2
166,2011,327,5300,3.8,14.8,1,1,0.1
166,2011,328,4900,7,12.7,1.2,0.9,2.3
166,2011,329,8700,4,15.4,1.1,1.3,0
166,2011,330,7300,3.5,11.1,1.1,0.8,0.3
166,2011,331,6400,5.9,9.9,1.1,1,0.3
166,2011,332,8200,3.8,12.7,1.1,0.9,0.3
166,2011,333,5900,4,8.8,1,1.1,0.2
166,2011,334,10000,6.5,17.5,0.9,3.7,0
166,2011,335,10500,3.9,18.8,0.5,5.2,0
166,2011,336,10300,0,19.4,0.6,1.5,0
166,2011,337,10400,-0.2,16.7,0.5,3.5,0
166,2011,338,10000,-2.6,16.4,0.6,1,0
166,2011,339,10000,-3.2,14.7,0.6,0.9,0
166,2011,340,9800,-3.5,14.5,0.6,0.8,0
166,2011,341,9200,-3.7,15.3,0.6,0.7,0
166,2011,342,9600,-4.3,15.7,0.6,0.8,0
166,2011,343,9800,-3.5,16.5,0.7,0.8,0.1
166,2011,344,8300,-3.5,15,0.7,0.7,0
166,2011,345,8500,-1.5,12.8,0.8,0.8,0.1
166,2011,346,7600,-0.8,12.9,0.8,1.3,0
166,2011,347,9300,-2.2,13.9,0.7,1,0.1
166,2011,348,9100,-2.8,13.4,0.7,0.9,0.1
166,2011,349,8200,-0.4,12,0.9,2.1,2.4
166,2011,350,8900,-1.3,12.5,0.8,1,0.2
166,2011,351,9000,-1.3,11.5,0.8,1.2,0.1
166,2011,352,8300,-1.3,10.9,0.8,1.2,0.2
166,2011,353,9000,-0.2,13.1,0.8,0.8,0.1
166,2011,354,8300,-0.6,10.6,0.8,0.9,0.2
166,2011,355,8900,-2.4,13.9,0.7,1.2,0.1
166,2011,356,9900,-2.8,16.3,0.4,2.1,0
166,2011,357,8100,-5.2,13,0.5,0.9,0
166,2011,358,9500,-5.7,14,0.6,0.9,0.1
166,2011,359,8700,-3.2,13,0.6,0.9,0
166,2011,360,9100,-5.6,13.6,0.6,0.8,0.1
166,2011,361,8500,-3,16,0.7,1.1,0.1
166,2011,362,7200,3,16.6,0.8,1.1,0
166,2011,363,6200,1.6,14,1,1,0
166,2011,364,4000,6.2,17,1.2,1.5,0
166,2011,365,8900,2,15,0.9,1,0.1
