*---------------------------------------------------------*
* Weather file for rice yield gap assessment using Oryza(v3)
*      Project: Global Yield Gap Atlas (www.yieldgap.org)
*      Country: USA
*  Station_num: 30
* Station_name: Nicolaus
*         Year: 2011
*       Source: http://www.cimis.water.ca.gov
*       Author: M. Espe
*         Date: 11-17-2015
*    Longitude: -121.54
*     Latitude: 38.87
*    Elevation: 32
*
*  Columns:
*  1. station number
*  2. year
*  3. day
*  4. average insolation incident on a horizontal surface (kJ m-2 d-1)
*  5. minimum temperature (degrees Celsius)
*  6. maximum temperature (degrees Celsius)
*  7. vapour pressure (kPa)
*  8. mean wind speed (m s-1)
*  9. precipitation (mm d-1)
*---------------------------------------------------------*
-121.54,38.87,32,0,0
30,2011,1,3200,3.4,6.9,0.8,2.7,7.1
30,2011,2,3200,4.3,9.5,0.9,2.3,8.7
30,2011,3,7000,-0.1,10.9,0.8,1.2,0.2
30,2011,4,9400,-0.8,11.2,0.7,1.3,0.2
30,2011,5,9200,-1.7,11.5,0.7,1.4,0.2
30,2011,6,5200,1.8,4.3,0.7,1.5,0.3
30,2011,7,4200,2.3,4.1,0.7,1.3,0
30,2011,8,2800,1.9,3.9,0.7,1.3,0
30,2011,9,7300,-0.7,7.8,0.7,1.4,0
30,2011,10,9300,-4,6.8,0.6,1.2,0.1
30,2011,11,4500,2,7.2,0.8,1.8,0.2
30,2011,12,8400,4.2,12.9,0.9,1.7,0
30,2011,13,3500,2.4,12.4,1,2.2,4.6
30,2011,14,9100,6.3,16.9,1.1,2.2,0
30,2011,15,7000,3.3,12.7,1,1.7,0.2
30,2011,16,4500,7.3,8.7,1,1.3,0
30,2011,17,5600,6.7,8.2,1,1.3,0.2
30,2011,18,9900,6.1,13.6,1,1.5,0.1
30,2011,19,9600,5.7,17.5,0.9,4,0
30,2011,20,11100,-0.1,15.2,0.9,1.4,0
30,2011,21,10700,0.3,16.4,0.9,1.3,0.2
30,2011,22,11000,2.1,22.2,0.9,2.2,0.1
30,2011,23,9100,-0.1,15.7,0.9,1.3,0.2
30,2011,24,10300,1.4,16,0.9,1.1,0.3
30,2011,25,10300,0.5,17.2,1,1.1,0.1
30,2011,26,7700,4.4,8.6,0.9,1.4,0.4
30,2011,27,7600,3,6.3,0.8,1.1,0.4
30,2011,28,6700,3.3,5.4,0.8,1.3,0.2
30,2011,29,5000,4.3,8,0.9,2.4,4.2
30,2011,30,6000,2.5,11.1,1,3.2,4.6
30,2011,31,11800,-1,13.4,0.9,1.4,0.2
30,2011,32,12600,-0.5,17,0.7,4,0.2
30,2011,33,13200,0.1,16.8,0.6,2.7,0
30,2011,34,12700,-0.3,15.5,0.8,1.1,0
30,2011,35,11600,-0.2,16.4,0.9,1.2,0.1
30,2011,36,12200,1.1,23.7,1,2.8,0
30,2011,37,12800,8.6,23.4,1,3.8,0
30,2011,38,13400,3.5,20.9,1,2.1,0
30,2011,39,14000,6.3,15.1,0.5,7.8,0
30,2011,40,14200,-0.1,16,0.6,2.3,0
30,2011,41,14100,-2.5,17.4,0.7,1.2,0
30,2011,42,14000,-1.5,18,0.8,1.2,0
30,2011,43,14500,-0.2,19.1,0.9,1.3,0.1
30,2011,44,14400,0.3,19.6,0.8,1.6,0
30,2011,45,6700,5.3,15.2,1,5.2,2
30,2011,46,9000,10.2,16.8,1,5.5,2
30,2011,47,11000,5.5,12.2,0.9,4.3,11.7
30,2011,48,2200,4.8,8.8,0.9,6.4,13.8
30,2011,49,4300,0.2,7.6,0.8,2.5,16.4
30,2011,50,10900,1.2,11.1,0.8,3,3.2
30,2011,51,15300,-2.5,12.4,0.7,1.4,0.1
30,2011,52,13900,1.7,12.1,0.7,2.3,0
30,2011,53,16100,-1,14.9,0.7,1.4,0
30,2011,54,13900,-0.6,14.1,0.8,1.6,0.4
30,2011,55,5500,3.8,9.7,0.9,3.7,10.9
30,2011,56,13100,1,10.5,0.8,4.2,22.5
30,2011,57,16500,-2.4,9.7,0.6,2.5,0.1
30,2011,58,17100,-2.5,12.5,0.6,2.1,0
30,2011,59,17000,1.6,13.9,0.7,2.3,0
30,2011,60,16600,-0.1,15.4,0.8,1.8,0
30,2011,61,7300,8.8,13.6,1.1,4.7,2.6
30,2011,62,16600,5.7,18,1.1,2.3,0
30,2011,63,14100,0.9,17.2,1,1.4,0.1
30,2011,64,13200,3.7,19.3,1.1,1.5,2
30,2011,65,6900,10.4,13.4,1.3,1.9,14.8
30,2011,66,17600,8.1,15.5,1,2.1,0.1
30,2011,67,17100,6.3,18.7,1.2,1.9,0
30,2011,68,12200,8.7,17.8,1.3,1.8,0
30,2011,69,9500,8.4,17.3,1.2,3.6,0.8
30,2011,70,18600,3.6,17.8,0.9,1.6,0.2
30,2011,71,18700,7.6,19.3,0.9,2.5,0
30,2011,72,7800,8.5,17.1,1.2,3.5,10
30,2011,73,12600,11.6,17.9,1.5,1.9,0.5
30,2011,74,5300,11.9,14.7,1.4,3.1,26.5
30,2011,75,12900,6.1,16.5,1,2.6,2.5
30,2011,76,19000,2.8,15.4,0.9,2.1,0
30,2011,77,4000,5.7,10.5,0.9,4.6,15.4
30,2011,78,6900,5.5,10.6,0.9,6.6,12.4
30,2011,79,8000,6.3,10.2,1,5.7,20.9
30,2011,80,15400,5.6,14.7,0.9,3.1,0
30,2011,81,18500,5.8,15.2,0.9,3.2,0.6
30,2011,82,7900,7.9,12.3,1,5.8,6.4
30,2011,83,5000,6.2,8.7,0.9,6.5,24.4
30,2011,84,11400,6.7,12.7,1,3.9,7
30,2011,85,9200,6,14.5,1,5.1,7.1
30,2011,86,14600,5.5,14.2,1,3.8,0
30,2011,87,21300,3.2,16.9,1,2.1,0
30,2011,88,21100,6.7,19.6,1.1,1.5,0
30,2011,89,21400,9.7,26.1,1.4,2.7,0.2
30,2011,90,22300,7.5,26.7,1.4,1.1,0
30,2011,91,20700,8.1,25.6,1.5,1.4,0
30,2011,92,17200,9.3,21.9,1.1,3.1,0
30,2011,93,23100,4.9,19.5,0.7,3.3,0
30,2011,94,22400,4,24.1,1,1.5,0
30,2011,95,18500,7.9,21.8,1.2,1.8,0
30,2011,96,23600,4.6,22.3,0.9,2.8,0.3
30,2011,97,18000,2.2,14.2,0.7,3,0
30,2011,98,22000,-1,15.2,0.7,1.4,0
30,2011,99,23100,-0.8,18.3,0.8,2.1,0
30,2011,100,24000,5.8,18.6,0.9,3.1,0
30,2011,101,22600,6.7,20,1,2.2,0
30,2011,102,24200,4.9,20.1,1,2.6,0
30,2011,103,19600,5.9,17.3,0.8,3,0
30,2011,104,22000,3.2,19,0.8,1.4,0
30,2011,105,20100,6.8,22.1,1.1,1.5,0
30,2011,106,23200,7,27.1,1.4,1.6,0
30,2011,107,23800,11,25,1.5,2.8,0
30,2011,108,15300,11.5,19.2,1.4,2.7,0.5
30,2011,109,17000,8.7,22.4,1.4,1.5,0
30,2011,110,17300,11.2,19.9,1.1,4.2,0.1
30,2011,111,23300,7.4,20.5,1.1,2.2,0.3
30,2011,112,17700,5.3,20.7,1.1,2.2,0
30,2011,113,18000,9.4,18.6,1.1,2.5,0
30,2011,114,21600,12.1,22.3,1.2,3.5,0
30,2011,115,22300,7.5,21,1.1,4,0.7
30,2011,116,26400,2.1,22,0.7,1.9,0
30,2011,117,25500,6.2,23.7,1,2.2,0
30,2011,118,26000,8.5,22.4,0.9,3.4,0
30,2011,119,27700,7.4,19.5,0.5,5.2,0
30,2011,120,27900,8.3,23.1,0.6,4.5,0
30,2011,121,27400,4.3,27.5,0.8,1.7,0
30,2011,122,27100,9,26.9,0.8,3,0
30,2011,123,27300,6.8,26.7,0.9,1.9,0
30,2011,124,27800,0,31.6,1,1.7,0
30,2011,125,27300,8.9,33.4,1.2,1.5,0
30,2011,126,26200,10.9,28,1.2,3,0
30,2011,127,25300,9.6,23.8,1.2,4,0
30,2011,128,16900,10.5,19.2,1,3.5,0
30,2011,129,24200,8.2,21.6,0.9,2.8,1.1
30,2011,130,27900,5.6,27.9,1,1.9,0
30,2011,131,26700,9.7,22.5,1.2,3.9,0
30,2011,132,27600,9.6,26.4,1.1,2.6,0
30,2011,133,27700,9.1,27.5,1,2.7,0
30,2011,134,15500,8.8,16.8,0.9,3.9,0.5
30,2011,135,17100,6.5,14.2,1,3.6,3.7
30,2011,136,16000,6.5,17.2,1,2.2,7.4
30,2011,137,11300,9.7,16.2,1.2,4.1,8.4
30,2011,138,24800,9.5,20.8,1.2,1.7,1.7
30,2011,139,28700,8.1,26.4,1.3,1.8,0
30,2011,140,28200,11.1,26.6,1.3,2.6,0
30,2011,141,28400,12.1,26.5,1.3,2.7,0
30,2011,142,24400,11.3,23.8,1.3,3,0
30,2011,143,28400,10.2,23.2,1.2,3,0
30,2011,144,28300,8.7,24.3,1.1,2.4,0
30,2011,145,11200,9.7,17.9,1.1,3.3,10.1
30,2011,146,27900,7.5,20.6,1.1,1.7,0
30,2011,147,21700,10.3,21.9,1.2,3,0
30,2011,148,20100,7.5,18.2,1,2.7,5.8
30,2011,149,29200,4.9,22.4,1,1.9,0.1
30,2011,150,24600,10.2,20.2,1.1,4.1,0
30,2011,151,15600,10.9,17.8,1.2,2.5,1.5
30,2011,152,17000,8.3,16.9,1.1,2.8,3.1
30,2011,153,25100,8.3,20.6,1.1,1.9,0
30,2011,154,13800,9.5,18,1.2,2,0
30,2011,155,7000,12.5,18.6,1.4,2.7,8.4
30,2011,156,19400,13.1,21.6,1.5,1.7,2.1
30,2011,157,8700,9.4,19.2,1.3,3.5,0
30,2011,158,28500,7.4,27,1.5,1.7,0
30,2011,159,29500,12,27.6,1.5,2.4,0
30,2011,160,29500,11.1,31.3,1.6,1.7,0
30,2011,161,29300,13.1,28.8,1.5,3.1,0
30,2011,162,28200,11.7,24.8,1.3,4.5,0
30,2011,163,29100,10.8,28.5,1.5,2.6,0
30,2011,164,28900,13.9,32.3,1.6,2,0
30,2011,165,29400,16,36.1,1.8,1.5,0
30,2011,166,29700,15.7,34.7,1.5,2.3,0
30,2011,167,29600,14.7,30.6,1.3,2.7,0
30,2011,168,29300,12.8,32.4,1.4,2.3,0
30,2011,169,27200,12.5,30.9,1.5,2.6,0
30,2011,170,30000,12.1,31.6,1.4,3.6,0
30,2011,171,29600,14.1,36.1,1.6,1.6,0
30,2011,172,29300,16.9,42,1.9,1.3,0
30,2011,173,29300,18.8,36.3,1.8,2.6,0
30,2011,174,29600,14.9,31.5,1.5,3.5,0
30,2011,175,30000,12.7,30.4,1.4,2.4,0
30,2011,176,29600,12.9,30.9,1.5,2.5,0
30,2011,177,29400,13.8,32.7,1.5,2.2,0
30,2011,178,29000,15.3,30.1,1.6,3.7,0
30,2011,179,9400,13.8,18.1,1.6,3.2,21.8
30,2011,180,25100,11,23.5,1.4,2.4,0.1
30,2011,181,29200,13.1,31,1.7,1.4,0
30,2011,182,29600,14.9,33.5,2,1.4,0
30,2011,183,29500,15.8,39.8,2,1.1,0
30,2011,184,29600,18.1,40.1,2.2,1.8,0
30,2011,185,29900,19,42.4,2.2,1.2,0
30,2011,186,29200,17.6,40,2.1,1.4,0
30,2011,187,28700,19,34.8,1.8,2.2,0
30,2011,188,29200,16.6,33.1,1.6,2.5,0
30,2011,189,29300,15.1,34.6,1.9,1.4,0
30,2011,190,30000,15.1,30.3,1.7,2.9,0
30,2011,191,29200,12.1,29.6,1.6,2.8,0
30,2011,192,29300,13.7,26.4,1.5,3.7,0
30,2011,193,28700,11.9,27.5,1.6,3.5,0
30,2011,194,28600,13.1,25.3,1.6,4.1,0
30,2011,195,29100,11.7,26.6,1.5,2.7,0
30,2011,196,28500,11.3,26.6,1.5,3,0
30,2011,197,28400,13.1,26.6,1.6,3.4,0
30,2011,198,28400,13.6,25.9,1.4,3.7,0
30,2011,199,27800,12.7,28.2,1.6,2.7,0
30,2011,200,28700,14.1,30.3,1.8,1.6,0
30,2011,201,28800,13.9,34.6,1.8,1.2,0.1
30,2011,202,28400,15.4,36.4,1.8,1.4,0
30,2011,203,28200,16.6,34.8,1.9,1.6,0
30,2011,204,28100,15.1,30.9,1.8,2.4,0
30,2011,205,28500,14.4,30.3,1.6,2.6,0
30,2011,206,28800,12.7,31.6,1.6,2.4,0
30,2011,207,28400,14.2,33.7,1.7,1.4,0
30,2011,208,28200,13.9,36.6,1.8,1,0
30,2011,209,27900,13.9,35.2,1.8,1.3,0
30,2011,210,27300,15.2,34.1,1.8,2,0
30,2011,211,27100,14.5,31.3,1.8,2.8,0
30,2011,212,27400,14,29.3,1.7,2.8,0
30,2011,213,27900,13.4,34.8,1.7,1.9,0
30,2011,214,28200,13.3,39.9,1.7,1.4,0
30,2011,215,27900,14.2,33.7,1.7,1.9,0
30,2011,216,27200,13.7,28.5,1.6,3.1,0
30,2011,217,27500,12.2,32.9,1.7,1.3,0
30,2011,218,27200,13.4,30.3,1.8,2.2,0
30,2011,219,27000,13,30.1,1.7,2.2,0
30,2011,220,27100,12.2,31.9,1.7,1.6,0
30,2011,221,27100,11,35.2,1.6,1.2,0
30,2011,222,26900,14.4,33.7,1.7,1.6,0
30,2011,223,26500,13.1,31.3,1.7,2.1,0
30,2011,224,25400,12.3,33.5,1.7,1.4,0
30,2011,225,26400,14.1,34.7,1.6,1.8,0
30,2011,226,26400,14.5,33.3,1.4,2.8,0
30,2011,227,26300,13.2,33,1.5,1.9,0
30,2011,228,26500,12.3,34,1.5,1.6,0
30,2011,229,26000,13.3,35.6,1.5,1.5,0
30,2011,230,25700,13.7,33.8,1.6,1.9,0
30,2011,231,25700,13,29.9,1.6,2.8,0
30,2011,232,25600,11.4,29,1.5,2.8,0
30,2011,233,25500,12.1,30.6,1.6,2.3,0
30,2011,234,25300,12.4,31.9,1.6,1.6,0
30,2011,235,24800,11.7,34.4,1.6,1.3,0
30,2011,236,24400,15.7,34.2,1.6,2,0
30,2011,237,24700,14,36.2,1.6,1.6,0
30,2011,238,24700,14.3,36.6,1.7,1.3,0
30,2011,239,24600,13.2,37,1.5,1.6,0
30,2011,240,25200,11.6,37.4,1.6,1.2,0
30,2011,241,24400,12.7,35.1,1.6,1,0
30,2011,242,24400,11.9,30.6,1.6,2.1,0
30,2011,243,23900,12.9,30.3,1.6,1.9,0
30,2011,244,23900,12.8,34.2,1.7,1.2,0
30,2011,245,23900,13.1,38.3,1.5,0.4,0
30,2011,246,23800,13.7,35,1.6,0.5,0
30,2011,247,23500,13.1,36.5,1.6,0.4,0
30,2011,248,23200,11.5,33.7,1.5,1.2,0
30,2011,249,23300,10.6,37.5,1.5,0.8,0
30,2011,250,22500,12.9,40.1,1.5,0.5,0
30,2011,251,22800,13.1,35.8,1.6,1.1,0
30,2011,252,21900,13.7,36.2,1.8,1.6,0
30,2011,253,21500,15.6,33,1.7,2.4,0
30,2011,254,19300,15.7,27.4,1.7,3.2,0
30,2011,255,20400,14.6,31.5,1.7,1.5,0
30,2011,256,21000,14.7,36,1.9,1.3,0
30,2011,257,21100,15.9,30.7,1.7,2,0
30,2011,258,21200,12.7,26.8,1.4,3.2,0
30,2011,259,21300,10.7,27,1.5,1.9,0
30,2011,260,20800,9.9,32.1,1.5,1.1,0
30,2011,261,21100,11.5,31.9,1.5,1,0
30,2011,262,21000,12,36.5,1.7,1.2,0
30,2011,263,21000,13.5,34.6,1.8,1,0
30,2011,264,20800,12.6,37.8,1.7,1,0
30,2011,265,20400,11.7,38.2,1.7,1.1,0
30,2011,266,19700,13,36.8,1.7,1.3,0
30,2011,267,18900,14.1,29.6,1.6,3.1,0
30,2011,268,11200,12.9,21.9,1.6,2.6,0.3
30,2011,269,19200,10.8,29.9,1.5,1.2,0
30,2011,270,18900,11.1,33.3,1.5,1.1,0
30,2011,271,19100,12.3,35.1,1.7,1,0
30,2011,272,18600,13.1,34.3,1.8,1.7,0
30,2011,273,18600,12.9,27.6,1.6,3,0
30,2011,274,17500,12.1,24.4,1.5,2.1,0
30,2011,275,18300,9.4,24.7,1.4,1.9,0
30,2011,276,9800,8.4,22.2,1.3,1.8,0.7
30,2011,277,9100,12.4,18.5,1.5,2.6,4
30,2011,278,14200,8.4,19.4,1.2,2.9,6.8
30,2011,279,10900,5.4,17.6,1.1,2.1,0.5
30,2011,280,17600,3.6,22.9,1.1,1,0.2
30,2011,281,17600,4.9,25.8,1.2,1,0.1
30,2011,282,17100,6.6,26.1,1.3,1.1,0
30,2011,283,5400,14.1,17.1,1.7,3.5,20.9
30,2011,284,16300,11.6,24.8,1.7,1.9,0
30,2011,285,16600,7.5,25.6,1.4,1,0.3
30,2011,286,16300,8.1,27.6,1.5,0.8,0.1
30,2011,287,16100,8.4,30.9,1.6,1,0.1
30,2011,288,15400,12.8,29.9,1.7,1.3,0
30,2011,289,15500,11.7,26.2,1.6,2,0
30,2011,290,15900,8.9,28.7,1.5,1.3,0
30,2011,291,15700,9.2,30.5,1.5,1.2,0.1
30,2011,292,15500,11.7,25.8,1.5,1.8,0
30,2011,293,15400,9.7,27,1.5,1,0.1
30,2011,294,15300,7.7,26.7,1.4,1.1,0.2
30,2011,295,15400,7.4,28.7,1.3,1.1,0.1
30,2011,296,15000,7.3,29.5,1.4,1,0
30,2011,297,14200,7.5,26.6,1.3,1.5,0.1
30,2011,298,14700,6,23.7,0.9,1.9,0.1
30,2011,299,15200,3.3,23.1,0.6,3.3,0.4
30,2011,300,14400,1.4,23.3,0.8,1.3,0
30,2011,301,14600,2.3,23.9,0.8,1.3,0
30,2011,302,14300,2,27.9,0.9,1.4,0
30,2011,303,14100,5.1,25.8,1,1.1,0
30,2011,304,13600,5.2,26.2,1.2,1.3,0
30,2011,305,14100,7.9,22.1,0.5,6,0
30,2011,306,13800,0.1,22.9,0.7,1.5,0
30,2011,307,8600,3.9,19.2,0.8,3.1,0.3
30,2011,308,12800,-0.1,14.7,0.8,1.8,0.1
30,2011,309,8200,-1.2,13.4,0.8,2.8,8.2
30,2011,310,9000,3.5,13.5,1,1.7,1.8
30,2011,311,12900,0.3,17.4,0.8,1.2,0.2
30,2011,312,12700,-0.6,15.4,0.8,1.2,0.2
30,2011,313,12300,-0.9,17.6,0.8,1.1,0.2
30,2011,314,12400,-0.9,20,0.8,1.2,0.1
30,2011,315,5400,1,15.6,0.9,1.2,0.8
30,2011,316,11100,6.4,17.8,1.1,1.7,0.1
30,2011,317,11300,4.9,18.7,1.1,2,0
30,2011,318,11000,6.4,19,1.1,2,0
30,2011,319,11400,2.3,18,1,1.4,0.1
30,2011,320,11500,1.5,22,1,1,0.2
30,2011,321,9500,5.9,18.4,1.1,2.9,0.1
30,2011,322,7000,4.1,15.7,1,3.9,0.1
30,2011,323,8900,-0.9,12.8,0.8,1.9,3.1
30,2011,324,6600,5.8,11.9,1,3.3,3.1
30,2011,325,9600,1.4,15.5,0.9,1.7,0.1
30,2011,326,10300,4.7,16.3,1,2.4,0.1
30,2011,327,5300,3.5,13.3,1,1.5,0
30,2011,328,4900,7.1,11.4,1.1,1.4,3.3
30,2011,329,8700,2.3,14.3,1,1.4,0.2
30,2011,330,7300,2.1,10.7,1.1,1.3,0.3
30,2011,331,6400,6,11.3,1,1.2,0.4
30,2011,332,8200,2.7,14,1,0.8,0.3
30,2011,333,5900,4.5,8.3,1,1.3,0.2
30,2011,334,10000,4.3,17.3,0.8,4.6,0
30,2011,335,10500,9.1,18,0.5,7,0
30,2011,336,10300,5.2,21.5,0.5,4.4,0
30,2011,337,10400,4.3,16.2,0.4,5.8,0
30,2011,338,10000,-1.9,15.4,0.5,1.7,0
30,2011,339,10000,-0.2,15.4,0.5,2,0
30,2011,340,9800,-3.5,13.7,0.6,1.1,0
30,2011,341,9200,-3.1,14.3,0.6,1.1,0
30,2011,342,9600,-3.5,14.6,0.7,1.1,0.1
30,2011,343,9800,-5.1,15.3,0.7,0.9,0.1
30,2011,344,8300,-4.8,14.9,0.7,1,0.1
30,2011,345,8500,-3.9,10.3,0.7,1.4,0.1
30,2011,346,7600,0.1,13.2,0.7,1.9,0
30,2011,347,9300,-4.5,15.3,0.6,1.1,0.1
30,2011,348,9100,-4.7,13.5,0.7,1.3,0.1
30,2011,349,8200,4.5,12,0.9,3.4,2.6
30,2011,350,8900,-2,19.3,0.7,2.8,0
30,2011,351,9000,-3.2,13.7,0.7,1.6,0.1
30,2011,352,8300,-2.9,13.7,0.7,1.4,0.1
30,2011,353,9000,-2.1,19.4,0.7,2.6,0.1
30,2011,354,8300,-3.9,12.1,0.7,1.4,0.1
30,2011,355,8900,-4.7,16.8,0.5,3,0.2
30,2011,356,9900,-3.9,15.9,0.3,3.8,0
30,2011,357,8100,-6.6,12.6,0.5,1.1,0
30,2011,358,9500,-7.2,13.6,0.5,1,0.1
30,2011,359,8700,-6,13.1,0.6,1.3,0.1
30,2011,360,9100,-6.8,13.7,0.6,1.3,0.1
30,2011,361,8500,-5.1,15.7,0.6,1.6,0.1
30,2011,362,7200,2.1,14.9,0.7,1.3,0
30,2011,363,6200,4.81,14.33,1.15,1.23,1.74
30,2011,364,4000,4.7,14.53,1.31,1.57,4.22
30,2011,365,8900,3.37,14.64,0.83,1.78,0.69
