*---------------------------------------------------------*
* Weather file for rice yield gap assessment using Oryza(v3)
*      Project: Global Yield Gap Atlas (www.yieldgap.org)
*      Country: USA
*  Station_num: 12
* Station_name: Durham
*         Year: 2014
*       Source: http://www.cimis.water.ca.gov
*       Author: M. Espe
*         Date: 11-16-2015
*    Longitude: -121.82
*     Latitude: 39.61
*    Elevation: 130
*
*  Columns:
*  1. station number
*  2. year
*  3. day
*  4. average insolation incident on a horizontal surface (kJ m-2 d-1)
*  5. minimum temperature (degrees Celsius)
*  6. maximum temperature (degrees Celsius)
*  7. vapour pressure (kPa)
*  8. mean wind speed (m s-1)
*  9. precipitation (mm d-1)
*---------------------------------------------------------*
-121.82,39.61,130,0,0
12,2014,1,9500,-1.2,15.5,0.7,0.9,0
12,2014,2,9000,1.2,20.4,0.8,1,0
12,2014,3,9400,0.4,19.8,0.8,0.9,0
12,2014,4,10100,0.7,20,0.5,2.3,0
12,2014,5,10000,1.8,21.1,0.4,1.7,0
12,2014,6,4900,0.6,14.3,0.6,0.9,0
12,2014,7,8600,-1.1,16.1,0.7,0.9,0
12,2014,8,7400,-0.8,14,0.8,1,0
12,2014,9,7700,1.7,13.9,1,0.9,0
12,2014,10,9700,2,16.9,0.9,1.1,0
12,2014,11,9900,4.3,13.5,1.1,2.2,0.2
12,2014,12,10100,0.3,16.1,0.7,2.4,0.1
12,2014,13,10600,1.2,16.1,0.8,2,0
12,2014,14,10700,2.4,24.2,0.6,2.4,0
12,2014,15,10800,-0.4,25.4,0.7,1.2,0
12,2014,16,11100,-1.8,19.9,0.7,1,0
12,2014,17,11000,-0.2,22.5,0.7,0.9,0
12,2014,18,11100,-1.1,19.2,0.6,1,0
12,2014,19,11300,-1.1,21.9,0.6,0.8,0
12,2014,20,11500,-1.5,23.3,0.6,1.1,0
12,2014,21,11400,0.2,22.4,0.6,1.3,0
12,2014,22,11300,-1,18.2,0.7,1,0
12,2014,23,11400,9.3,24.8,0.5,2.2,0
12,2014,24,11500,5.8,25.6,0.6,1.5,0
12,2014,25,11700,3.9,24.6,0.7,1.5,0
12,2014,26,11800,1.1,21.5,0.7,1,0
12,2014,27,7100,2.2,16.2,0.8,0.9,0
12,2014,28,9300,8.7,19.3,1,0.7,0
12,2014,29,2100,8.1,15.3,1.3,1.7,3.8
12,2014,30,10900,6.2,16.5,1.1,0.9,0
12,2014,31,12700,1.6,15.9,0.6,2.4,0.1
12,2014,32,13000,2.7,15.8,0.5,1.6,0
12,2014,33,5000,1.1,11.9,0.7,1.4,0
12,2014,34,11400,-1.6,14.6,0.6,1.1,0
12,2014,35,12100,-1.6,13.6,0.6,1,0
12,2014,36,12500,-2.6,12.2,0.8,1.1,0.5
12,2014,37,4000,5.6,9.4,1,1.7,8.2
12,2014,38,2400,8.8,10.5,1.1,3.8,16.8
12,2014,39,2300,10.4,13.6,1.4,3.9,20.3
12,2014,40,1300,12.8,15.1,1.6,3.6,24.9
12,2014,41,13200,10,17.9,1.4,1.2,4
12,2014,42,13700,5.6,18.3,1.2,0.9,0.1
12,2014,43,9600,9.3,18.8,1.4,2,0.1
12,2014,44,4200,11.6,16.1,1.5,1.2,0
12,2014,45,9300,11.7,20.1,1.6,2.4,0
12,2014,46,2000,13.3,15.5,1.5,3.1,0
12,2014,47,15400,4.4,18.7,1,1.3,0
12,2014,48,13500,1.4,18.3,0.9,1,0
12,2014,49,12100,2.8,17.3,1,1.1,0
12,2014,50,15400,6.8,17.7,0.8,2.5,0.5
12,2014,51,15800,4.3,21.5,0.8,1.9,0
12,2014,52,16000,4,22.7,0.9,1.3,0
12,2014,53,16500,1.8,23.6,0.9,0.9,0
12,2014,54,16600,3.2,22.4,0.9,1,0
12,2014,55,16700,3.7,24,1,1,0
12,2014,56,16800,4.8,22.2,1.1,1.2,0.1
12,2014,57,5200,9.4,14.9,1.3,1.8,18.8
12,2014,58,7100,11.6,17.6,1.4,3.1,0.1
12,2014,59,3600,9.2,15.4,1.2,1.5,22.9
12,2014,60,9000,9,19.2,1.3,1.1,1.8
12,2014,61,4100,10.5,15,1.4,2.1,0.5
12,2014,62,3600,11.2,13.1,1.4,2,31.1
12,2014,63,12200,10.4,17.5,1.5,1.3,1.3
12,2014,64,7200,12.1,18.3,1.7,1.9,6.6
12,2014,65,12000,9.2,20.5,1.4,2.4,0.1
12,2014,66,18900,6.5,21.9,1.1,2.4,0
12,2014,67,18200,4.3,20.4,1.3,1.3,0
12,2014,68,4500,12.7,16.2,1.6,1.2,0.4
12,2014,69,19400,8.8,19.4,1.2,2.4,10.5
12,2014,70,20400,7,22.3,0.7,3.5,0
12,2014,71,20600,6.8,23.4,0.7,2.5,0
12,2014,72,20600,4.2,25.6,1,1.2,0
12,2014,73,20100,5,24.5,1.1,1.1,0
12,2014,74,20700,7.3,28.1,1.1,1.4,0
12,2014,75,20100,5.5,25.8,1.3,1.3,0
12,2014,76,21200,7.3,19.6,0.8,3.6,0
12,2014,77,21400,6.1,21.9,0.6,3.3,0
12,2014,78,21400,2.4,24.6,0.9,1.1,0
12,2014,79,21400,4.8,24.8,1,1.1,0
12,2014,80,21400,4.1,24.1,1,1.1,0
12,2014,81,22100,4.7,25.8,0.9,1.5,0
12,2014,82,22400,4.6,25.6,1.1,1.2,0
12,2014,83,22700,3.5,26.7,1,1.1,0
12,2014,84,8700,10.6,16.6,1.2,1.8,3.9
12,2014,85,6300,9.5,13.8,1.3,2.4,5.6
12,2014,86,12600,9.1,17.6,1.3,2.3,0
12,2014,87,10800,11.4,18.9,1.4,2.9,0.7
12,2014,88,2400,8,15.1,1.5,2.8,16.4
12,2014,89,16800,2.6,16.8,1.1,1.6,0
12,2014,90,5400,6.7,13.8,1.1,2.1,5.6
12,2014,91,11500,6.6,12.2,1.1,2.5,3.7
12,2014,92,19500,6.8,17.6,1.1,1.1,0
12,2014,93,17300,5.6,18.3,1.1,1.5,0.1
12,2014,94,10900,5.5,16.2,1.1,1.1,1.2
12,2014,95,24200,2.9,22.2,1.1,1.5,0.1
12,2014,96,24300,5.6,26.3,1.2,1.7,0
12,2014,97,25100,8.5,27.8,1.4,1.3,0
12,2014,98,23400,8.5,29.8,1.5,1,0
12,2014,99,24500,9.8,28.3,1.4,1.1,0
12,2014,100,25800,8.2,29.2,1.4,1,0
12,2014,101,24400,9.2,29.4,1.4,1,0
12,2014,102,25600,9.6,26.1,1.5,1.5,0
12,2014,103,26500,7.8,26.3,1.1,1.7,0
12,2014,104,26400,6.6,28.1,1.3,1.2,0
12,2014,105,25600,9.6,28.6,1.4,1,0
12,2014,106,25500,8.7,27.8,1.3,1.7,0
12,2014,107,25800,9.2,29.5,1.4,2.1,0.1
12,2014,108,25600,12.3,27.4,1.4,2.5,0
12,2014,109,26400,10.3,26.7,1.4,1.4,0
12,2014,110,26900,6.9,30.2,1.3,1.3,0
12,2014,111,9500,10.1,23.9,1.4,1.4,0
12,2014,112,24100,9.2,20.9,1,1.9,0
12,2014,113,26800,3.4,23.5,1.1,1,0
12,2014,114,17600,13.3,22.9,1.3,1.8,0
12,2014,115,7300,4.8,15.6,1,1.6,15.1
12,2014,116,23100,3.7,17.8,1,1.6,0.1
12,2014,117,15000,9.2,19.7,1.1,1.6,0
12,2014,118,27400,7.9,25.1,1.1,1.5,0.1
12,2014,119,28300,11.1,35.3,1.1,2.2,0
12,2014,120,28500,12.5,39.6,1.5,1.5,0
12,2014,121,26200,11.1,45.5,2,0.8,0
12,2014,122,27000,12.4,46.5,1.9,1.5,0
12,2014,123,27600,19.5,36.3,1.8,2.9,11.6
12,2014,124,26400,12.6,34.4,1.7,1.9,0
12,2014,125,22900,13.4,30.8,1.6,1.8,1.5
12,2014,126,26400,10.7,33.9,1.3,2.2,0
12,2014,127,27300,9.4,34,1.6,1.3,0
12,2014,128,14100,17.5,28.6,1.8,2.8,0
12,2014,129,24300,16.9,34.2,1.8,2.2,0
12,2014,130,25500,12.4,30.4,1,3.3,8.9
12,2014,131,30100,9.6,37.3,1.2,2.1,0
12,2014,132,29400,10.2,45.1,1.7,1.5,0
12,2014,133,29800,12.7,44.22,2.3,1.1,0
12,2014,134,29400,13.9,43.34,2.9,0.8,0
12,2014,135,25900,16.4,42.46,3.1,0.9,0
12,2014,136,30200,16.4,41.58,2.4,1.3,0
12,2014,137,28800,15.9,40.7,2.4,1.9,0
12,2014,138,28500,19.7,39.6,2.1,1.5,0
12,2014,139,26600,17.5,35.7,1.9,2.1,0.7
12,2014,140,19400,12.7,32.7,1.9,1.4,0.1
12,2014,141,28200,12.1,46.2,2.4,1,0
12,2014,142,29700,16.3,49.8,2.8,1.3,0
12,2014,143,29600,17.8,45.96,3.6,1,0
12,2014,144,29600,19.9,42.12,3.7,1.1,21.9
12,2014,145,29800,20.1,38.28,4.3,0.9,0
12,2014,146,30600,18.4,34.45,3.4,1.1,0
12,2014,147,29500,18.7,30.61,2.6,1.7,0
12,2014,148,32100,9.69,26.77,1.18,0.4,0
12,2014,149,31600,15.3,30.1,1,1.6,0
12,2014,150,30400,10.4,29.3,1.1,1.3,0
12,2014,151,31900,8.3,29.8,1.5,1,0
12,2014,152,31500,9.8,31.6,1.4,1,0
12,2014,153,32000,11.4,31.3,1.3,1.6,0
12,2014,154,32000,10.2,29.3,1.5,1.1,0
12,2014,155,31600,0,36.8,1.8,0.8,0
12,2014,156,31600,14,33.8,1.7,1.1,0
12,2014,157,31300,14.3,33.5,1.8,1,0
12,2014,158,31800,15.6,37,2.1,0.9,0
12,2014,159,31800,18.2,37.7,1.8,1.6,0
12,2014,160,32000,15,38.3,2.1,0.8,0
12,2014,161,31700,16.5,37,1.6,1.6,0
12,2014,162,32000,14.7,29.1,1.8,2.2,0
12,2014,163,32000,13.2,27.9,1.5,2.3,0
12,2014,164,32200,11.6,29.7,1.2,1.4,0
12,2014,165,20500,12.4,29.4,1.2,1.4,0
12,2014,166,30900,13.2,29,1.4,1.7,0
12,2014,167,30500,10.52,26.2,1.2,2.3,0
12,2014,168,31800,10.4,28.2,0.9,1.9,0
12,2014,169,32300,12.6,31.8,1,1.3,0
12,2014,170,31800,10.8,32,1.4,1,0
12,2014,171,31200,11.7,32.2,1.4,1.1,0
12,2014,172,31300,13.1,30.4,1.3,1.2,0
12,2014,173,31100,10.9,31.8,1.5,1,0
12,2014,174,31100,12,33,1.6,1.2,0
12,2014,175,30700,15.6,32.8,1.6,1.2,0
12,2014,176,19900,15.4,28.8,1.6,2.1,0
12,2014,177,26100,17,27.8,1.6,2.1,0
12,2014,178,30500,16.8,30.6,1.7,1.7,0
12,2014,179,31500,15.4,31.2,1.8,1.2,0
12,2014,180,31500,14.2,36.4,1.7,1,0
12,2014,181,31500,14.4,40,1.8,0.9,0
12,2014,182,31100,16.2,34.2,1.9,1.4,0
12,2014,183,31500,14,32.4,1.6,1.2,0
12,2014,184,31800,15.6,31.2,1.7,1.2,0
12,2014,185,32200,15.3,33.2,1.9,1.1,0
12,2014,186,32500,11.2,34.6,1.5,0.9,0
12,2014,187,31500,12,36,1.6,0.9,0
12,2014,188,25100,15.4,34.6,1.8,1,0
12,2014,189,17100,20.1,37.2,2.1,0.8,0
12,2014,190,30700,16.2,34.4,1.9,1.4,0
12,2014,191,30400,14.9,32.4,1.8,1.6,0
12,2014,192,28000,17,31.8,1.8,1.5,0
12,2014,193,30200,13.6,32.9,1.9,1.1,0
12,2014,194,30500,16.4,35.8,2.2,0.9,0
12,2014,195,30200,17.2,38.4,2.1,1.1,0
12,2014,196,25700,17,33,2.1,1.2,0
12,2014,197,22800,18.1,31.6,2,1.4,0
12,2014,198,28400,17.8,30.5,1.9,1.8,0
12,2014,199,29600,15,30.9,1.8,1.5,0
12,2014,200,29400,15.1,33.6,1.9,1.4,0
12,2014,201,24100,16.5,26.2,1.9,2.1,0
12,2014,202,18600,18.2,30.6,1.9,1.4,0
12,2014,203,23000,14.8,30.5,1.9,1.6,0
12,2014,204,30200,14.5,29.8,1.8,1.6,0
12,2014,205,30800,13.4,34.8,1.7,1.4,0
12,2014,206,30800,12.1,38.8,1.6,0.9,0
12,2014,207,30200,13.6,37.6,1.8,0.8,0
12,2014,208,22800,19.4,36.2,2,1,0
12,2014,209,27500,16,35,1.7,1.3,0
12,2014,210,27500,15.7,35.4,1.8,1,0
12,2014,211,28400,16.2,36.7,2,1,0
12,2014,212,27000,17.4,37.2,2.2,1,0
12,2014,213,29100,17,32.2,2.4,0.9,0
12,2014,214,28900,17.3,35.8,1.8,1,0
12,2014,215,23500,14.3,30.6,1.9,1.2,0
12,2014,216,10900,16.5,26.8,2,0.9,0
12,2014,217,5300,18,24.1,2.3,1.4,0
12,2014,218,21900,19.1,32,2.5,0.8,0
12,2014,219,27500,18,33.8,2.4,1,0
12,2014,220,27900,16.8,33.5,2.1,0.8,0
12,2014,221,28400,15.1,32.5,2,1,0
12,2014,222,27200,13.2,31.8,1.9,1,0
12,2014,223,19300,15.5,34,1.7,1.7,0
12,2014,224,26200,15.3,30.3,1.3,2.9,0
12,2014,225,26000,13,30.2,1.7,1.5,0
12,2014,226,27000,14.2,32,1.7,1,0
12,2014,227,27400,13.7,33.9,1.7,0.9,0
12,2014,228,27900,12.8,34.8,1.8,0.9,0
12,2014,229,27800,11.9,34.2,1.6,0.9,0
12,2014,230,27500,11.8,32.7,1.7,0.9,0
12,2014,231,26900,12.4,31,1.8,1.4,0
12,2014,232,26400,13.6,28.1,1.8,1.5,0
12,2014,233,26200,13,28.8,1.9,1.1,0
12,2014,234,26400,14.7,30.6,1.8,1.4,0
12,2014,235,26200,12.9,32.9,1.8,0.9,0
12,2014,236,26100,13.4,32,1.7,1.4,0
12,2014,237,25500,14.5,28.8,1.7,1.4,0
12,2014,238,25700,13.2,31.6,1.7,1,0
12,2014,239,25500,14.2,33.1,1.8,0.9,0
12,2014,240,25000,19.2,34.2,2,1,0
12,2014,241,14600,16.2,30.4,2,0.8,0
12,2014,242,24800,14.4,34,1.7,0.8,0
12,2014,243,24900,13.6,33.4,1.7,0.8,0
12,2014,244,25100,14.1,37.9,1.6,1.2,0
12,2014,245,25100,14.1,34,1.6,1.1,0
12,2014,246,25200,12.5,35.8,1.6,1,0
12,2014,247,24900,10,37,1.3,1.1,0
12,2014,248,24600,11.8,33,1.6,0.9,0
12,2014,249,24400,12.2,33.4,1.6,0.9,0
12,2014,250,24300,10.4,33.3,1.4,0.8,0
12,2014,251,24200,10.2,29.9,1.4,1.3,0
12,2014,252,23900,9.2,30.5,1.4,0.8,0
12,2014,253,23800,10.7,32.9,1.4,0.9,0
12,2014,254,23500,11.6,34.9,1.6,0.8,0
12,2014,255,23300,12.1,36,1.6,0.8,0
12,2014,256,20800,13.8,37,1.7,0.8,0
12,2014,257,22400,13.6,34.5,1.6,1.1,0
12,2014,258,20800,14.5,34.4,1.5,1.5,0
12,2014,259,22200,11.6,31,1.4,1,0
12,2014,260,21400,11.6,32,1.3,1.8,0
12,2014,261,15700,15.2,28.4,1.8,1.6,0
12,2014,262,19800,12.8,30,1.7,1.1,0
12,2014,263,20100,13.6,29.8,1.8,0.9,0
12,2014,264,15500,16,27,1.8,1.3,0
12,2014,265,20600,13,30.2,1.7,1.1,0
12,2014,266,19800,13,31.1,1.5,1.8,0
12,2014,267,20200,16,29.7,1.8,2.3,0
12,2014,268,17700,14.7,22.2,1.7,2,0
12,2014,269,17200,12.4,25.1,1.5,1.3,0
12,2014,270,17100,10.8,26.1,1.5,1,0
12,2014,271,8000,11.5,22.4,1.6,1.1,0
12,2014,272,19200,9.4,27,1.5,0.9,0
12,2014,273,19100,12.2,28,1.4,1.5,0
12,2014,274,20100,11.5,28,0.9,2.5,0
12,2014,275,19600,6.2,32.5,1.1,0.9,0
12,2014,276,19400,7.6,33.4,1.2,0.7,0
12,2014,277,19100,9.4,35.1,1.3,0.7,0
12,2014,278,18900,10.3,35.6,1.5,0.7,0
12,2014,279,18800,10,33.8,1.5,0.7,0
12,2014,280,18400,11,34.7,1.5,0.8,0
12,2014,281,18500,8.7,34.2,1.3,0.8,0
12,2014,282,17700,8.4,31.2,1.2,0.8,0
12,2014,283,17200,8.4,31.4,1.3,0.8,0
12,2014,284,17300,9.3,30.6,1.4,0.8,0
12,2014,285,17700,14.3,29.7,0.7,2.5,0
12,2014,286,16700,8.4,30.8,0.9,1.3,0
12,2014,287,6500,14.4,22.3,1.2,2.2,0
12,2014,288,11700,10.6,22.4,1.5,1.9,0
12,2014,289,15700,8.4,23.8,1.3,0.8,0
12,2014,290,12600,10.6,23.6,1.2,1.1,0
12,2014,291,16100,9.4,28.1,1.3,1.1,0
12,2014,292,15900,9.3,26.9,1.3,1,0
12,2014,293,7500,8.8,20.9,1.5,2.2,0
12,2014,294,14100,5.9,21.2,1,1.2,0
12,2014,295,11600,5.7,22.6,1.1,0.8,0
12,2014,296,4400,12.2,18.1,1.4,1.3,0
12,2014,297,15000,7.5,24.3,1.3,1.1,0
12,2014,298,7500,13,19.8,1.5,2.9,0
12,2014,299,14500,7.3,19.9,1,2.2,0
12,2014,300,13600,4.6,22.6,1,1.1,0
12,2014,301,14200,3.4,24,1.1,0.7,0
12,2014,302,12800,7.1,27,1.3,0.9,0
12,2014,303,11700,8.8,24.8,1.3,1.2,0
12,2014,304,3000,11.2,17.1,1.5,1.8,0
12,2014,305,9300,7.3,18,1.2,1.2,0
12,2014,306,13800,4.9,18.9,0.9,1.5,0
12,2014,307,13400,4.5,20.2,0.9,1,0
12,2014,308,12500,6.9,20.9,1.1,0.9,0
12,2014,309,12600,5,21.7,1.2,0.7,0
12,2014,310,12800,6.1,24.3,1.2,0.8,0
12,2014,311,12600,0,23,1.4,0.8,10.7
12,2014,312,12400,5.8,24.3,1.3,0.8,0.1
12,2014,313,11600,6.1,25.3,1.3,0.7,0.2
12,2014,314,12700,6.2,23.5,1.2,0.8,0.8
12,2014,315,10500,4,19.1,1.2,1.2,0.1
12,2014,316,8500,9.1,17.4,1.2,0.7,0.1
12,2014,317,3800,11.4,14.7,1.5,1,9.5
12,2014,318,9000,6.8,18.1,1.4,0.9,0
12,2014,319,10800,5.5,19.3,1.1,0.8,0.1
12,2014,320,10300,1.2,16.9,0.7,1.5,0.1
12,2014,321,11700,0.5,17.9,0.6,1.4,0
12,2014,322,7000,-0.8,16.4,0.8,0.8,0.1
12,2014,323,2400,6.7,11,1.2,0.8,12
12,2014,324,2300,9.4,11.2,1.3,0.9,4.3
12,2014,325,6600,6.7,12.6,1.2,1.3,0.1
12,2014,326,3900,4.3,15.9,1.3,1.8,11.1
12,2014,327,6800,1.4,14.9,0.9,1.3,0.2
12,2014,328,10400,0.9,19,0.8,0.9,0.1
12,2014,329,10200,1.8,19.4,0.9,0.9,0.1
12,2014,330,10200,0.7,19.2,1,0.6,0
12,2014,331,6700,2.7,18.6,1,0.7,0.1
12,2014,332,6200,0.9,14.8,1.1,1.1,11.6
12,2014,333,4000,9.6,15.8,1.3,2,3.6
12,2014,334,3000,10.2,13.1,1.4,0.9,12.3
12,2014,335,7200,10.5,17.1,1.4,1.4,5.6
12,2014,336,2900,9.8,12.7,1.4,1.2,4.6
12,2014,337,1900,11.8,17,1.6,2.6,19.7
12,2014,338,5400,12,18.2,1.6,1.3,0.6
12,2014,339,3700,11.8,18.4,1.6,1.8,12.5
12,2014,340,5000,8.9,17.8,1.5,1.9,6.1
12,2014,341,6300,7.1,16,1.3,0.9,0.1
12,2014,342,3100,9.3,16.1,1.3,0.9,0.1
12,2014,343,4200,7.6,16.2,1.4,0.9,0
12,2014,344,3300,7.8,13.4,1.3,2.2,16.9
12,2014,345,3850,7.9,13.4,1.3,2.5,78.1
12,2014,346,4400,6.9,9.6,1.1,0.9,7.4
12,2014,347,7200,3.9,11.44,1.29,0.61,0.54
12,2014,348,3200,3.82,12.24,1.24,0.95,0.58
12,2014,349,1400,0,8.8,1.1,1,17
12,2014,350,4700,0,14.1,1.2,2.2,9.7
12,2014,351,4000,9,12.8,1.2,2.5,4.1
12,2014,352,5700,0,14.5,1.1,2.5,0.54
12,2014,353,2600,10,12.3,1.2,2.2,19.1
12,2014,354,2100,10.9,13,1.3,2.3,1.1
12,2014,355,3800,12.2,16.3,1.5,1.4,0
12,2014,356,8500,0,19.5,1.4,1.6,0
12,2014,357,8500,6.3,15,1.2,1.2,0
12,2014,358,2700,5.4,14.9,1,1.9,0.1
12,2014,359,9200,-1.3,14.2,0.6,2.1,0
12,2014,360,9600,2.9,14.1,0.6,2.5,0
12,2014,361,9300,-1.1,12.3,0.7,1,0
12,2014,362,9300,-1,12.8,0.7,0.8,0
12,2014,363,5100,-2.4,10.5,0.7,0.8,0.1
12,2014,364,9800,-0.2,13,0.4,3.1,0
12,2014,365,9000,-0.3,12.2,0.3,2.7,0
