*---------------------------------------------------------*
* Weather file for rice yield gap assessment using Oryza(v3)
*      Project: Global Yield Gap Atlas (www.yieldgap.org)
*      Country: USA
*  Station_num: 30
* Station_name: Nicolaus
*         Year: 2006
*       Source: http://www.cimis.water.ca.gov
*       Author: M. Espe
*         Date: 11-16-2015
*    Longitude: -121.54
*     Latitude: 38.87
*    Elevation: 32
*
*  Columns:
*  1. station number
*  2. year
*  3. day
*  4. average insolation incident on a horizontal surface (kJ m-2 d-1)
*  5. minimum temperature (degrees Celsius)
*  6. maximum temperature (degrees Celsius)
*  7. vapour pressure (kPa)
*  8. mean wind speed (m s-1)
*  9. precipitation (mm d-1)
*---------------------------------------------------------*
-121.54,38.87,32,0,0
30,2006,1,1900,7,13.7,1,6.7,9.9
30,2006,2,1300,7.8,10.9,1.2,2.1,14.6
30,2006,3,2700,7.6,12,1.1,4.1,0.3
30,2006,4,9700,7.6,15.9,1.2,1.9,0
30,2006,5,8700,4.7,16.6,1.1,1.1,0.2
30,2006,6,10200,4.1,16.3,1.1,1.4,0.2
30,2006,7,8100,8.5,16.8,1.2,3.2,1.8
30,2006,8,10700,4.2,14.2,0.9,2.1,0
30,2006,9,11200,2.8,14.7,0.9,1.4,0
30,2006,10,8100,2.1,14.2,1,2,0.3
30,2006,11,5700,5.6,13.3,1.2,3.1,2
30,2006,12,10200,4.6,12.3,1,1.7,0.1
30,2006,13,9000,8.3,11.9,1.1,1.5,0.1
30,2006,14,4100,6.5,12.8,1,3.8,9.3
30,2006,15,12100,0.9,12.4,0.7,1.7,0
30,2006,16,7500,2.3,12,0.8,1.1,0
30,2006,17,7400,4.7,12.4,0.9,3.2,4.6
30,2006,18,9100,4.2,13.5,1,4,1
30,2006,19,11000,0.7,13,0.8,2,0.2
30,2006,20,11900,-0.7,12.5,0.8,1.9,1.5
30,2006,21,8500,4,12,1,1.9,0.3
30,2006,22,12600,1.7,15.5,0.7,4.5,0.1
30,2006,23,12600,3.7,20.1,0.8,3.1,0
30,2006,24,12900,0.3,16.1,0.9,1.3,0
30,2006,25,7300,-0.1,14.4,0.9,2.3,1.1
30,2006,26,10500,4.9,13.7,0.9,2.5,0
30,2006,27,7800,6.2,13.9,0.9,3,0.7
30,2006,28,4600,7.3,12.9,1,4.8,0.5
30,2006,29,9100,7.3,15.1,1.1,2,0
30,2006,30,4600,5.2,13.1,1.1,3,6.6
30,2006,31,6900,1.3,11.5,0.9,1.7,0.1
30,2006,32,2800,9.2,13.5,1.1,3.6,5.3
30,2006,33,6600,7.8,17.4,1.3,3.4,3.1
30,2006,34,7700,7.1,18.8,1.3,1.5,0.1
30,2006,35,12000,6.3,18.3,1,3.1,0.9
30,2006,36,14800,2.6,16.8,0.8,2.5,0
30,2006,37,11700,1.7,17.1,0.9,1.7,0
30,2006,38,14500,1.3,22,1,1.2,0.1
30,2006,39,14700,1.4,21.6,1,1,0.2
30,2006,40,15000,1.7,22.9,1,1.2,0.1
30,2006,41,11300,2.5,21.4,1,1.1,0.1
30,2006,42,10100,4.7,22.4,1.1,1.2,0.1
30,2006,43,11600,1.7,22.2,1,1.6,0.2
30,2006,44,12200,1.7,23.7,1,1.4,0.1
30,2006,45,15900,4.1,20.1,0.7,2.7,0
30,2006,46,15800,-0.6,12.8,0.5,2,0
30,2006,47,14400,-3.7,11.9,0.6,1.9,0
30,2006,48,5000,1,10.4,0.7,2.6,1.2
30,2006,49,8300,3,12.1,0.8,2.2,0.1
30,2006,50,14800,1.5,11.6,0.8,1.8,2.3
30,2006,51,17300,-2.7,15.2,0.6,2,0
30,2006,52,16900,-3.3,15.2,0.6,1.3,0
30,2006,53,17300,-1.7,17.3,0.7,1.5,0
30,2006,54,17800,-1.2,19.9,0.8,1.3,0
30,2006,55,17100,1,20.4,0.9,1.3,0
30,2006,56,10800,2.1,21.4,0.9,1.4,0
30,2006,57,2900,4.9,16.3,1,3.4,7.6
30,2006,58,3600,10.3,16.2,1.3,6.7,31.1
30,2006,59,13200,5.9,14.8,1,4.6,7.3
30,2006,60,16400,1.6,15.7,0.9,2.8,1.9
30,2006,61,17400,5.8,14.1,0.9,2.6,5.3
30,2006,62,15500,3.8,13.4,0.9,3.6,2.4
30,2006,63,12800,1.7,13.1,0.8,2.5,0
30,2006,64,4500,7.7,12.3,0.9,3.5,20.9
30,2006,65,13300,6.7,15.4,1.1,3.2,16.8
30,2006,66,15800,4.5,16.4,1,2.6,2.3
30,2006,67,15000,1.7,15.3,0.9,1.8,0.4
30,2006,68,18000,4.1,14.5,0.8,3.6,0
30,2006,69,11100,1.1,11,0.7,3.7,0.2
30,2006,70,19800,-0.8,11.5,0.7,1.9,0.1
30,2006,71,12300,2.2,10.5,0.8,3.3,5.6
30,2006,72,12500,2.9,13,0.8,3.2,1.9
30,2006,73,17000,4.4,14,0.9,3.8,13.1
30,2006,74,17400,3.6,15.2,0.9,2.3,0.1
30,2006,75,8400,6.8,15.7,1,3.8,2.3
30,2006,76,18100,4.7,15.7,1,1.9,0.4
30,2006,77,21700,2,16.5,0.7,3.6,0.1
30,2006,78,22400,1.7,15.9,0.7,3.8,0
30,2006,79,10300,4.9,10.2,0.9,3.8,8.4
30,2006,80,16700,4.6,14.6,0.9,2,0.5
30,2006,81,17200,1.8,16.3,0.9,1.3,0
30,2006,82,19800,3.1,19.7,1,1.8,0
30,2006,83,7400,9.9,18.3,1.2,2.4,5.7
30,2006,84,18500,7.3,15.6,1.1,4.7,15.9
30,2006,85,21100,2.9,17.6,1,2.4,0
30,2006,86,9400,5.5,18.6,1.1,2.8,9.3
30,2006,87,10400,6.9,16.7,1.1,4.3,0.3
30,2006,88,16000,5.9,13.9,1,3,2.9
30,2006,89,7300,4.5,15.3,1,2,0.5
30,2006,90,6700,6.2,15.9,1.1,3.3,11.4
30,2006,91,20500,6.4,15.5,1,3,1.1
30,2006,92,7000,8.8,13.7,1.1,2.2,10.2
30,2006,93,11800,10.5,14.8,1.3,3.3,8.5
30,2006,94,9100,6.8,13.3,1.1,2.5,19.1
30,2006,95,23600,7.3,15.4,1.1,2.6,0.9
30,2006,96,17200,6.8,17.4,1,1.9,0
30,2006,97,10300,6.2,18.1,1.1,2.5,5.5
30,2006,98,21900,7.3,17.2,1,1.8,0
30,2006,99,12400,9.6,17.4,1.1,1.8,0
30,2006,100,18300,9.5,16.4,1.2,2.8,0.2
30,2006,101,4900,10,14.9,1.2,3.7,12
30,2006,102,4100,10.2,17.5,1.3,1.8,5.8
30,2006,103,23900,8.4,23.1,1.3,1.8,0.3
30,2006,104,12500,10.3,22.9,1.4,2.6,0
30,2006,105,12200,9.3,15.4,1.1,4.5,0
30,2006,106,17000,6.1,15.3,1,3.5,8.3
30,2006,107,24800,3.5,16,0.8,2.1,0
30,2006,108,26800,4.1,20.8,0.9,1.9,0
30,2006,109,27300,3.9,25.7,1.1,1.4,0
30,2006,110,21800,8.7,24.3,1.2,1.8,0
30,2006,111,19100,9.5,22.4,1.3,2.2,0.1
30,2006,112,19700,9.8,19.7,1.3,2,0.1
30,2006,113,14500,9.4,21.1,1.4,2.2,0
30,2006,114,9000,9.4,18.5,1.2,2.8,0
30,2006,115,11000,0,20.7,1.4,1.7,0
30,2006,116,21000,8.4,26,1.5,1.7,0
30,2006,117,27300,9.5,29.8,1.5,1.9,0
30,2006,118,15500,12.7,28.4,1.7,1.8,0
30,2006,119,14800,11,25,1.6,2.2,0
30,2006,120,28200,10.7,30.8,1.4,1.3,0
30,2006,121,28900,6.5,32.1,1.4,1.1,0
30,2006,122,27900,8.9,29.6,1.2,1.5,0
30,2006,123,13100,10.5,25,1.3,2.3,0
30,2006,124,20400,9.7,23.9,1.3,2.7,0
30,2006,125,13100,9.5,24.2,1.4,2.5,0
30,2006,126,21000,8.9,24.5,1.3,2.4,0
30,2006,127,27700,8.7,29.9,1.4,1.7,0
30,2006,128,29400,10.6,30.1,1.1,2,0
30,2006,129,30100,8,31.8,1,2.2,0
30,2006,130,26900,8.3,34.2,1.1,1.4,0
30,2006,131,28400,13.5,33,1.1,2.5,0
30,2006,132,27200,10.7,32.2,1.3,1.7,0
30,2006,133,29800,11.7,31.1,1.3,2.2,0
30,2006,134,30200,10.1,35.5,1.4,2.2,0
30,2006,135,23400,15.2,35.4,1.5,2.7,0
30,2006,136,27400,13.5,35.2,1.6,1.8,0
30,2006,137,15400,14.8,35.5,1.6,2.1,0
30,2006,138,15700,15,33.2,1.4,3,0
30,2006,139,4900,11.8,27.3,1.3,3.5,3.4
30,2006,140,18500,10.5,25.9,1.5,1.8,0.1
30,2006,141,15200,14.2,22.1,1.6,3.2,5.7
30,2006,142,27100,12.7,22,1.3,3.4,1.1
30,2006,143,26400,13.8,24.2,1.3,2.5,0
30,2006,144,27900,12.8,25.6,1.3,2.4,0
30,2006,145,30600,11.1,26,1.3,3,0
30,2006,146,28600,10.6,24.1,1,3.2,0
30,2006,147,32000,7.7,22.1,0.9,2,0
30,2006,148,32500,7,25.2,1,1.9,0
30,2006,149,30600,9.1,28.4,1,1.9,0
30,2006,150,24800,11,30.6,1.1,1.9,0
30,2006,151,21800,0,32.6,1.4,2,0
30,2006,152,17400,15.3,32,1.7,2,0
30,2006,153,24000,16.8,31.4,1.7,3.2,0
30,2006,154,31000,15.4,32.6,1.7,1.8,0
30,2006,155,26900,15.7,30.2,1.6,3.1,0
30,2006,156,17200,13.1,32.1,1.6,2.2,0
30,2006,157,27500,13.8,32.4,1.6,2.4,0
30,2006,158,28800,14.8,32.1,1.4,2.8,0
30,2006,159,28100,12.8,28.4,1.4,2.9,0
30,2006,160,22200,12.6,30,1.4,2.4,0
30,2006,161,13900,11.9,28.4,1.4,3.3,0
30,2006,162,13600,13.3,27.7,1.4,3.7,0
30,2006,163,18600,13.1,22.7,1.3,4.2,0
30,2006,164,19300,12.5,22.7,1.3,3.7,0
30,2006,165,24300,9.7,24.5,1.4,1.2,0
30,2006,166,32400,13.3,29.5,1.5,2.3,0
30,2006,167,32800,15.6,35.2,1.7,2.6,0
30,2006,168,32800,15.2,35.8,1.6,1.7,0
30,2006,169,30600,15.6,33,1.5,2.7,0
30,2006,170,30700,13.5,32,1.4,1.7,0
30,2006,171,32300,14.4,37.4,1.6,1.4,0
30,2006,172,32300,16.4,35.2,1.4,2.4,0
30,2006,173,32100,17.2,40.3,1.6,1.6,0
30,2006,174,30300,15.8,39.1,1.9,1.4,0
30,2006,175,28200,17.2,36.4,1.9,2,0
30,2006,176,27500,16.5,35.8,1.9,2.3,0
30,2006,177,27100,18.1,36,1.9,2.1,0
30,2006,178,19800,18.8,32.3,1.8,2.5,0
30,2006,179,17500,18.4,31.5,1.7,2.1,0
30,2006,180,30100,16.6,34.8,1.8,1.9,0
30,2006,181,27000,15.8,30.9,1.5,3,0
30,2006,182,32200,12.9,34.1,1.7,1.8,0
30,2006,183,31800,15.1,31.7,1.7,2.5,0
30,2006,184,32100,14.6,32.7,1.6,2.4,0
30,2006,185,30300,15.1,31.8,1.6,2.6,0
30,2006,186,31800,13.2,29.7,1.5,3.1,0
30,2006,187,32100,13.3,30.2,1.6,2.3,0
30,2006,188,32400,11.7,35.4,1.6,1.4,0
30,2006,189,32000,15.1,38.3,1.7,1.4,0
30,2006,190,31600,17.3,37.6,1.7,2,0
30,2006,191,31200,15.5,32.6,1.6,3.5,0
30,2006,192,31800,14.4,31.1,1.4,4.1,0
30,2006,193,31500,12.3,30,1.5,3,0
30,2006,194,31800,15.3,35.6,1.7,1.2,0
30,2006,195,31700,17.2,35.2,1.5,1.5,0
30,2006,196,31100,13.9,37.5,1.5,1.6,0
30,2006,197,31700,15.4,38,1.8,1.8,0
30,2006,198,31100,16,40.4,1.8,1.7,0
30,2006,199,30300,18.4,37.6,1.9,2.4,0
30,2006,200,21200,21.3,36.9,1.8,2.1,0
30,2006,201,30100,17.2,40.1,1.8,1.6,0
30,2006,202,19800,23.1,37.7,2.3,1.8,0
30,2006,203,29800,22.2,43.7,2.4,0.7,0
30,2006,204,29200,20.79,42.9,2.4,0.5,0
30,2006,205,29400,21.5,40.8,2.1,1.4,0
30,2006,206,30000,20.1,39.4,2.1,1.8,0
30,2006,207,29900,20.6,38.1,1.9,2.5,0
30,2006,208,29700,16.31,36,1.8,3.2,0
30,2006,209,29800,14.9,32.9,1.6,3.4,0
30,2006,210,29700,15.4,30.1,1.6,3.9,0
30,2006,211,29000,14,32.1,1.5,2.3,0
30,2006,212,28300,14.5,31.2,1.3,3.3,0
30,2006,213,30600,12.5,32.6,1.5,1.6,0
30,2006,214,28200,13.9,32.4,1.6,2.1,0
30,2006,215,29600,13.9,33.6,1.5,1.7,0
30,2006,216,29400,14.7,31,1.6,2.9,0
30,2006,217,28700,16.5,29.3,1.5,3.2,0
30,2006,218,28300,14.4,32.2,1.5,2.3,0
30,2006,219,27500,13.5,26.4,1.4,4.3,0
30,2006,220,29400,12.5,30.5,1.6,1.7,0
30,2006,221,29500,15.3,35.8,1.8,1.3,0
30,2006,222,29500,18.3,34.8,1.7,2.4,0
30,2006,223,29600,15.1,31,1.5,2.8,0
30,2006,224,29400,12.4,33.9,1.5,1.6,0
30,2006,225,28800,13.1,31.3,1.6,2,0
30,2006,226,28800,13.6,30.8,1.6,2.8,0
30,2006,227,28200,12.3,28.8,1.5,2.9,0
30,2006,228,28800,12.1,27.6,1.3,3.1,0
30,2006,229,29100,8.5,34.6,1.3,1.6,0
30,2006,230,28300,13.2,31.6,1.5,1.8,0
30,2006,231,27100,12,32.2,1.5,1.8,0
30,2006,232,25500,11.7,33,1.5,2,0
30,2006,233,27500,12.1,34.3,1.5,1.8,0
30,2006,234,27300,13.7,33.9,1.4,1.6,0
30,2006,235,27500,11.9,33,1.4,1.5,0
30,2006,236,27300,11.8,32.1,1.4,1.6,0
30,2006,237,26000,12.3,28.9,1.5,2.2,0
30,2006,238,25800,12.5,33.3,1.6,1.6,0
30,2006,239,25800,13.4,32.7,1.6,1.5,0
30,2006,240,25800,13.4,33.6,1.5,1.7,0
30,2006,241,25700,12.6,29.3,1.5,2.6,0
30,2006,242,25300,11.3,32.1,1.5,1.4,0
30,2006,243,24900,11.8,35.6,1.4,1.1,0
30,2006,244,26000,12.9,37,1.5,1.3,0
30,2006,245,23700,12.7,35.8,1.4,1.6,0
30,2006,246,24900,11.6,31.2,1.3,1.9,0
30,2006,247,25600,11.1,35.3,1.4,1.3,0
30,2006,248,25100,11.9,37.7,1.5,1.2,0
30,2006,249,24900,11.1,36.9,1.4,1.1,0
30,2006,250,24100,11.9,34.8,1.5,1.4,0
30,2006,251,22000,12.1,23.6,1.4,4,0
30,2006,252,21000,11.9,25.6,1.4,2.2,0
30,2006,253,23400,9.6,30,1.5,1.3,0.1
30,2006,254,23200,11.3,33.1,1.6,1.2,0
30,2006,255,22500,13.7,35.6,1.7,1.3,0
30,2006,256,21100,15.1,34.8,1.6,1.8,0
30,2006,257,18500,12.1,23.9,1.3,4.2,0
30,2006,258,19600,8.9,23.5,1.1,2.1,0
30,2006,259,23300,6.3,26.1,0.9,2.6,0
30,2006,260,22400,6.5,28.6,1,1.3,0
30,2006,261,20800,9.8,31.1,1.2,1.6,0
30,2006,262,21800,12.6,28.6,1.3,2,0
30,2006,263,20800,11.7,28,1,3.4,0
30,2006,264,19200,12.3,29.5,1.2,2.1,0
30,2006,265,20800,14.3,28.4,0.7,5.9,0
30,2006,266,21100,9.3,30.1,0.9,2.2,0
30,2006,267,20600,6.3,30.9,1,1.3,0
30,2006,268,19900,8.3,32.7,1,1.3,0
30,2006,269,19500,9.2,32.3,1.2,1.4,0
30,2006,270,19100,8.1,31.5,1.3,1.6,0
30,2006,271,18700,8.9,31.9,1.3,1.3,0
30,2006,272,18900,9.2,28.9,1.3,1.8,0
30,2006,273,14500,10.5,23.2,1.2,3,0
30,2006,274,13700,7.3,19,1.2,2.4,0
30,2006,275,12500,9.3,21.4,1.2,1.6,0
30,2006,276,12500,6.6,23.4,1.1,1.5,0
30,2006,277,8800,10,20.2,1.2,2.1,0
30,2006,278,8700,8.7,21.6,1.3,1.4,2.7
30,2006,279,16700,5.7,22.5,1.2,2.2,0.1
30,2006,280,19300,6.6,25.4,1.1,2.1,0
30,2006,281,19200,5.1,28.8,1,1.5,0
30,2006,282,19000,7.1,28,1,1.3,0
30,2006,283,17100,4.8,26.4,0.9,1.6,0
30,2006,284,18000,4.8,29.1,1,1.4,0
30,2006,285,18100,5.4,30,1,1.5,0
30,2006,286,17200,9.5,23.2,1.2,3.1,0
30,2006,287,16600,5.8,22.9,1.2,2.2,0
30,2006,288,14600,9.7,18.7,1.2,3.1,0
30,2006,289,14400,10.3,21.8,1.2,1.6,2.3
30,2006,290,16600,5.1,23.2,0.9,2.9,0.1
30,2006,291,16600,2.9,24.8,0.8,1.3,0
30,2006,292,16000,4.7,25.9,0.9,1.3,0
30,2006,293,15900,5.9,28.9,1.1,1.3,0
30,2006,294,15300,4.7,29.7,0.8,1.3,0
30,2006,295,15400,5.7,29.8,1,0.9,0
30,2006,296,15600,6.3,29.1,1,1.1,0
30,2006,297,13200,6,25.4,0.9,1.2,0
30,2006,298,14100,6.1,22,0.5,6.1,0
30,2006,299,14900,2.1,25.7,0.6,1.3,0
30,2006,300,15000,2.2,26.2,0.7,1.3,0
30,2006,301,14700,2.4,25.9,0.7,1.1,0
30,2006,302,14700,2.6,22.4,0.8,1.9,0
30,2006,303,12300,4.1,18.8,1,2.1,0
30,2006,304,11800,2.1,19.2,0.9,1.4,0.1
30,2006,305,7800,6.3,18.5,1,1.1,0
30,2006,306,3700,10.8,16.4,1.4,1.6,15.3
30,2006,307,5300,8.5,19.4,1.4,0.9,0.2
30,2006,308,8500,7,18.8,1.4,1.4,0.2
30,2006,309,11100,8,21,1.3,1.2,0.2
30,2006,310,10800,7.8,23.9,1.3,1,0.1
30,2006,311,12600,9.5,25.2,1.5,1.9,0
30,2006,312,10800,7.3,24.1,1.4,2.7,0.5
30,2006,313,13300,2.4,18.3,0.8,2.1,0
30,2006,314,8900,0.1,17.9,0.8,1.4,0
30,2006,315,7100,5.1,11.8,1,2.2,8.7
30,2006,316,6300,2.5,13.7,0.9,2.3,1.2
30,2006,317,2600,9.3,14.5,1.2,3.4,1.9
30,2006,318,12100,5.5,18.5,1.3,2.1,0
30,2006,319,10900,4.3,19.4,1.1,1.3,0.2
30,2006,320,6200,8.3,19.4,1.3,2,0.5
30,2006,321,6200,8.4,17.6,1.4,1,0.3
30,2006,322,11600,8.5,21,1.4,1.2,0.1
30,2006,323,7200,8.7,15.4,1.3,1,0.4
30,2006,324,3600,11.7,13.1,1.4,1.5,0.2
30,2006,325,9500,7.5,18.4,1.3,3,0
30,2006,326,6700,4.7,16,1.1,2.1,0.3
30,2006,327,12300,1.5,15.3,0.7,2.6,0
30,2006,328,10800,-2.4,13.9,0.7,1,0
30,2006,329,10700,-2.3,15.9,0.7,1,0.1
30,2006,330,2300,2.3,9.8,0.9,3.8,1.5
30,2006,331,9300,0.3,13.5,0.8,3,0.8
30,2006,332,10900,-0.7,13.2,0.6,1.6,0.1
30,2006,333,11600,-1.9,12.5,0.5,3.8,0
30,2006,334,11300,-3.4,12.9,0.6,1.4,0
30,2006,335,11100,-2.7,15.3,0.7,1.3,0
30,2006,336,10900,-4,16.2,0.6,1.2,0.1
30,2006,337,11300,-3.3,17.1,0.6,1.3,0
30,2006,338,11100,-2.6,18.4,0.6,1.1,0.1
30,2006,339,11100,-2.3,18.2,0.7,1.1,0
30,2006,340,11000,-2.7,18,0.7,1.2,0
30,2006,341,10200,-2.1,17,0.7,1.1,0.1
30,2006,342,5900,-0.6,14.5,0.8,2.6,5.5
30,2006,343,4500,9.6,14.3,1.3,4.8,23
30,2006,344,4900,5.6,11,1,3.3,6.6
30,2006,345,3000,2.9,11.9,1,2.3,8.6
30,2006,346,2700,9.3,11.8,1.2,3.4,5.5
30,2006,347,3300,10.5,16.6,1.4,3.4,1.1
30,2006,348,5600,13.4,17.3,1.5,3.7,0
30,2006,349,6900,4.4,14.6,0.9,3.4,0.2
30,2006,350,5100,-2.6,7.8,0.6,1.4,0
30,2006,351,10600,-2.1,10.5,0.6,1.6,0
30,2006,352,11100,-4.4,13.3,0.5,2.6,0.1
30,2006,353,10500,-5.7,10.9,0.6,1.2,0.1
30,2006,354,7500,-4.3,10.1,0.6,1.3,0.1
30,2006,355,1700,3.3,6.8,0.8,1.4,13.3
30,2006,356,10600,2.2,13.5,0.8,2.6,0
30,2006,357,4700,0.3,10.7,0.8,1.5,0.1
30,2006,358,4500,-0.4,8.7,0.8,1.4,0.2
30,2006,359,3500,3.2,10.9,0.9,1.2,0
30,2006,360,1400,5.6,13,1,3.8,8.5
30,2006,361,10200,6.1,14.5,0.8,6.1,0.6
30,2006,362,11000,3.3,13,0.5,6.1,0
30,2006,363,7800,-3.6,11,0.6,1.2,0
30,2006,364,9700,-3.3,11.5,0.7,1.1,0.1
30,2006,365,7900,-1.3,12.5,0.7,1,0
