*---------------------------------------------------------*
* Weather file for rice yield gap assessment using Oryza(v3)
*      Project: Global Yield Gap Atlas (www.yieldgap.org)
*      Country: USA
*  Station_num: 166
* Station_name: Lodi West
*         Year: 2002
*       Source: http://www.cimis.water.ca.gov
*       Author: M. Espe
*         Date: 11-16-2015
*    Longitude: -121.39
*     Latitude: 38.13
*    Elevation: 25
*
*  Columns:
*  1. station number
*  2. year
*  3. day
*  4. average insolation incident on a horizontal surface (kJ m-2 d-1)
*  5. minimum temperature (degrees Celsius)
*  6. maximum temperature (degrees Celsius)
*  7. vapour pressure (kPa)
*  8. mean wind speed (m s-1)
*  9. precipitation (mm d-1)
*---------------------------------------------------------*
-121.39,38.13,25,0,0
166,2002,1,1500,9.9,13.8,1.3,1.1,0.1
166,2002,2,2900,10.1,14.3,1.4,1.9,24.2
166,2002,3,10400,3.6,13.1,1,0.8,0.1
166,2002,4,7400,0.2,12.4,0.9,0.9,0.2
166,2002,5,2000,6.5,10.5,1.1,1.1,0.3
166,2002,6,3400,6.6,15,1.1,0.7,0.4
166,2002,7,5100,6.8,11.9,1.1,0.6,0.3
166,2002,8,3900,6.9,13,1.1,1,0.2
166,2002,9,8000,5.4,15.7,1.1,0.9,0
166,2002,10,10300,3.5,10.9,1,0.8,0.4
166,2002,11,9700,4.8,8.4,0.9,0.8,0.2
166,2002,12,10700,6.7,8.6,1,0.9,0
166,2002,13,9600,3.4,11.2,0.9,1,0
166,2002,14,11100,0,9.3,0.7,0.8,0.1
166,2002,15,11900,-2.4,12.3,0.6,1,0.1
166,2002,16,12200,-2.9,12.7,0.6,0.8,0.1
166,2002,17,11400,0.7,11.3,0.7,1.4,0
166,2002,18,12200,-2.7,13.5,0.6,0.9,0.1
166,2002,19,11900,-1.6,9.8,0.7,1.1,0.1
166,2002,20,11300,-1.9,14.8,0.6,0.9,0
166,2002,21,4800,1.3,13.2,0.8,1.6,1
166,2002,22,10900,-0.6,10.8,0.6,1.1,0
166,2002,23,12900,-1.8,13.1,0.6,1.2,0
166,2002,24,11800,-0.8,13.8,0.6,0.9,0
166,2002,25,7600,-1.9,11.6,0.7,0.7,0
166,2002,26,5800,2,9.1,0.9,1.2,8.6
166,2002,27,12300,0,10.2,0.6,1,0.1
166,2002,28,7100,-0.1,9.2,0.6,1.1,0
166,2002,29,13500,-0.5,8.9,0.6,1.4,0
166,2002,30,14000,-4.8,9.9,0.5,0.9,0
166,2002,31,12600,-3,12.1,0.6,0.8,0
166,2002,32,11400,-1.6,12.7,0.7,0.9,0
166,2002,33,13200,-2,13.8,0.7,0.7,0.1
166,2002,34,14500,-1.5,15.2,0.7,0.9,0.1
166,2002,35,15200,-2.9,15.9,0.7,0.7,0.2
166,2002,36,13000,-1.2,15,0.8,0.8,0
166,2002,37,10000,-0.9,15.9,0.8,0.9,0.2
166,2002,38,4000,7.7,17.1,1.1,1.7,9.5
166,2002,39,14800,1.2,15.1,0.8,1.6,0
166,2002,40,15500,0.7,17.4,0.8,0.8,0
166,2002,41,14800,-0.5,19.2,0.9,0.6,0.1
166,2002,42,14500,-0.1,18.9,0.8,0.6,0.1
166,2002,43,14800,1.2,19.5,0.9,0.6,0
166,2002,44,5600,5.4,12.4,1.1,0.9,0.9
166,2002,45,14700,2.1,19.4,1,0.7,0
166,2002,46,8600,3.6,14.3,1,0.7,0
166,2002,47,5900,4.7,15.8,1,0.8,5.4
166,2002,48,12900,6.8,12.8,0.9,0.9,5.8
166,2002,49,9800,3.2,14.8,0.9,0.9,0
166,2002,50,4500,9,12.2,1.1,2.1,2.1
166,2002,51,10200,10.6,18.8,1.4,1.1,0
166,2002,52,14600,7.5,18.4,1.3,0.8,0.2
166,2002,53,13200,7.4,19.4,1.3,1.0,0.4
166,2002,54,11200,7.8,16.3,1.1,1.5,0
166,2002,55,18300,4.3,19.4,1,1.1,0
166,2002,56,18900,1.4,20.8,1,0.6,0.1
166,2002,57,16600,3.7,21.8,1.1,0.7,0.1
166,2002,58,17800,4.5,22.9,1,0.7,0
166,2002,59,19200,1.6,22.3,0.8,1.3,0.1
166,2002,60,19900,4.3,18.5,0.5,2.5,0
166,2002,61,20300,-1.4,19.6,0.6,0.9,0
166,2002,62,19900,0.5,20.9,0.8,0.6,0
166,2002,63,19200,1.4,20.9,0.8,0.8,0
166,2002,64,9700,4.8,18.3,1.1,1,1.1
166,2002,65,8000,10,17.6,1.3,1.7,23.6
166,2002,66,13900,3.4,15.2,1,2.1,4.7
166,2002,67,20800,-0.6,13.8,0.6,1.1,0
166,2002,68,11800,0.5,15.6,0.8,1.1,0
166,2002,69,13000,8.3,17.1,1.1,0.9,12.7
166,2002,70,13700,6.1,18.2,1.1,1,0
166,2002,71,9800,6.8,17.2,1.1,1.5,0
166,2002,72,19800,3.3,14.6,0.7,1.5,0.1
166,2002,73,22000,1.6,15.3,0.7,1.8,0
166,2002,74,17500,2,13.9,0.8,1.4,0
166,2002,75,18000,3.4,13.8,0.7,1.5,0
166,2002,76,12700,1.2,9.5,0.8,1.6,4.5
166,2002,77,21700,0.7,16.3,0.6,1.9,0
166,2002,78,20800,0.3,19.5,0.8,0.8,0
166,2002,79,17500,3.9,20.8,1,0.8,0
166,2002,80,17300,3.7,19.88,1,0.8,0
166,2002,81,5400,3.5,18.96,1,0.8,0
166,2002,82,13700,3.3,18.04,1,0.8,0
166,2002,83,20400,3.1,17.12,1,0.8,0
166,2002,84,14900,2.9,16.2,0.9,0.8,0
166,2002,85,23500,3.9,20.8,1,0.9,0
166,2002,86,24300,4.7,23.2,1,1.3,0
166,2002,87,23900,5.6,27,1.1,1.3,0
166,2002,88,23500,6.4,27.3,1.2,1,0
166,2002,89,24200,7.5,26.6,1.2,0.9,0
166,2002,90,24400,6.5,27,1.2,0.7,0.1
166,2002,91,21900,8.1,28.6,1.3,0.9,0
166,2002,92,18900,9.5,23.3,1.3,1.7,0
166,2002,93,13200,9.9,18.2,1.2,2.1,0
166,2002,94,9500,9.1,16.3,1.1,1.5,0
166,2002,95,11200,9.5,20.3,1.2,1,0
166,2002,96,21200,8.4,21,1.2,1.4,0
166,2002,97,22000,5.2,23.2,1.3,1,0
166,2002,98,15700,6.5,21,1.2,1.4,0
166,2002,99,8100,9.1,17.1,1.3,1,0.2
166,2002,100,22100,10.6,22.4,1.3,1.4,0
166,2002,101,16300,10.7,23.1,1.3,1.3,0
166,2002,102,23600,6.6,26.9,1.2,1.2,0
166,2002,103,25100,7,29.7,1.4,1,0
166,2002,104,25500,8.3,26.4,1.4,1.9,0
166,2002,105,26100,5.6,17.3,0.7,1.5,0
166,2002,106,11600,3.4,16.2,0.9,1.5,3.5
166,2002,107,22000,5.7,16.2,0.8,1.7,0
166,2002,108,25200,3.7,17.9,0.8,1.3,0
166,2002,109,28400,2.2,22.1,0.7,1.5,0
166,2002,110,26400,3.8,22.9,0.9,1.1,0
166,2002,111,28000,5,24.1,1,0.9,0
166,2002,112,28400,4.6,26.9,1,0.8,0
166,2002,113,27000,5.2,30.1,1.1,1.1,0
166,2002,114,25400,11.2,21.9,1.2,1.6,0
166,2002,115,24300,10.6,22.5,1.2,1.4,0
166,2002,116,20800,8.3,16.5,1.1,1.3,0.6
166,2002,117,21900,7.3,17.2,0.8,1.6,0
166,2002,118,20300,4.9,18.1,0.8,0.9,0
166,2002,119,16900,7,16.3,1,0.9,0.8
166,2002,120,11700,4.1,17.4,0.9,1.2,0
166,2002,121,22200,5.6,19.7,1,1.2,0
166,2002,122,23900,6.7,21.4,1.1,1.2,0
166,2002,123,22400,3.1,21,1.1,1.1,0
166,2002,124,26600,5.8,26.3,1.2,1,0
166,2002,125,30300,5.4,28.3,1.1,1.1,0
166,2002,126,30400,8.2,24.7,1,1.3,0
166,2002,127,30000,5.8,23.5,0.9,1.3,0
166,2002,128,31000,7.3,26.1,0.7,1.2,0
166,2002,129,31000,4.6,24.1,0.8,1.1,0
166,2002,130,27600,7.5,21.8,0.9,1.4,0
166,2002,131,31500,7.5,27.4,0.9,1.3,0
166,2002,132,26900,5.9,29.5,1,0.8,0
166,2002,133,30200,9.6,25.2,0.9,1.5,0
166,2002,134,31100,4.9,29,1.1,1.2,0
166,2002,135,29100,7.1,29.5,1.1,1.2,0
166,2002,136,30700,10,29.5,1,1.4,0
166,2002,137,29300,7.3,28.1,1.1,1.3,0
166,2002,138,30200,6.4,22.7,0.9,1.5,0
166,2002,139,8400,6.3,19.7,1.2,1,2.6
166,2002,140,13600,9.1,17,1.1,1.3,13.8
166,2002,141,20100,9.4,18.7,1.1,1.2,3.1
166,2002,142,29700,6.7,22.2,1,1.1,0
166,2002,143,32100,7.6,26.8,1,1.3,0
166,2002,144,31200,9.4,30.2,1.1,0.8,0
166,2002,145,27800,9.4,30.3,1.2,1.2,0
166,2002,146,26500,8.4,25.5,1.2,1.4,0
166,2002,147,22200,10.4,25.8,1.3,1.6,0
166,2002,148,24600,12.8,27.7,1.6,1.5,0
166,2002,149,30900,13.5,32.4,1.8,1.1,0
166,2002,150,30100,16.9,34.8,1.8,0.9,0
166,2002,151,29100,13.2,32.5,1.4,1.1,0
166,2002,152,29100,11,26.3,1.3,1.1,0
166,2002,153,30700,7.5,26.4,1.2,1.2,0
166,2002,154,28000,9.7,29.6,1.3,1.2,0
166,2002,155,31500,12.1,33.9,1.4,1.2,0
166,2002,156,32300,14.9,36.5,1.7,1.1,0
166,2002,157,32100,16,33.9,1.4,1.2,0
166,2002,158,31300,12.7,30.2,1.2,1.3,0
166,2002,159,32800,14.5,26.5,0.7,2.2,0
166,2002,160,33400,13.9,26,0.7,2.8,0
166,2002,161,33200,14.5,30.1,1.1,1.4,0
166,2002,162,30600,11.6,32.6,1.3,1.1,0
166,2002,163,26400,12.7,26.3,1.3,1.8,0
166,2002,164,26400,11.1,24.9,1.3,1.7,0
166,2002,165,32300,8.6,26.2,1.2,1.3,0
166,2002,166,32600,7.3,29.8,1.1,1.2,0
166,2002,167,33300,6.2,28.9,1.1,1.3,0
166,2002,168,30900,11.1,30.1,1.3,1.5,0
166,2002,169,29600,17.2,29.4,1.6,1.7,0
166,2002,170,32500,13.1,32.7,1.4,1.3,0
166,2002,171,27500,10.3,28.7,1.3,1.2,0
166,2002,172,28700,9.3,24.4,1.3,1,0
166,2002,173,26400,9.3,26.7,1.5,1,0
166,2002,174,29700,9.9,28.2,1.4,1.2,0
166,2002,175,31700,9.1,31.4,1.5,1,0
166,2002,176,29400,11.6,33.8,1.6,1,0
166,2002,177,23900,12,27.2,1.5,1.3,0
166,2002,178,28800,10.5,29.4,1.5,1.4,0
166,2002,179,29000,12.3,27.5,1.5,1.2,0
166,2002,180,30600,13.1,30.9,1.7,1.3,0
166,2002,181,32100,14.9,34.2,1.7,1.1,0
166,2002,182,31900,13.8,35.9,1.7,1,0
166,2002,183,25500,15.1,30.6,1.5,1.3,0
166,2002,184,29300,11.2,28.8,1.3,1.2,0
166,2002,185,30900,10.6,30.2,1.3,1.1,0
166,2002,186,29500,10.9,30.4,1.4,1.1,0
166,2002,187,30000,11.8,31.7,1.4,1.2,0
166,2002,188,29700,12,28.5,1.4,1.7,0
166,2002,189,31000,11.8,32.9,1.4,1.2,0
166,2002,190,30800,13.3,37.6,1.6,0.8,0
166,2002,191,30400,14.8,39,1.8,0.9,0
166,2002,192,26500,16.3,35,1.6,1,0
166,2002,193,23900,16.8,34.6,1.5,1.1,0
166,2002,194,27400,17.4,33.1,1.5,1.4,0
166,2002,195,30400,13.9,30.8,1.5,1.1,0
166,2002,196,26400,12.3,28.2,1.4,1.2,0
166,2002,197,26500,10,28.3,1.4,1.2,0
166,2002,198,27400,11.8,29.3,1.5,1.1,0
166,2002,199,28300,10.4,29.7,1.5,1,0
166,2002,200,30400,11.4,33,1.6,0.9,0
166,2002,201,27800,13,33.8,1.6,1.3,0
166,2002,202,21800,14.3,25.1,1.5,2.1,0
166,2002,203,26000,14,26.7,1.5,1.7,0
166,2002,204,29600,13.8,26.8,1.4,1.5,0
166,2002,205,30700,10.1,30,1.4,1.2,0
166,2002,206,26600,8.4,30.4,1.4,1.2,0
166,2002,207,28200,10.2,32.3,1.5,1,0
166,2002,208,25900,13.2,31.5,1.7,1.1,0
166,2002,209,24200,14.9,27.4,1.6,1.9,0
166,2002,210,24700,13.6,28.4,1.6,1.5,0
166,2002,211,23700,13.5,31.9,1.6,1.1,0
166,2002,212,23900,13.6,30.4,1.5,1.3,0
166,2002,213,24100,13,30.4,1.8,1.4,0
166,2002,214,25000,14.8,27.8,1.7,1.7,0
166,2002,215,17000,12,23.9,1.6,1.5,0
166,2002,216,24400,8.4,26.3,1.3,0.9,0
166,2002,217,30000,10.7,28.6,1.3,1.3,0
166,2002,218,29600,9.1,27.7,1.2,1,0
166,2002,219,29600,8.6,30.7,1.3,0.8,0
166,2002,220,29700,9.2,33.4,1.3,0.7,0
166,2002,221,28700,12,36.6,1.5,0.7,0
166,2002,222,27400,13.1,36.6,1.4,0.9,0
166,2002,223,26900,12.7,34.7,1.3,1,0
166,2002,224,26200,11.4,35.1,1.5,0.8,0
166,2002,225,24900,13.3,33,1.6,0.9,0
166,2002,226,23900,13.7,31.5,1.6,1,0
166,2002,227,22900,12,32.1,1.7,1,0
166,2002,228,22700,13.9,30.5,1.6,1.3,0
166,2002,229,23100,12.6,28.3,1.5,1.3,0
166,2002,230,23100,9.3,29.8,1.5,1,0
166,2002,231,20000,8.2,23.9,1.3,1.2,0
166,2002,232,27500,8.6,28.9,1.3,1,0
166,2002,233,25000,8,29.8,1.3,1,0
166,2002,234,21300,8.8,25.3,1.3,1.1,0
166,2002,235,20800,9.8,24.9,1.4,1.1,0
166,2002,236,22200,7,28.2,1.4,0.9,0
166,2002,237,24800,7.7,29.9,1.4,0.9,0
166,2002,238,25400,10.8,33.7,1.5,1,0
166,2002,239,26500,12.3,35,1.4,1.1,0
166,2002,240,23100,13.5,32.6,1.5,1.3,0
166,2002,241,19500,12.9,27.1,1.6,1.3,0
166,2002,242,21700,13.2,29.9,1.6,1,0
166,2002,243,23000,11.1,33.9,1.6,0.7,0
166,2002,244,26000,12.5,36.1,1.5,0.8,0
166,2002,245,26100,12,36.6,1.4,0.9,0
166,2002,246,23300,12.3,33,1.4,0.9,0
166,2002,247,25300,12.1,29.2,1.2,1,0
166,2002,248,25200,10.9,26.1,1,1.2,0
166,2002,249,22200,10.6,23.7,1.1,1.5,0
166,2002,250,22400,7.5,24.8,1.2,1,0
166,2002,251,25300,6.3,28.6,1.1,0.9,0
166,2002,252,25300,7.8,31.7,1.2,0.7,0
166,2002,253,24800,9.8,33.6,1.2,0.7,0
166,2002,254,22600,11.5,34,1.2,0.9,0
166,2002,255,20800,9.9,30.9,1.2,1.1,0
166,2002,256,20900,9.2,31,1.3,1,0
166,2002,257,19900,8.3,31.4,1.3,0.8,0
166,2002,258,17600,12,25.7,1.4,1.5,0
166,2002,259,21700,8.6,27.4,1.4,0.9,0
166,2002,260,21300,10.6,29.4,1.5,1,0
166,2002,261,22200,13.2,32.2,1.4,1.2,0
166,2002,262,21900,11.4,34.1,1.4,0.6,0
166,2002,263,21700,10.9,34.6,1.3,0.8,0
166,2002,264,20000,11.1,33.6,1.3,0.9,0
166,2002,265,21000,10.5,34.5,1.4,0.8,0
166,2002,266,20800,11.1,35.6,1.4,0.7,0
166,2002,267,19900,8.7,34.8,1.2,0.7,0
166,2002,268,19600,9.5,33.8,1.2,1,0
166,2002,269,16600,9.6,26.7,1.3,1.4,0
166,2002,270,13300,10.8,21.1,1.4,1,0
166,2002,271,14600,9.3,22.1,1.4,0.6,0
166,2002,272,17400,10.2,24.5,1.3,1.2,0
166,2002,273,17300,6.2,23.1,1.2,0.8,0
166,2002,274,20100,9.5,22.9,0.7,2.2,0
166,2002,275,20400,8.7,23.8,0.6,1.8,0
166,2002,276,18500,2.2,27.4,0.7,0.7,0
166,2002,277,19100,6.8,28.5,1,0.7,0
166,2002,278,19000,9,29.3,1.2,0.7,0
166,2002,279,18700,8.3,34,1.3,0.5,0
166,2002,280,19000,9.4,32.4,1.3,0.6,0
166,2002,281,18900,8.5,32.7,1.3,0.6,0
166,2002,282,14400,9.5,29.4,1.2,0.8,0
166,2002,283,10000,0,21.8,1.4,1.6,0
166,2002,284,17900,8.8,25.6,1.2,0.9,0
166,2002,285,17100,5.6,27.8,1,0.6,0
166,2002,286,16800,5.7,28.2,1,0.7,0
166,2002,287,16800,9.1,29.7,1,0.7,0
166,2002,288,14300,8.7,22.1,1.1,1.5,0
166,2002,289,14700,10.9,20.7,1.2,1.5,0
166,2002,290,12800,4.1,21,1.2,1,0
166,2002,291,12100,5.1,20.8,1.1,0.7,0
166,2002,292,14800,3.7,23,1.2,0.7,0
166,2002,293,14400,6.3,25.1,1.2,0.6,0.2
166,2002,294,14800,6.2,25.2,1.1,0.9,0.1
166,2002,295,10500,7.6,20.4,1.2,1.4,0
166,2002,296,8000,4.3,17.6,1,0.9,0
166,2002,297,7700,2.5,16.6,1,0.7,0.2
166,2002,298,12800,7.2,19.7,1.1,0.7,0
166,2002,299,14500,5.1,21.2,1.1,0.7,0
166,2002,300,14400,3,23.3,1,0.8,0.1
166,2002,301,14300,2.7,23.5,1,0.7,0
166,2002,302,15300,1.9,24.8,0.9,0.7,0.1
166,2002,303,14700,2.2,19.9,0.7,0.9,0
166,2002,304,14900,-1.3,20.7,0.6,0.8,0
166,2002,305,13900,1.6,19.7,0.4,0.8,0
166,2002,306,14400,-2.3,20.3,0.6,0.5,0
166,2002,307,12300,-0.2,22.6,0.6,0.6,0
166,2002,308,14100,1,20.9,0.7,0.7,0
166,2002,309,13500,0.1,21.3,0.8,0.6,0
166,2002,310,7800,1.6,20.9,1,0.6,0
166,2002,311,3300,11,17.4,1.3,3.2,22.5
166,2002,312,4800,12.3,20.6,1.6,1.4,21.6
166,2002,313,5900,8.2,19.4,1.3,0.9,0.6
166,2002,314,6000,9.6,15.4,1.4,1.2,2.5
166,2002,315,11600,6.1,19.3,1.2,0.8,0.1
166,2002,316,8300,8.4,20.7,1.3,0.7,0.1
166,2002,317,9000,7.9,19.2,1.3,0.8,0
166,2002,318,12700,6.2,21.8,1.1,0.7,0.1
166,2002,319,11300,7.2,17.3,1.2,0.5,0
166,2002,320,9200,8.9,16.9,1.2,0.6,0
166,2002,321,12300,5,18.7,1.1,0.9,0.2
166,2002,322,10800,5.2,18.3,1,0.5,0.1
166,2002,323,12000,1.7,19.1,1,0.6,0.1
166,2002,324,11100,4.7,18.5,1.1,0.6,0
166,2002,325,8700,5.4,20.1,1.2,0.5,0.2
166,2002,326,5900,5.5,17.7,1.2,1.1,0.1
166,2002,327,8000,5.8,15.9,1.1,0.8,0
166,2002,328,8700,5.2,14.2,1.2,0.9,0
166,2002,329,11600,5,20.9,0.8,1.1,0
166,2002,330,11500,0.3,17.8,0.8,0.7,0
166,2002,331,10700,-1.2,17.1,0.9,0.7,0
166,2002,332,11100,-1.1,19.2,0.9,0.5,0.2
166,2002,333,10500,1.4,18.7,0.9,0.6,0.1
166,2002,334,8200,2.2,13.5,0.9,0.6,0.1
166,2002,335,9400,1.5,17.6,0.9,0.6,0.2
166,2002,336,10800,0.3,18.2,0.9,0.6,0.1
166,2002,337,9000,0.5,17.5,0.9,0.6,0.1
166,2002,338,9700,0.4,18.3,0.9,0.5,0.1
166,2002,339,8500,2,16.2,0.9,0.6,0.1
166,2002,340,5900,1.8,15.8,1,0.6,0.1
166,2002,341,10200,3.1,17.4,0.9,0.6,0.3
166,2002,342,7600,0.7,16.7,0.9,0.7,0.1
166,2002,343,2000,0,12,1,0.5,0
166,2002,344,6300,4.1,16.3,1.1,0.9,2.4
166,2002,345,8300,5.5,11.3,1.1,0.8,0.3
166,2002,346,6500,4.71,11.64,1.0,0.84,0.26
166,2002,347,1600,3.93,11.99,1.0,0.89,0.21
166,2002,348,1100,3.14,12.33,1.0,0.93,0.17
166,2002,349,2600,2.36,12.67,1.0,0.97,0.13
166,2002,350,4500,1.57,13.01,1.0,1.01,0.09
166,2002,351,9000,0.79,13.36,1.0,1.06,0.04
166,2002,352,10100,0,13.7,0.8,1.1,0
166,2002,353,1000,4.9,10.6,0.8,2.2,15.1
166,2002,354,4500,6.2,10,1,2.6,17.6
166,2002,355,6800,5.7,15.1,1,1.5,0.7
166,2002,356,10500,1.9,13.1,0.8,1.5,0.2
166,2002,357,10600,-1.8,9.7,0.7,0.7,0
166,2002,358,5300,2.3,10.3,0.8,1,0
166,2002,359,3800,-0.1,7.9,0.8,1,0.1
166,2002,360,2000,6.8,12.8,0.9,2.2,0.1
166,2002,361,2600,10.5,15.9,1.1,2.1,1
166,2002,362,1800,8,16.5,1.1,2.3,8
166,2002,363,8800,5.1,14,0.9,1.5,3.4
166,2002,364,2100,5.7,10.8,1,1.8,1.4
166,2002,365,7800,2.6,14.4,1,1.6,7.9
