*---------------------------------------------------------*
* Weather file for rice yield gap assessment using Oryza(v3)
*      Project: Global Yield Gap Atlas (www.yieldgap.org)
*      Country: USA
*  Station_num: 30
* Station_name: Nicolaus
*         Year: 2004
*       Source: http://www.cimis.water.ca.gov
*       Author: M. Espe
*         Date: 11-16-2015
*    Longitude: -121.54
*     Latitude: 38.87
*    Elevation: 32
*
*  Columns:
*  1. station number
*  2. year
*  3. day
*  4. average insolation incident on a horizontal surface (kJ m-2 d-1)
*  5. minimum temperature (degrees Celsius)
*  6. maximum temperature (degrees Celsius)
*  7. vapour pressure (kPa)
*  8. mean wind speed (m s-1)
*  9. precipitation (mm d-1)
*---------------------------------------------------------*
-121.54,38.87,32,0,0
30,2004,1,2700,5,10.8,1.1,6.6,17.2
30,2004,2,5400,0.5,10,0.9,2.9,2
30,2004,3,10900,-2.9,8.9,0.7,1.3,0.1
30,2004,4,9800,-3.9,9.6,0.7,1.5,0.1
30,2004,5,10500,-0.6,10,0.7,1.2,0
30,2004,6,4300,3.4,8.4,0.9,1.6,5.3
30,2004,7,4600,6,11.7,1.1,2,4.7
30,2004,8,4800,4.3,14.1,1.2,1.9,1.2
30,2004,9,2600,6.4,11.2,1.2,2.1,5.7
30,2004,10,6900,6,16.2,1.3,2.1,0
30,2004,11,8900,5.7,17.3,1.2,1.6,0
30,2004,12,5000,8.1,10.6,1.1,1.6,0
30,2004,13,8600,4.1,10.6,1,1.3,0
30,2004,14,4000,6,8,1,1.4,0.5
30,2004,15,8800,0,11,1.1,1.7,0
30,2004,16,4800,3.7,9.4,1.1,1.3,0
30,2004,17,7000,6,10,1.1,0.9,0.1
30,2004,18,8200,3.8,12.7,1,1.2,0
30,2004,19,7700,1,9.3,1,1.2,0
30,2004,20,11900,2.9,12.9,1.1,1.4,1
30,2004,21,12700,-1.1,16.8,0.8,1.5,0.1
30,2004,22,12500,-1.1,12.7,0.9,1.1,0.1
30,2004,23,9200,-1.4,11.2,0.9,1.2,4.5
30,2004,24,7400,6.8,11.4,1.1,1.2,231.3
30,2004,25,11100,1.3,12.7,0.8,2.4,0.1
30,2004,26,5000,1.3,10.2,0.9,1.9,0
30,2004,27,3800,7.8,11.8,1.1,3.5,1
30,2004,28,8400,3,12.7,1,1.5,0
30,2004,29,8300,2.6,11.8,1,1.7,0
30,2004,30,8200,3.2,12.4,1.1,2.6,0.2
30,2004,31,13900,3.1,14.3,0.7,3.2,0
30,2004,32,3700,3.4,10.7,0.9,1.8,0.2
30,2004,33,4600,6.5,11.9,1.1,3.9,0.2
30,2004,34,7600,6.5,10.6,1.1,3.2,0.5
30,2004,35,13200,2,14.2,0.9,2.3,0
30,2004,36,11300,0,15.3,1,1.9,1.6
30,2004,37,7100,3.3,15.3,1,2.5,2.4
30,2004,38,13600,-0.5,14.1,0.9,2.4,0.2
30,2004,39,15200,-1.5,15.4,0.8,1.4,0
30,2004,40,15500,-0.5,17.7,0.7,3.8,0
30,2004,41,15900,1.2,17.1,0.7,1.8,0
30,2004,42,15800,-1.1,16.2,0.8,1.2,0
30,2004,43,15600,-1,17.6,0.9,1.2,0
30,2004,44,2800,1.7,13.2,0.9,1.6,0.9
30,2004,45,9000,2.6,17,1,1.5,0
30,2004,46,5300,7.1,15.9,1.2,1.6,2.6
30,2004,47,1600,10.5,15.4,1.3,6.1,14.4
30,2004,48,1800,11.2,16.8,1.4,5.1,16.1
30,2004,49,15700,6.9,17.1,1.3,3.3,23.6
30,2004,50,12300,2.9,15,1,1.8,0.1
30,2004,51,7100,5.7,14.8,1.1,1.3,0
30,2004,52,5200,8.9,14.8,1.2,1.5,0.3
30,2004,53,7200,8.6,13.1,1.2,1.4,2.6
30,2004,54,14000,4.8,15.5,1.2,2.3,0.1
30,2004,55,13300,9.5,15.8,1.2,3.8,3.6
30,2004,56,5900,10,13.7,1.2,8.3,36.6
30,2004,57,10700,6,13,1.1,4.8,1.7
30,2004,58,15200,3.5,13.4,0.9,1.8,0.1
30,2004,59,15700,1.5,15.8,0.9,2.1,0
30,2004,60,13800,5.1,14.3,1.1,3.3,0
30,2004,61,8600,7.9,10.8,1.2,3.3,11.5
30,2004,62,18700,5.7,17.8,0.9,5.9,0
30,2004,63,11500,4.2,15.7,0.9,2,0
30,2004,64,18400,3.9,19.2,1,2.7,0
30,2004,65,12700,3.6,16.8,1.1,1.5,0
30,2004,66,17100,5.6,19.6,1.3,1.9,0
30,2004,67,19800,4.7,22.9,1.4,1,0.1
30,2004,68,19300,6.4,25.7,1.5,1.1,0.1
30,2004,69,20100,7.1,24.6,1.5,2,0
30,2004,70,21200,9.2,25.8,1.2,3.8,0
30,2004,71,20800,4.1,25.8,1.2,1.3,0
30,2004,72,21200,6.8,26,1.3,1.6,0
30,2004,73,20800,5.4,27.2,1.3,1.3,0
30,2004,74,20100,8.1,26.8,1.5,1.3,0
30,2004,75,21300,8.5,27,1.2,3.2,0
30,2004,76,22000,7.2,27.3,1.2,2.4,0
30,2004,77,22200,5.2,28.6,1.3,1.1,0
30,2004,78,21400,7.3,27.1,1.6,1.7,0
30,2004,79,21600,9.5,28.1,1.3,1.7,0
30,2004,80,21700,5.8,28,1.3,1.4,0
30,2004,81,18600,6.4,27.4,1.5,1.5,0
30,2004,82,19000,10.4,24.2,1.5,2.5,0
30,2004,83,22200,9.9,22.5,1.5,2.6,0
30,2004,84,20700,7.5,21.8,1.2,2.4,0
30,2004,85,5600,5.8,13.6,1.2,3.2,9.6
30,2004,86,13800,3,16.2,1,2.5,0.1
30,2004,87,20700,7.5,18.6,1.2,2.5,0
30,2004,88,23900,3.9,25.4,1.3,1.4,0
30,2004,89,20200,7.6,25.8,1.5,1.6,0
30,2004,90,14500,9,19.2,1.3,2.4,0
30,2004,91,24400,4.8,20.8,1,1.6,0
30,2004,92,24600,5.4,20.4,0.7,5.4,0
30,2004,93,24600,8.5,23.2,0.8,4.8,0
30,2004,94,23300,6.9,25.3,1.1,2.1,0
30,2004,95,17900,7.9,20.8,1.2,3.3,0
30,2004,96,17400,6.4,19,1.2,2.7,0
30,2004,97,23800,5.1,21.3,1.1,1.7,0
30,2004,98,24600,3.8,28.3,1.2,1.4,0
30,2004,99,22700,7.7,27.1,1.3,1.5,0
30,2004,100,24000,6.8,29.4,1.2,1.5,0
30,2004,101,24300,6.2,29.7,1,2.4,0
30,2004,102,20200,3.8,26.8,1.2,2.2,0
30,2004,103,24200,8.1,24.2,1.2,3.4,0
30,2004,104,22000,7.2,20.9,1,3.3,0
30,2004,105,16000,8.4,19.4,1.1,3.5,0
30,2004,106,20500,5.6,17.5,0.9,2,0
30,2004,107,21700,3.6,18.6,0.9,2.2,0
30,2004,108,21600,6.7,18.3,1,2,0.1
30,2004,109,11200,5,14.6,1.1,2.4,2.2
30,2004,110,10400,9.4,17.2,1.2,2.7,1.2
30,2004,111,17200,11.3,17.6,1.3,3.5,0.6
30,2004,112,23100,9.1,21.3,1.2,3.5,0.1
30,2004,113,29700,5.9,24.6,0.8,4.3,0
30,2004,114,29100,6.7,27.6,0.9,1.9,0
30,2004,115,29000,6.6,29.7,1.1,1.5,0
30,2004,116,29100,8.2,32.9,1.2,1.2,0
30,2004,117,28700,11.6,33.4,1.4,1.3,0
30,2004,118,29600,11.7,33.2,1.4,1.5,0
30,2004,119,29800,10.8,27,0.8,3.9,0
30,2004,120,29400,9.7,26.2,0.8,3.3,0
30,2004,121,28200,6.8,29.1,1,1.4,0
30,2004,122,27900,11,32.3,1.3,1.2,0
30,2004,123,30000,11,34.1,1.4,1.1,0
30,2004,124,29700,11.5,33.4,1.5,1.5,0
30,2004,125,30300,13.4,29.5,1.3,3.5,0
30,2004,126,29700,10.6,25.2,1.2,3.6,0
30,2004,127,24200,10.9,24.8,1.2,3,0
30,2004,128,19100,10.4,24.1,1.4,1.9,0
30,2004,129,27300,11.4,24.6,1.3,1.7,0
30,2004,130,30300,10,26.7,1.3,2.3,0
30,2004,131,29400,11.4,21.8,1.1,3,0
30,2004,132,29600,9.6,22.2,1.1,1.6,0
30,2004,133,31600,9,27.1,1,2,0
30,2004,134,31600,10.4,27.9,1.3,1.7,0
30,2004,135,31200,10.7,30.4,1.3,1.6,0
30,2004,136,29800,13.3,28.1,1.5,2.3,0
30,2004,137,29200,12.3,27.9,1.3,2.3,0
30,2004,138,28700,11.4,23.1,1.3,4.5,0
30,2004,139,26000,10.6,24.2,1.3,2,0
30,2004,140,28100,10.2,26.1,1.3,1.9,0
30,2004,141,26300,11.2,25.1,1.4,2.6,0
30,2004,142,22600,11,24.2,1.4,3.1,0
30,2004,143,25300,11.8,22.4,1.4,4.4,0
30,2004,144,30100,10.1,24.7,1.3,1.9,0
30,2004,145,27400,10.7,25.2,1.3,2.6,0
30,2004,146,26100,11.1,27.1,1.5,2.6,0
30,2004,147,25700,12,28.7,1.6,2.7,0
30,2004,148,21200,13.7,26.2,1.7,3.7,1.3
30,2004,149,24900,12.4,24.4,1.6,3.8,1
30,2004,150,32800,8,26.3,1.2,2.1,0
30,2004,151,32700,11.2,30.5,1.3,1.3,0
30,2004,152,28600,12.9,33.4,1.5,1.2,0
30,2004,153,32200,14.4,34,1.6,1.5,0
30,2004,154,32700,15.7,33.7,1.6,1.8,0
30,2004,155,29700,13,30.3,1.6,2.9,0
30,2004,156,29200,12.6,30.6,1.5,2.1,0
30,2004,157,29900,12.8,31.7,1.5,1.8,0
30,2004,158,32600,14.2,32,1.5,2,0
30,2004,159,32400,12.5,26.3,1.3,2.4,0
30,2004,160,27300,10.6,24.2,1.1,2,0
30,2004,161,29500,11.7,25.7,1.4,3.1,0
30,2004,162,29800,12.3,26.3,1.5,2.5,0
30,2004,163,31400,12,28.4,1.4,1.8,0
30,2004,164,30800,12.8,32.5,1.5,1.6,0
30,2004,165,32600,14.3,33.4,1.6,1.6,0
30,2004,166,30100,14.3,34.3,1.7,1.9,0
30,2004,167,32300,17.6,34.9,1.7,2.3,0
30,2004,168,30400,16.6,35.1,1.7,2.3,0
30,2004,169,20400,13.8,27.4,1.6,3.5,0
30,2004,170,25100,13.1,28.3,1.6,3,0
30,2004,171,24600,12.8,28.8,1.6,2.6,0
30,2004,172,28600,13,30.3,1.7,2.3,0
30,2004,173,31100,13.5,31,1.7,2.6,0
30,2004,174,31800,13.01,30.9,1.7,3.5,0
30,2004,175,29700,12.9,29.7,1.7,2.8,0
30,2004,176,32400,14.1,30.2,1.6,2.6,0
30,2004,177,32800,12.6,31.5,1.6,1.7,0
30,2004,178,32800,14.8,32.2,1.6,1.9,0
30,2004,179,32300,13.9,32.7,1.8,1.6,0
30,2004,180,26500,16.5,31.4,1.7,2.3,0
30,2004,181,23500,14.9,27.7,1.7,3.6,0
30,2004,182,22000,14.6,26.3,1.7,3.4,0
30,2004,183,28000,13.2,29.2,1.8,2.6,0
30,2004,184,30700,14.5,32.2,1.9,2,0
30,2004,185,28700,15,32.2,1.8,2.1,0
30,2004,186,29100,14.3,34.1,1.9,1.7,0
30,2004,187,28900,15.9,35.3,2,1.9,0
30,2004,188,27200,16.3,34.4,2,2.6,0
30,2004,189,24300,14.6,27.2,1.8,4,0
30,2004,190,24000,13.3,27.1,1.7,3.1,0
30,2004,191,19700,13.3,25.6,1.5,3.3,0
30,2004,192,29200,12.9,29.8,1.7,1.9,0
30,2004,193,29800,12.7,33.9,1.5,1.4,0
30,2004,194,30200,12.3,33,1.5,1.9,0
30,2004,195,28800,13.4,31.2,1.6,2.4,0
30,2004,196,30100,12.4,32.4,1.6,2.1,0
30,2004,197,31800,12.5,32.9,1.6,1.8,0
30,2004,198,28100,15.3,34,1.7,1.7,0
30,2004,199,27600,15,33.7,1.6,2.5,0
30,2004,200,28800,17.6,34.6,1.8,2.1,0
30,2004,201,27900,17.2,33.4,1.9,2.9,0
30,2004,202,29200,17.3,35.5,1.9,1.9,0
30,2004,203,29300,15.3,36.7,1.9,1.5,0
30,2004,204,28500,14.3,34.8,2,1.7,0
30,2004,205,25300,14.7,31.9,1.9,2.5,0
30,2004,206,23100,16,30.8,2,2.7,0
30,2004,207,26900,14.6,35.7,1.9,1.6,0
30,2004,208,27500,14.7,34.5,1.9,1.9,0
30,2004,209,25700,16,32.8,1.8,2.3,0
30,2004,210,24700,14.6,30.6,1.8,2.9,0
30,2004,211,24800,13.9,29.6,1.8,2.8,0
30,2004,212,25100,13.7,30.9,1.8,2.6,0
30,2004,213,24000,13.7,27.7,1.8,3.3,0
30,2004,214,26200,13.4,28.1,1.8,3.1,0
30,2004,215,22100,13.8,26.2,1.7,3.4,0
30,2004,216,27600,12.8,30.7,1.7,1.7,0
30,2004,217,29000,13.7,30.9,1.8,2.8,0
30,2004,218,27600,15,30.5,1.5,3.3,0
30,2004,219,28000,13.2,31.5,1.5,2.2,0
30,2004,220,28400,12.7,34.6,1.8,1.3,0
30,2004,221,26800,14.4,36,1.8,0.5,0
30,2004,222,26100,14.8,34.4,1.8,0.5,0
30,2004,223,26900,13.5,37.5,1.7,0.4,0
30,2004,224,24900,13.6,39.7,1.9,1,0
30,2004,225,23400,16.3,33.9,1.9,2.3,0
30,2004,226,24000,14.8,33.9,1.8,2.4,0
30,2004,227,22000,14.4,27.5,1.6,3.8,0
30,2004,228,25600,12.7,29.2,1.7,2,0
30,2004,229,26500,13.7,32.4,1.7,1.7,0
30,2004,230,26900,13.7,34.8,1.8,1.4,0
30,2004,231,26000,14.6,35.1,1.9,1.9,0
30,2004,232,21200,14.9,32.3,1.9,2.5,0
30,2004,233,23900,14.5,33.2,1.8,2.1,0
30,2004,234,22800,14.8,31.3,1.8,3,0
30,2004,235,17200,15.1,27.4,1.8,4.1,0
30,2004,236,21900,16.4,28,2,2.6,0
30,2004,237,23500,16.1,29,1.9,3.2,0
30,2004,238,23800,15,29.3,1.8,2.9,0
30,2004,239,26500,14.1,29.5,1.7,2.2,0
30,2004,240,27100,13.8,32.6,1.5,2.1,0
30,2004,241,26900,12.7,36.6,1.7,1.3,0
30,2004,242,23800,14,36.8,1.7,1.4,0
30,2004,243,23100,14,35.1,1.8,1.8,0
30,2004,244,23900,14,32.6,1.6,2.4,0
30,2004,245,24600,15.5,32.2,1.8,2.6,0
30,2004,246,26300,13.1,30,1.4,2.3,0
30,2004,247,26100,14.1,28.3,1,5.1,0
30,2004,248,24700,12.1,31.8,1.3,2.6,0
30,2004,249,24700,12.1,36.6,1.5,1.2,0
30,2004,250,25200,13.4,36.7,1.6,1.1,0
30,2004,251,24900,12.9,38.3,1.6,1.2,0
30,2004,252,25000,13.7,37.2,1.6,1.2,0
30,2004,253,24500,12.2,34.7,1.5,1.5,0
30,2004,254,24600,12.5,33.3,1.6,1.5,0
30,2004,255,23200,10,34.1,1.5,1.6,0
30,2004,256,22600,15.6,29.5,1.7,3.2,0
30,2004,257,22200,10.7,29.7,1.5,1.3,0
30,2004,258,23600,10.8,29.9,1.2,2.2,0
30,2004,259,22900,10.6,33.9,1.3,1.2,0
30,2004,260,22800,12.8,33.4,1.6,1.3,0
30,2004,261,20900,11.6,29.9,1.5,2.3,0
30,2004,262,16800,10.1,22.5,1.2,1.7,0
30,2004,263,16300,8.4,17.9,1.2,3.1,0
30,2004,264,20700,5.2,22.7,1.1,2,0
30,2004,265,22100,6.8,28.6,1,1.7,0
30,2004,266,21900,6.2,28.6,1.1,1.4,0
30,2004,267,21000,8,32.6,1.2,1.1,0
30,2004,268,20400,8.5,33.1,1.2,1.2,0
30,2004,269,19000,9.4,31.8,1.2,1.4,0
30,2004,270,20400,8,32.9,1.2,1.1,0
30,2004,271,19200,7.7,29,1.3,2.2,0
30,2004,272,14800,12.9,23.8,1.4,3,0
30,2004,273,14100,10.3,23.5,1.5,2.5,0
30,2004,274,13900,9.9,24.9,1.5,1.8,0
30,2004,275,15800,10.4,26.4,1.5,1.7,0
30,2004,276,17700,9.7,30.2,1.5,1.1,0
30,2004,277,15300,9.6,31.4,1.5,1.5,0
30,2004,278,16100,11.4,29,1.5,2.2,0
30,2004,279,16600,8.4,29.5,1.5,1.3,0
30,2004,280,18300,8.5,30.5,1.5,1.3,0
30,2004,281,17600,9.9,29.9,1.6,1.4,0
30,2004,282,16100,11,28.1,1.5,2.9,0
30,2004,283,18200,10.3,24.3,1.2,3,0.4
30,2004,284,18300,14.4,27.1,0.7,6.1,0
30,2004,285,18100,5.9,31.3,0.7,3.7,0
30,2004,286,17600,6.3,32.3,0.9,2.3,0
30,2004,287,17300,9.4,34.2,1,1.8,0
30,2004,288,15200,8.8,24.3,1.2,1.2,0
30,2004,289,14000,6.5,28.4,1.2,1.6,0
30,2004,290,7600,11.2,22.5,1.4,3.3,0
30,2004,291,4400,9.8,20.9,1.5,3.6,1.9
30,2004,292,9800,8.1,18.2,1.3,2.2,0.1
30,2004,293,6100,10.4,14.6,1.4,5.9,15.9
30,2004,294,11200,6.5,17.4,1.2,1.9,3.3
30,2004,295,16500,3.7,19.3,1.1,1.4,0.2
30,2004,296,13800,6.6,19.4,1.3,1.5,0
30,2004,297,5100,12.6,14.7,1.5,2.7,3.3
30,2004,298,15000,6.9,19.4,1.4,1.4,0
30,2004,299,13400,5.5,18.9,1.2,2.6,3.7
30,2004,300,13000,9.1,16.2,1.2,3.4,20.1
30,2004,301,12900,5,15.8,1.1,1.8,1.8
30,2004,302,13400,3.7,14.9,1,1.6,0.1
30,2004,303,13500,5.5,18.1,1.1,1.4,0
30,2004,304,13400,4,20,1.1,1.1,0
30,2004,305,15500,4.6,18.9,0.9,3.6,0.1
30,2004,306,15000,3.5,20.4,0.8,1.6,0
30,2004,307,13900,3.1,21.1,1,1.2,0
30,2004,308,6100,9.2,13.2,1.2,2.3,12.1
30,2004,309,6200,2.9,15.1,1.1,2.4,0.8
30,2004,310,14400,2.2,18.1,1,1.2,0
30,2004,311,12400,2.2,19.5,1.1,1.2,0.1
30,2004,312,10800,2.2,18.2,1.1,1.5,0.1
30,2004,313,4600,7.5,16.2,1.3,1.8,0
30,2004,314,4800,11.1,16.6,1.3,0.9,0
30,2004,315,2600,10.5,14.2,1.4,1.6,11.1
30,2004,316,3500,10.5,14.3,1.5,2,11.9
30,2004,317,11900,7.4,18.3,1.3,1.7,0.1
30,2004,318,12500,9,21.4,1.4,1.9,4.1
30,2004,319,10100,4.9,18.1,1.2,1,0.1
30,2004,320,8300,5.9,16.9,1.2,0.9,0.2
30,2004,321,7600,6.7,18.2,1.3,1,0.1
30,2004,322,12500,5.5,15.4,1.2,1.4,0.2
30,2004,323,9900,10.2,11.5,1.3,1.1,0.1
30,2004,324,11800,5.4,18.1,1,2.8,0
30,2004,325,12400,1.3,19,0.6,3.8,0
30,2004,326,12700,4.5,16.4,0.5,5.1,0
30,2004,327,11300,-0.1,15.4,0.7,2.3,0
30,2004,328,12100,-0.5,15.5,0.8,1.3,0
30,2004,329,11400,-1.1,16.7,0.9,1.3,0
30,2004,330,5500,0.5,11.8,1,1.6,0.5
30,2004,331,6900,2.1,10.8,1.1,1.4,0.1
30,2004,332,11300,6.6,14,1,5.3,31.8
30,2004,333,12100,1.5,12.8,0.6,4.6,0
30,2004,334,10500,-4.1,11.6,0.6,1.7,0
30,2004,335,10400,-2.8,11.6,0.7,1.5,0
30,2004,336,11300,-4.4,12.1,0.7,1.2,0.1
30,2004,337,11400,0,15.1,0.6,3.7,0
30,2004,338,11500,-3.9,12.3,0.6,1.6,0
30,2004,339,7200,-3.8,10,0.7,1.3,0
30,2004,340,10100,-2.6,14.7,0.7,1.8,0.1
30,2004,341,3600,4.6,12.9,0.9,5,4.4
30,2004,342,6800,8.2,11.7,1.1,6,10.3
30,2004,343,2200,10.2,13.8,1.3,6.8,10.4
30,2004,344,6400,8.6,18.9,1.4,1.7,0
30,2004,345,8900,6.3,15,1.3,1.4,0.4
30,2004,346,8500,6.2,10.7,1.2,1.3,0.5
30,2004,347,5000,6.3,12,1.3,1.5,0.2
30,2004,348,5600,6.9,15.2,1.3,1.4,0
30,2004,349,6600,3.8,13.5,1.2,1.2,0.1
30,2004,350,9100,3.6,14.3,1.1,1,0.2
30,2004,351,10100,1.8,12.6,1,1.3,0.2
30,2004,352,9600,1.2,14,0.9,1.3,0.3
30,2004,353,10000,-0.4,6.2,0.8,1.2,0.4
30,2004,354,9200,2.8,6.8,0.9,1.1,0.3
30,2004,355,5800,4.2,5.9,0.9,1.5,0.2
30,2004,356,10500,0.4,17.7,0.8,2.1,0.1
30,2004,357,10400,-1.2,13.6,0.8,2,0
30,2004,358,10100,-2.1,16.3,0.7,3,0.1
30,2004,359,10200,-2.4,8.3,0.7,1.5,0.2
30,2004,360,8300,0.4,4.4,0.7,1.4,0.2
30,2004,361,3300,0.8,13,0.9,3.4,0
30,2004,362,2400,6.5,15.3,1.1,4.8,2.2
30,2004,363,3300,6.7,11.2,1.2,2.5,16.3
30,2004,364,6500,6.3,12.7,1.1,3.6,10.6
30,2004,365,7000,7.9,12.4,1.2,5.3,19.3
30,2004,366,6000,4.3,13.1,1,3.1,5.5
