*---------------------------------------------------------*
* Weather file for rice yield gap assessment using Oryza(v3)
*      Project: Global Yield Gap Atlas (www.yieldgap.org)
*      Country: USA
*  Station_num: 30
* Station_name: Nicolaus
*         Year: 2005
*       Source: http://www.cimis.water.ca.gov
*       Author: M. Espe
*         Date: 11-16-2015
*    Longitude: -121.54
*     Latitude: 38.87
*    Elevation: 32
*
*  Columns:
*  1. station number
*  2. year
*  3. day
*  4. average insolation incident on a horizontal surface (kJ m-2 d-1)
*  5. minimum temperature (degrees Celsius)
*  6. maximum temperature (degrees Celsius)
*  7. vapour pressure (kPa)
*  8. mean wind speed (m s-1)
*  9. precipitation (mm d-1)
*---------------------------------------------------------*
-121.54,38.87,32,0,0
30,2005,1,6000,5.2,12.1,1,3.2,0.3
30,2005,2,3800,5.7,8.5,1,1.9,22.9
30,2005,3,4400,3.5,9.8,1,1.8,5.1
30,2005,4,8300,0.6,8.9,0.9,1.5,0.5
30,2005,5,4000,3.9,9.8,1,1.2,0
30,2005,6,9100,2.9,11.6,1,1.3,0.1
30,2005,7,3300,5.6,13.2,1.1,5.3,9.9
30,2005,8,3900,6.5,11.1,1,4.6,3.4
30,2005,9,7200,4.3,13.6,1.1,1.8,0.8
30,2005,10,5600,1.3,11.9,1,2.2,8.6
30,2005,11,9000,2,9.3,1,3.4,12.8
30,2005,12,11900,-1.3,10,0.8,1.4,0.1
30,2005,13,5100,-0.9,6.3,0.8,1.6,0.1
30,2005,14,10000,0.7,7.6,0.9,1.3,0.2
30,2005,15,7600,4.4,6.1,0.9,1.2,0
30,2005,16,10500,4.5,14.5,1,1.7,0
30,2005,17,7400,4.8,7.3,1,1.4,0.2
30,2005,18,7800,6.6,8.1,1,1.3,0
30,2005,19,10700,5.1,7.4,1,1.3,0.1
30,2005,20,9000,4.8,7.4,1,1.3,0
30,2005,21,11200,5,6.7,1,1.2,0.2
30,2005,22,8000,4.7,6.6,0.9,1.4,0.2
30,2005,23,10000,3.9,8.1,0.9,1.5,0
30,2005,24,8500,5,7.6,1,1.1,0.2
30,2005,25,4600,6.8,13.7,1.2,1.5,0.3
30,2005,26,5400,8.9,14.6,1.4,2.9,9.5
30,2005,27,5900,6.2,14.8,1.2,2.7,2.3
30,2005,28,7400,5,14.2,1.2,3.7,11.3
30,2005,29,13400,1.5,14.5,1,2.1,0.1
30,2005,30,13300,1.7,15,0.9,1.8,0
30,2005,31,13100,0.4,14.9,1,1.1,0.1
30,2005,32,13800,2.7,20.6,0.9,2.8,0.1
30,2005,33,13900,1.8,16.3,1,1.7,0
30,2005,34,14400,1.8,16.8,1.1,1.6,0.1
30,2005,35,10800,2,15.9,1.1,1.4,0.1
30,2005,36,12600,2.2,16.9,1.1,1.4,0.2
30,2005,37,13400,2,16.3,0.9,2,0
30,2005,38,9600,4.7,14.8,1.1,2.7,0
30,2005,39,7100,5.1,15.6,1,1.4,0
30,2005,40,11800,3.2,17.1,1,1.8,0.1
30,2005,41,15300,1.9,18.1,1,1.5,0
30,2005,42,9600,3,15,1.1,1.7,0
30,2005,43,14600,3.2,18,1.1,2.1,0
30,2005,44,3700,10,14.8,1.3,2.5,0.3
30,2005,45,3300,10.2,14.1,1.3,1.2,0.1
30,2005,46,3300,9.6,13.5,1.3,1.8,9.8
30,2005,47,7400,9.6,14.8,1.4,2,10.5
30,2005,48,7400,7.2,17,1.4,2.4,0.3
30,2005,49,6200,10.8,17.4,1.4,2.3,4.5
30,2005,50,5000,6.2,16,1.3,3,9
30,2005,51,5700,10.2,16.5,1.3,3.3,2.7
30,2005,52,7000,10.7,19.4,1.4,3.3,6.5
30,2005,53,14900,9.6,19.4,1.3,2,0.1
30,2005,54,14400,5.6,19.7,1.3,1.5,0
30,2005,55,9400,8.2,16,1.3,2.4,0
30,2005,56,6400,8.1,15.5,1.3,1.4,0
30,2005,57,9600,7.4,16.4,1.2,1.7,0
30,2005,58,4400,7.8,17.1,1.3,2.9,13.7
30,2005,59,13800,6.1,18.4,1.1,1.5,0.1
30,2005,60,13300,3.9,18.3,1.1,2.2,7.5
30,2005,61,14900,6.2,16.1,1.3,1.8,6.1
30,2005,62,11000,4.8,17.3,1.2,1.6,0.9
30,2005,63,10000,8.1,18,1.4,2,1.7
30,2005,64,19700,3.1,20.6,1.3,1.6,0.2
30,2005,65,19100,3.9,22,1.3,1.4,0.1
30,2005,66,18600,6.8,22.7,1.5,1.3,0
30,2005,67,19100,7,26.7,1.6,1.3,0.1
30,2005,68,19100,7.6,26.8,1.7,1.2,0.2
30,2005,69,20700,8.9,27.2,1.4,2.7,0.1
30,2005,70,21100,8.2,30.5,1.5,1.1,0
30,2005,71,16000,7.4,27.5,1.6,1.8,0.1
30,2005,72,19700,8.1,24,1.3,2.2,0
30,2005,73,21600,5,20.9,0.7,4.7,0
30,2005,74,21500,2.1,21.9,0.9,1.7,0
30,2005,75,16500,5.4,17.9,1.1,2.2,0
30,2005,76,11100,8.5,20.2,1.1,2.6,0
30,2005,77,5500,8.7,16.7,1.2,1.5,0.5
30,2005,78,9600,9.8,17.1,1.3,5.1,4.4
30,2005,79,10900,8.6,15.8,1.3,4.3,2.9
30,2005,80,7700,9.9,16.7,1.2,3.8,10.2
30,2005,81,7100,9.7,16,1.3,5.5,6.5
30,2005,82,11500,6.7,16.4,1.2,4.2,4.7
30,2005,83,20800,4.6,16,1,1.8,0
30,2005,84,21400,3,17.3,1,1.3,0
30,2005,85,15800,4.9,18.9,1.2,1.6,0
30,2005,86,8500,9.9,17.4,1.3,3.7,5.1
30,2005,87,20300,7.9,18.3,1.1,2.4,0
30,2005,88,18500,6.7,17.1,1.2,4.1,2.3
30,2005,89,25300,1.7,19,0.8,2.9,0
30,2005,90,25000,1.5,21.2,1.1,1.4,0
30,2005,91,21200,3.6,23,1.2,1.1,0
30,2005,92,24300,5.5,21.1,1.2,2.8,0
30,2005,93,7200,5.6,14.8,1.1,3.4,13.5
30,2005,94,21500,2.9,18.5,1,1.4,0.1
30,2005,95,25300,3.1,22.2,1.1,1.3,0
30,2005,96,24600,4,23.1,1.3,1.8,0
30,2005,97,18200,4.8,16.9,1.1,3.1,0.6
30,2005,98,13700,4.8,14.8,1,4,14.7
30,2005,99,25100,3.2,18.5,1.1,2.2,0.1
30,2005,100,26400,2.7,25.1,1.1,1.6,0
30,2005,101,24600,7.7,21.9,1.2,2.8,0
30,2005,102,24200,5.1,19,1,2.4,0
30,2005,103,24200,3.1,17.1,0.8,2,0
30,2005,104,27900,1.8,18.7,0.8,2.9,0
30,2005,105,26600,0.9,25,1,1.2,0
30,2005,106,25800,6.9,25.8,1.4,1.8,0
30,2005,107,26600,11.3,23.3,1.3,2.5,0
30,2005,108,27900,5.5,20.5,0.7,3.4,0
30,2005,109,28400,5.5,20.9,0.8,3.6,0
30,2005,110,26900,2.1,22.8,1,1.5,0
30,2005,111,26200,3.1,25.8,1.1,1.1,0
30,2005,112,21000,5,26.6,1.2,2,0
30,2005,113,13900,6.7,16,1.3,1.7,2.7
30,2005,114,13200,6.3,18.3,1.2,1.6,0
30,2005,115,26500,3.9,23.6,1.2,1.2,0
30,2005,116,24200,6.1,24.3,1.3,1.1,0
30,2005,117,18500,8.5,22.8,1.3,2.4,0.5
30,2005,118,18900,9.4,19.2,1.4,1.4,3.9
30,2005,119,26900,7.6,23.5,1.3,2.1,0
30,2005,120,19300,8.3,22.1,1.3,2.1,0
30,2005,121,26200,7.1,25.2,1.2,1.3,0
30,2005,122,28300,9.1,26.7,1.3,1.4,0
30,2005,123,21600,10.3,25.5,1.4,2,0
30,2005,124,6400,12.3,20.7,1.7,1.7,4
30,2005,125,20600,12.7,21.9,1.6,2.6,2.1
30,2005,126,19800,10.3,22,1.4,2.3,0
30,2005,127,21100,8.9,21.7,1.3,2.4,0
30,2005,128,6000,11.9,15.9,1.5,3.1,18.8
30,2005,129,20200,6.8,17.5,1.3,3.1,2.4
30,2005,130,29300,0,20.5,1.1,1.7,0
30,2005,131,30600,4.5,27,1.2,1.4,0
30,2005,132,27400,8.4,27.5,1.5,1.2,0
30,2005,133,28200,12.7,29,1.7,1.5,0
30,2005,134,25500,12.1,29.6,1.7,1.8,0
30,2005,135,12400,15.9,22.4,1.9,2.4,0.1
30,2005,136,25500,11.5,22.8,1.3,2.8,0
30,2005,137,10600,9.3,17.7,1.2,1.9,0.6
30,2005,138,5600,12.1,19.3,1.7,3,8.2
30,2005,139,20000,15,21.5,1.8,1.6,0
30,2005,140,29900,10.3,24.3,1.3,1.5,0
30,2005,141,31800,7.9,27.7,1.4,1.5,0
30,2005,142,31600,11.7,31.3,1.7,1.6,0
30,2005,143,32300,10.2,29.3,1.6,1.5,0
30,2005,144,32700,9.1,31.1,1.6,1.3,0
30,2005,145,30300,11.7,35.4,1.8,1.1,0
30,2005,146,27400,14.1,33.6,1.9,1.9,0
30,2005,147,26700,13.3,30.4,1.8,2.8,0
30,2005,148,27000,11.8,24.2,1.3,4.1,0
30,2005,149,28500,9.7,24.2,1.3,1.7,0
30,2005,150,31100,10.8,30.3,1.6,1.6,0
30,2005,151,28400,14.6,31.8,1.8,1.7,0
30,2005,152,32700,13.3,30.5,1,4.1,0
30,2005,153,32800,13.5,29.7,1,3,0
30,2005,154,32500,12,31.5,1.2,2.2,0
30,2005,155,32300,12.8,31.6,1.4,2.9,0
30,2005,156,33400,11.8,25.1,1.1,2.6,0
30,2005,157,31000,8.2,24.2,0.9,2.3,0
30,2005,158,31800,6.5,23.9,1,2.5,0
30,2005,159,9100,12.4,18.4,1.7,4.1,0
30,2005,160,21500,15.2,24.8,1.8,1.9,0
30,2005,161,30600,13.1,30.2,1.8,2.3,0
30,2005,162,32400,13.7,30.7,1.7,2,0
30,2005,163,32800,12.3,31.3,1.3,2.5,0
30,2005,164,32800,12.8,34,1.4,2,0
30,2005,165,32700,16.1,33,1.7,2.6,0
30,2005,166,30300,12,30.8,1.3,2.7,0
30,2005,167,8900,12.5,18.5,1.4,4.5,0
30,2005,168,16600,11.1,21.6,1.3,3.4,0
30,2005,169,20400,12.4,23.1,1.3,2.9,0
30,2005,170,29600,10.8,26,1.3,2.1,0
30,2005,171,31700,11.6,28.6,1.4,2,0
30,2005,172,32200,12.7,28.7,1.4,3.3,0
30,2005,173,32900,11.5,30.3,1.4,1.8,0
30,2005,174,27200,13.2,31.1,1.6,2.4,0
30,2005,175,25300,13.1,27.3,1.6,3.3,0
30,2005,176,23000,13.1,26.8,1.6,4.1,0
30,2005,177,24700,12.8,27,1.6,3.5,0
30,2005,178,24600,13.1,26.9,1.6,4.2,0
30,2005,179,26500,13.8,29.2,1.8,2.1,0
30,2005,180,30100,15.4,34.3,1.9,1.4,0
30,2005,181,29700,18.1,36,2.1,1.7,0
30,2005,182,30000,18.1,36.1,2.1,2.3,0
30,2005,183,30100,15.8,33.6,1.9,2.4,0
30,2005,184,31200,14.6,34.2,1.8,2.1,0
30,2005,185,32100,15.5,36.3,2,1.7,0
30,2005,186,29100,16,32,1.9,3.1,0
30,2005,187,30100,15.4,33.3,1.9,2.5,0
30,2005,188,31600,16.4,31,1.8,3.6,0
30,2005,189,31000,13.6,29.5,1.7,3.8,0
30,2005,190,28700,15.5,29.5,1.8,4.1,0
30,2005,191,29800,14.4,30.9,1.8,2.5,0
30,2005,192,31000,16.4,34.8,2.1,1.6,0
30,2005,193,31400,18,37,2.1,1.5,0
30,2005,194,30500,18.5,38.7,2.2,1.5,0
30,2005,195,29100,20.4,39,2.2,1.5,0
30,2005,196,29200,19.5,40.2,2.3,1.4,0
30,2005,197,29300,18.8,40.6,2.1,1.4,0
30,2005,198,29200,18.8,38.3,2.3,1.7,0
30,2005,199,27000,18.6,34.5,2.2,2.4,0
30,2005,200,26200,16.8,33.9,2.1,2.5,0
30,2005,201,27400,15.1,37.6,2,1.5,0
30,2005,202,21000,18.4,31.2,1.8,2.7,0
30,2005,203,28700,14.7,34.6,1.6,2.1,0
30,2005,204,30500,13.3,38.5,1.9,1.1,0
30,2005,205,30700,17.2,35.7,2.1,2,0
30,2005,206,28900,14.6,37.4,1.8,1.5,0
30,2005,207,28100,16,35.4,2.1,1.8,0
30,2005,208,26500,15.8,38.6,1.8,1.8,0
30,2005,209,26100,15.6,34,1.8,2.1,0
30,2005,210,26800,16.6,33.8,1.8,2.4,0
30,2005,211,26700,15.9,37.3,1.9,1.7,0
30,2005,212,26200,17.4,35.2,1.9,2,0
30,2005,213,28300,15.6,37,1.7,1.9,0
30,2005,214,27900,14.5,33.7,1.7,1.9,0
30,2005,215,27500,13.6,35.9,1.8,1.6,0
30,2005,216,26800,15.2,37.4,1.9,1.4,0
30,2005,217,26900,16.5,39.5,2,1.4,0
30,2005,218,26600,15.9,36.6,1.9,1.5,0
30,2005,219,25800,17.2,39,1.9,1.5,0
30,2005,220,21200,17.6,34.2,2,1.9,0
30,2005,221,21700,16.2,36.3,2.1,1.5,0
30,2005,222,26100,15.1,35,1.9,1.7,0
30,2005,223,27400,14.1,36.9,1.8,1.3,0
30,2005,224,27000,14.9,35.4,1.8,1.7,0
30,2005,225,20500,13.9,28.1,1.7,2.7,0
30,2005,226,22600,13.3,30.6,1.7,2.8,0
30,2005,227,18900,14.1,28.7,1.7,3.3,0
30,2005,228,24700,15.8,33.6,1.9,1.8,0
30,2005,229,23700,16,32.5,1.6,2.6,0
30,2005,230,21700,13.5,27.9,1.7,4,0
30,2005,231,21500,12.9,29.5,1.7,2.1,0
30,2005,232,23000,12.1,33.2,1.7,1.7,0
30,2005,233,23900,12.1,33.7,1.7,1.7,0
30,2005,234,24200,12.8,35.8,1.7,1.6,0
30,2005,235,25000,15.2,33.9,1.7,2.3,0
30,2005,236,22900,14.1,30.4,1.6,2.9,0
30,2005,237,25600,13.8,32.1,1.4,2.2,0
30,2005,238,24900,11.3,35.9,1.4,1.7,0
30,2005,239,24200,12.9,37.6,1.6,1.5,0
30,2005,240,24300,16.2,34.8,1.6,1.8,0
30,2005,241,26400,14.2,31.2,1.4,2.3,0
30,2005,242,26700,13.9,31.8,1.3,3.4,0
30,2005,243,26200,13.5,35.9,1.4,1.2,0
30,2005,244,22900,13.1,32.9,1.6,2,0
30,2005,245,21700,12.1,30.9,1.6,2.2,0
30,2005,246,22400,12.6,30.2,1.6,2.5,0
30,2005,247,24300,11.8,27.9,1.6,2.7,0
30,2005,248,25500,10.6,31.6,1.5,1.4,0
30,2005,249,22700,12.5,29.9,1.5,2,0
30,2005,250,20600,10.7,29,1.5,1.9,0
30,2005,251,16700,12.1,25,1.5,3.4,0
30,2005,252,14300,12.8,22.4,1.6,4.4,0
30,2005,253,24500,11.4,24.1,1.4,1.8,0
30,2005,254,22600,10,25.3,1.3,1.9,0
30,2005,255,20400,9.4,26.3,1.3,1.5,0
30,2005,256,18600,8.6,26.2,1.3,2.1,0
30,2005,257,18300,9.9,25.6,1.4,2.3,0
30,2005,258,18300,9.9,28.2,1.5,1.7,0
30,2005,259,21400,10.9,24.1,1.5,3.6,0
30,2005,260,20400,11.4,25.5,1.5,1.5,0
30,2005,261,21600,8.1,27.7,1.3,1.3,0
30,2005,262,22000,8.8,30.3,1.3,1.2,0
30,2005,263,16800,9.8,31.5,1.4,2.1,0
30,2005,264,19900,13.9,31.7,1.5,1.5,0
30,2005,265,18800,11.6,29.6,1.3,1.4,0
30,2005,266,21400,11.6,26.2,1.2,3.2,0
30,2005,267,21500,7.8,25.7,0.9,1.7,0
30,2005,268,20700,5.4,28.8,1,1.5,0
30,2005,269,16800,11.7,30.1,1.5,1.7,1.1
30,2005,270,17900,12.8,28.3,1.6,1.2,0
30,2005,271,20600,11,33,1.4,1.2,0
30,2005,272,20700,10.3,35.5,1.3,0.5,0
30,2005,273,19400,9.6,33.2,1.4,0.5,0
30,2005,274,14700,14.7,28.9,1.6,3.2,0
30,2005,275,13900,8.6,23,1.3,1.5,0
30,2005,276,19500,7.1,22.9,1.1,1.9,0
30,2005,277,20100,5.7,23.1,0.9,3.4,0
30,2005,278,19500,4.2,26.8,0.9,1.4,0
30,2005,279,18900,5.6,31.3,0.9,1.1,0
30,2005,280,18000,7.2,27.2,1.2,2.3,0
30,2005,281,18700,8.4,23.5,1.2,1.9,0
30,2005,282,18600,5.4,26.8,1,1.7,0
30,2005,283,18500,6.1,26.7,1.1,1.6,0
30,2005,284,16900,6.3,27.1,1.2,1.3,0
30,2005,285,17300,7.2,32.3,1.1,1.5,0
30,2005,286,17900,8.4,30.7,1.2,1.4,0
30,2005,287,14100,8.3,28.8,1.2,2.7,0
30,2005,288,14800,9.1,21.7,1.3,3.5,2.5
30,2005,289,17300,11.6,29.4,1,4.7,0
30,2005,290,16700,8.9,29.7,1.2,2.1,0
30,2005,291,9400,12.4,22.8,1.4,3.8,0
30,2005,292,12100,10.3,22.4,1.4,1.8,0
30,2005,293,13000,6.9,24.1,1.3,1.6,0
30,2005,294,14300,7.1,26,1.3,1.1,0
30,2005,295,14100,7.5,27.2,1.3,1.3,0
30,2005,296,15200,5.5,25.7,1.3,1.3,0
30,2005,297,12600,6.6,27.1,1.3,1.6,0
30,2005,298,13300,11,21.7,1.3,4.1,0
30,2005,299,5800,9.3,16.3,1.5,2.7,5.8
30,2005,300,12900,8.5,19.2,1.2,2.2,0.4
30,2005,301,4500,11.6,16.2,1.4,2.1,1.4
30,2005,302,12600,7.3,19.5,1.4,1.8,0.4
30,2005,303,15000,4.3,20.5,1.2,1.4,0.2
30,2005,304,14900,3.6,22.9,1.1,0.9,0.1
30,2005,305,9500,4.8,23.1,1.2,1.1,0
30,2005,306,10900,6.9,20.9,0.8,2.8,0
30,2005,307,6900,5.6,17.6,1,4,2.8
30,2005,308,11400,4.3,20.6,1.2,3,3.1
30,2005,309,13000,1.2,20.4,1,1.8,0
30,2005,310,5500,9.1,20.2,1.3,3.3,0
30,2005,311,3800,8.9,18.8,1.3,3.6,9.9
30,2005,312,10600,8.1,17.2,1.1,3.5,6.2
30,2005,313,12300,9.8,21.8,1.1,2.6,0
30,2005,314,12500,5.4,21,1.1,1.2,0
30,2005,315,7600,7.2,19.9,1.1,2.3,0
30,2005,316,11500,5.3,19.5,1,1.9,0
30,2005,317,10600,3.7,21.5,1,1.1,0
30,2005,318,12000,6.1,24.3,1.1,4.2,0
30,2005,319,12000,6.2,23.8,0.8,4.2,0
30,2005,320,12700,3.5,23,0.9,1.2,0
30,2005,321,12300,1.9,23.8,1,1,0
30,2005,322,12400,2.3,22.3,0.9,1.1,0
30,2005,323,12500,1.1,22.2,0.9,1.2,0
30,2005,324,12000,0.9,21.6,0.9,1.2,0
30,2005,325,12000,0.3,23.4,0.8,0.9,0.1
30,2005,326,11700,-0.2,21.5,0.9,1.2,0
30,2005,327,11500,0.9,21.6,0.9,1.3,0
30,2005,328,5600,0.9,17.4,0.9,1.3,1.1
30,2005,329,7300,6.5,18.1,1.2,3.3,11.1
30,2005,330,11800,0.5,14.5,0.7,2.9,0
30,2005,331,9600,-2.1,14.5,0.6,1.3,0
30,2005,332,3600,2.4,8.5,0.8,1.7,12.7
30,2005,333,4700,7.3,11.6,1.1,2.6,3.9
30,2005,334,5300,4.9,9.5,0.9,1.6,1.3
30,2005,335,1000,9.4,14.6,1.3,5.8,10.2
30,2005,336,11100,1.7,14.4,0.7,1.9,0
30,2005,337,11300,-1.9,12.8,0.6,3.1,0.1
30,2005,338,9900,-0.9,13.7,0.6,1.7,0
30,2005,339,10900,-2.7,13,0.7,1.3,0
30,2005,340,10800,-3.8,14.3,0.7,1,0.1
30,2005,341,4200,0.8,8.7,0.9,1.4,1.4
30,2005,342,6400,2.3,16.3,0.9,1.9,0
30,2005,343,10500,1.1,18.1,0.8,1.5,0
30,2005,344,10500,-0.1,17,0.9,1,0.1
30,2005,345,9000,0.6,12.5,0.8,1.1,0.1
30,2005,346,4200,0.9,14.9,0.8,1,0.2
30,2005,347,4500,-0.7,14.9,0.8,1.1,0.2
30,2005,348,8500,-0.8,10.8,0.8,1.2,0.2
30,2005,349,10000,-1.5,13,0.8,1.4,0.2
30,2005,350,5700,3,4.5,0.8,1.5,0.2
30,2005,351,2400,3.9,5.9,0.8,2,3.3
30,2005,352,2200,4.5,14,1.2,5.8,38.5
30,2005,353,3100,6.8,15.7,1.4,0.5,2.9
30,2005,354,3500,4.5,15.9,1.2,1.8,7.8
30,2005,355,2300,11.8,15.3,1.4,2.9,4.8
30,2005,356,1200,13.9,15.9,1.6,3.7,9.9
30,2005,357,6500,14.1,17.6,1.6,1.8,0
30,2005,358,7900,10.6,18.5,1.5,1.7,0
30,2005,359,1800,12,13.4,1.4,3.3,10.5
30,2005,360,6900,9.5,15.9,1.2,3.7,10.4
30,2005,361,2000,9.9,13.4,1.2,3.3,9.9
30,2005,362,8300,7.7,16.8,1.2,4.6,13.4
30,2005,363,4600,2.8,10.6,1,1.6,2.2
30,2005,364,1300,8.9,12.1,1.2,6.2,15.1
30,2005,365,7000,9.4,15.7,1.2,6.6,44.6
