*---------------------------------------------------------*
* Weather file for rice yield gap assessment using Oryza(v3)
*      Project: Global Yield Gap Atlas (www.yieldgap.org)
*      Country: USA
*  Station_num: 32
* Station_name: Colusa
*         Year: 2005
*       Source: http://www.cimis.water.ca.gov
*       Author: M. Espe
*         Date: 11-16-2015
*    Longitude: -122.02
*     Latitude: 39.23
*    Elevation: 55
*
*  Columns:
*  1. station number
*  2. year
*  3. day
*  4. average insolation incident on a horizontal surface (kJ m-2 d-1)
*  5. minimum temperature (degrees Celsius)
*  6. maximum temperature (degrees Celsius)
*  7. vapour pressure (kPa)
*  8. mean wind speed (m s-1)
*  9. precipitation (mm d-1)
*---------------------------------------------------------*
-122.02,39.23,55,0,0
32,2005,1,4100,4.1,11,0.8,3.1,0
32,2005,2,5800,5.4,7.6,0.9,2.8,19.1
32,2005,3,5400,5.1,9.4,0.9,2,4.9
32,2005,4,9200,1,9.7,0.8,1.6,0
32,2005,5,4800,4.1,8.2,0.9,1.3,0.5
32,2005,6,8000,-0.2,10.9,0.8,0.9,0
32,2005,7,3000,5.4,11.6,0.9,3.1,16.3
32,2005,8,2400,5.1,12.1,0.8,4,4.6
32,2005,9,6300,4.9,12.7,0.9,2.2,0.1
32,2005,10,5300,4.8,9.6,0.9,1.8,12.5
32,2005,11,10600,0.2,8.7,0.9,2.4,8.7
32,2005,12,11400,-1.6,11.5,0.7,1.2,0.2
32,2005,13,6200,-0.8,7.1,0.8,1.1,0.3
32,2005,14,8000,-2.2,10.8,0.7,1.3,0.1
32,2005,15,7800,3.4,5.3,0.8,1.4,0
32,2005,16,6400,4.4,15.5,0.9,1.4,0.2
32,2005,17,7100,4.1,7.1,0.9,1.5,0.1
32,2005,18,8400,6.1,7.9,0.9,1.1,0
32,2005,19,11500,5.5,8.1,0.9,1.3,0.2
32,2005,20,9200,4.9,7.3,0.9,1.2,0.2
32,2005,21,10700,4.7,7.2,0.9,1.2,0.3
32,2005,22,10300,4.7,6.5,0.9,1.3,0.1
32,2005,23,12100,4.2,11.1,0.9,1.4,0.1
32,2005,24,11400,3.1,7.3,0.9,1.1,0.4
32,2005,25,2900,6.7,10.8,1.1,1.1,6.2
32,2005,26,4700,9,14.5,1.3,2.5,5.1
32,2005,27,6200,7.6,12.9,1.1,2.3,4.2
32,2005,28,5000,5.4,14.3,1,3.7,3
32,2005,29,12300,3.3,14.3,0.9,2.3,0
32,2005,30,13100,3.7,16.8,0.8,3.1,0
32,2005,31,10400,0,15,0.9,1.5,0
32,2005,32,13600,8,19.5,0.8,4.3,0
32,2005,33,12900,4.1,20.3,0.8,3.2,0
32,2005,34,14100,1,15.9,1,1.6,0
32,2005,35,9800,3.2,15.2,1,1.1,0.1
32,2005,36,12100,2.9,17,0.9,2,0.1
32,2005,37,10200,2,16.6,0.7,1.5,0
32,2005,38,11100,4.5,14.4,0.9,2,0
32,2005,39,7800,4.5,14.7,0.9,1.3,0
32,2005,40,10600,3.7,16.2,0.9,1.5,0
32,2005,41,14800,1.4,18.4,0.8,1.5,0
32,2005,42,15200,1.9,15.1,0.8,1.4,0
32,2005,43,8200,1.2,17.4,0.9,1.5,0
32,2005,44,3100,9.7,14.7,1.1,2.4,1.5
32,2005,45,6100,8.7,13.7,1.2,1.2,0
32,2005,46,5000,8.8,10.9,1.1,1.4,7.6
32,2005,47,6700,8.9,13.7,1.2,2,5.1
32,2005,48,10700,9,17.8,1.1,2.3,0.1
32,2005,49,4600,9.6,15.8,1.2,1.7,6.8
32,2005,50,5500,7,13.7,1.2,2.3,5.3
32,2005,51,5700,9.7,14.1,1.2,3.4,0.5
32,2005,52,10400,8.7,17.4,1.2,3,9.2
32,2005,53,16600,8.5,19.7,1.1,1.8,0
32,2005,54,13400,4.7,21.5,1,1.3,0
32,2005,55,10400,6,14.5,1.1,1.6,0
32,2005,56,7500,5.8,15.9,1.1,1.2,0
32,2005,57,11200,6.1,15.2,1.1,1.9,0
32,2005,58,3200,8.6,15.1,1.2,3,13.6
32,2005,59,11800,4.8,16.3,1,2.6,0
32,2005,60,7600,3,16.5,1,2.1,8
32,2005,61,15900,5.7,16.1,1.1,1.6,0.1
32,2005,62,11600,2.5,15.6,1,1.3,0.1
32,2005,63,11900,8.6,18.4,1.2,2,3.6
32,2005,64,17100,7.8,22.6,1.1,2.8,0
32,2005,65,18600,3.9,24.2,1.1,1.9,0
32,2005,66,16900,6.2,21.4,1.3,1.3,0
32,2005,67,18800,6.8,24.3,1.4,1.2,0
32,2005,68,18400,8.2,24.6,1.5,1,0.1
32,2005,69,20300,11,25.9,1.2,4.1,0
32,2005,70,20600,10.5,28.8,1.2,1.9,0
32,2005,71,17700,7,26.6,1.3,1.4,0
32,2005,72,13200,10.8,22.9,0.9,3.6,0
32,2005,73,21800,5.8,20.6,0.6,4.7,0
32,2005,74,21200,0.9,21.4,0.8,1.3,0
32,2005,75,15700,4.4,17,1,1.5,0
32,2005,76,13000,9.8,18.8,0.9,2.7,0
32,2005,77,7300,7,14.7,1.1,1.4,1.8
32,2005,78,6200,9.6,17.2,1.1,4.3,7.1
32,2005,79,4000,8.6,15.8,1.1,3.6,4.9
32,2005,80,6600,9.2,15.8,1.1,3.5,12.7
32,2005,81,8000,9.4,15.5,1.2,4.6,3.9
32,2005,82,7600,7.1,17.2,1,2.9,0.8
32,2005,83,18100,4.9,16.3,0.9,1.4,0
32,2005,84,21800,2.9,17.7,0.9,1.2,0
32,2005,85,14900,4.8,18.4,1.1,2.1,0
32,2005,86,3100,10.2,17.1,1.1,4,1.8
32,2005,87,14900,7.6,18.3,0.9,2.4,0.1
32,2005,88,18200,5.8,17.8,1,3.1,0.1
32,2005,89,25100,3.7,19.3,0.7,2.7,0
32,2005,90,22300,5.5,21.9,0.8,2.1,0
32,2005,91,14900,4.5,21.2,1.1,1,0
32,2005,92,17200,4.5,21.9,1,2.4,0
32,2005,93,5000,6.6,14.5,1,3.4,3.3
32,2005,94,22200,2.9,16.4,0.9,1.5,0
32,2005,95,25100,3.7,22.4,0.9,1.2,0
32,2005,96,22500,4.1,23.2,1,2.2,0
32,2005,97,14700,4.5,17.4,0.9,3.5,0.4
32,2005,98,7700,4.9,16,0.9,4.2,5.3
32,2005,99,23600,4.2,19.7,0.9,2,0
32,2005,100,23900,4.9,23.9,0.8,2.2,0
32,2005,101,19400,8.9,21.8,1.1,2.5,0
32,2005,102,15200,3.7,19.3,0.8,3.2,0
32,2005,103,19600,2.5,16.2,0.7,2.1,0
32,2005,104,26600,0,18.9,0.6,3.2,0
32,2005,105,25800,2.1,24.7,0.8,1.9,0
32,2005,106,21600,6.2,26.3,1.1,2.1,0
32,2005,107,27900,8.8,22.7,1.1,2.5,0
32,2005,108,28200,8.9,20.7,0.5,6,0
32,2005,109,28600,8.8,21.2,0.6,3.8,0
32,2005,110,27100,2.8,22.5,0.8,1.5,0
32,2005,111,26000,3.4,24.9,0.9,1.4,0
32,2005,112,22600,5.8,26.7,1,2,1.5
32,2005,113,9400,7.2,17.4,1.2,2.2,5.2
32,2005,114,9100,7,19.8,1.2,1.5,0.8
32,2005,115,25900,6.6,22.8,1.2,1.1,0.2
32,2005,116,24000,7.8,24.2,1.2,1.2,0
32,2005,117,17400,7.8,23.9,1.1,1.9,0
32,2005,118,22100,11.5,20.8,1.2,1.8,0
32,2005,119,22700,7.3,23.4,1.2,1.9,0
32,2005,120,15600,9.6,22.5,1.2,1.7,0
32,2005,121,23900,8.7,25.5,1.1,1.4,0
32,2005,122,28700,9.2,26.6,1.2,1.5,0
32,2005,123,20700,11.5,26.4,1.3,2.1,0
32,2005,124,5900,13.4,19.7,1.5,2.3,13.4
32,2005,125,16200,12.1,20.8,1.4,2.2,2.6
32,2005,126,14900,10.7,20.5,1.3,2,0
32,2005,127,16600,10,22.5,1.2,2.3,0
32,2005,128,15400,11.8,14.6,1.4,3.6,15.6
32,2005,129,14400,8.8,18.3,1,3.4,0.4
32,2005,130,25000,4.9,20.4,1,1.4,0
32,2005,131,29800,6.1,25.6,1.1,1.6,0
32,2005,132,24900,8.4,28.2,1.4,1,0
32,2005,133,25400,12.2,28.8,1.5,1.4,0
32,2005,134,22400,14.2,29.7,1.6,1.8,0
32,2005,135,8600,16.4,21.6,1.6,3,0
32,2005,136,23800,10.7,23.2,1,2.8,0
32,2005,137,6500,10,16.1,1.2,2.2,3
32,2005,138,8100,11.1,20.6,1.5,4,8.9
32,2005,139,20400,12.7,21.5,1.4,2.4,0
32,2005,140,27500,7.8,24.7,1.1,1.4,0
32,2005,141,31100,9.7,28.6,1.2,1.7,0
32,2005,142,31500,11.8,31.6,1.4,1.4,0
32,2005,143,32500,11.4,30.9,1.1,2.4,0
32,2005,144,32800,11.3,32.2,1.2,2.2,0
32,2005,145,32200,12.9,33.6,1.5,1.3,0
32,2005,146,28300,16,34.1,1.8,1.5,0
32,2005,147,27000,14.9,32.6,1.8,2.7,0
32,2005,148,28500,13.2,25.8,1.1,4.2,0
32,2005,149,28300,9.8,24.1,1.2,1.5,0
32,2005,150,30600,10.6,30.7,1.4,1.4,0
32,2005,151,30500,14.4,32.3,1.6,1.8,0
32,2005,152,33300,18.5,30,0.8,4.6,0
32,2005,153,33200,17.1,29.8,0.8,4.7,0
32,2005,154,32900,13.8,31.9,1,2.5,0
32,2005,155,32000,11.4,31.8,1.2,2,0
32,2005,156,33100,9.9,25.7,0.9,2.3,0
32,2005,157,22500,7.2,23.5,0.8,2.2,0
32,2005,158,23500,5.9,23.3,0.9,2,0
32,2005,159,5600,12.9,18,1.5,1.9,5.2
32,2005,160,17100,14.5,25.9,1.6,1.4,0
32,2005,161,29200,13.1,30.8,1.6,1.3,0
32,2005,162,32900,13.4,30.8,1.4,1.9,0
32,2005,163,32800,12.7,31.9,1,2.9,0
32,2005,164,31900,17.5,35.2,1.2,2.3,0
32,2005,165,31600,14.8,34.5,1.4,1.6,0
32,2005,166,32100,12.5,31.7,1.1,2.4,0
32,2005,167,9000,11.7,17.2,1.2,3.6,6.5
32,2005,168,8100,11.2,21.5,1.1,2.9,0
32,2005,169,9300,10.3,22,1.2,2.6,0
32,2005,170,21500,9.9,26.6,1.1,1.5,0
32,2005,171,29300,11.9,29,1.2,1.5,0
32,2005,172,24600,13.2,29.4,1.2,2.4,0
32,2005,173,32100,13.3,30.7,1.3,1.6,0
32,2005,174,29800,12.4,31.8,1.4,1.7,0
32,2005,175,24900,13.4,30.2,1.4,2.1,0
32,2005,176,23900,13.9,30.5,1.4,2.9,0
32,2005,177,28400,12.7,28.7,1.4,2.5,0
32,2005,178,27500,12.8,28,1.4,2.8,0
32,2005,179,28700,13.4,30.5,1.4,1.8,0
32,2005,180,30900,13.9,36.6,1.6,1.5,0
32,2005,181,30300,16.4,37.6,1.8,1.4,0
32,2005,182,32000,19.3,37.4,1.8,2.1,0
32,2005,183,32400,17,36.2,1.7,2.1,0
32,2005,184,32100,15.6,35.1,1.6,1.7,0
32,2005,185,32500,16.9,37.2,1.6,1.7,0
32,2005,186,30700,17.5,34.9,1.7,2.6,0
32,2005,187,27900,16.2,36.4,1.7,2.3,0
32,2005,188,31700,17.3,33,1.6,2.9,0
32,2005,189,29800,14.3,30.7,1.5,3,0
32,2005,190,20400,15.5,30,1.6,3.2,0
32,2005,191,27100,14.7,31.9,1.6,2.1,0
32,2005,192,30700,15.9,35.5,1.7,1.5,0
32,2005,193,31200,17.3,37.6,1.8,1.7,0
32,2005,194,31500,19.2,39.7,1.9,1.4,0
32,2005,195,30500,19.3,39.1,1.9,1.7,0
32,2005,196,28700,19.7,39.8,1.9,1.7,0
32,2005,197,31200,18.5,40.9,1.8,1.5,0
32,2005,198,29200,18.9,41.7,1.9,1.6,0
32,2005,199,27800,19.8,38,1.9,2.5,0
32,2005,200,26500,18.1,36,1.8,2.3,0
32,2005,201,28500,15.8,39.7,1.7,1.5,0
32,2005,202,24300,19.5,33,1.7,2.5,0
32,2005,203,28800,15.6,33.9,1.6,1.9,0
32,2005,204,32000,14.2,39.1,1.5,1.6,0
32,2005,205,31700,17.3,38.4,1.7,1.8,0
32,2005,206,29800,14.2,37.9,1.6,1.3,0
32,2005,207,28200,16,38,1.6,1.6,0
32,2005,208,26000,16.9,37.4,1.7,2,0
32,2005,209,25700,15.19,36.6,1.4,2.5,0
32,2005,210,26300,19.6,36.3,1.5,2.2,0
32,2005,211,26900,16.8,37.1,1.6,1.9,0
32,2005,212,24700,18.1,36.8,1.6,2,0
32,2005,213,28900,17.9,38.1,1.4,1.8,0
32,2005,214,27000,15.3,35.2,1.4,1.4,0
32,2005,215,27500,13.9,37,1.4,1.5,0
32,2005,216,27300,15.1,37,1.5,1.5,0
32,2005,217,26800,17.3,39,1.6,1.5,0
32,2005,218,26200,16.2,38.7,1.6,1.6,0
32,2005,219,25200,15.5,38.4,1.6,1.6,0
32,2005,220,25100,17.6,35.8,1.7,2.1,0
32,2005,221,25000,15.1,36.7,1.7,1.5,0
32,2005,222,27500,14.4,37.3,1.5,1.5,0
32,2005,223,28600,14.8,37.6,1.5,1.5,0
32,2005,224,27900,15.4,36.8,1.5,1.7,0
32,2005,225,23700,14.5,31.3,1.5,2.8,0
32,2005,226,23500,13.1,32.8,1.5,2.4,0
32,2005,227,21200,14.4,30.6,1.5,2.6,0
32,2005,228,24900,16,34.3,1.6,1.9,0
32,2005,229,26600,16,33.9,1.4,2.4,0
32,2005,230,23400,13.6,30.5,1.5,2.9,0
32,2005,231,23100,11.1,30.6,1.4,1.9,0
32,2005,232,22900,11.6,34.2,1.3,1.5,0
32,2005,233,24700,12.5,35.2,1.4,1.8,0
32,2005,234,24400,12.1,37.2,1.4,1.4,0
32,2005,235,27100,14.7,35.7,1.5,2,0
32,2005,236,22000,12.7,33.1,1.4,2.1,0
32,2005,237,20600,11.1,33.2,1.2,1.7,0
32,2005,238,22300,11.1,35.5,1.1,1.5,0
32,2005,239,24900,10.2,36.7,1.3,1.3,0
32,2005,240,24700,14.8,37.1,1.4,1.8,0
32,2005,241,26900,12.7,32.8,1.1,2.3,0
32,2005,242,26500,18.5,34.2,0.9,4.7,0
32,2005,243,25800,11.4,36.1,1,1.6,0
32,2005,244,21500,11.6,34.9,1.3,1.7,0
32,2005,245,24100,12.5,32.4,1.3,2.2,0
32,2005,246,21600,12.5,31.9,1.4,2.2,0
32,2005,247,25300,11.8,29.9,1.3,2.1,0
32,2005,248,25500,11.1,31.9,1.3,1.5,0
32,2005,249,23900,11.4,31.4,1.2,1.5,0
32,2005,250,19000,9.9,31.4,1.2,1.6,0
32,2005,251,18900,12.2,28,1.4,2.3,0
32,2005,252,17900,12.9,26.3,1.4,3.6,0
32,2005,253,22900,11.7,25.6,1.2,1.7,0
32,2005,254,23300,8.3,25.7,1.1,1.3,0
32,2005,255,19600,6.6,27.2,1,1.4,0
32,2005,256,19200,7.5,27.8,1.1,1.8,0
32,2005,257,19100,10.8,27.3,1.2,2,0
32,2005,258,18900,8.4,28.9,1.2,1.6,0
32,2005,259,18300,11.3,25.7,1.3,2.2,0
32,2005,260,18100,9.7,26.3,1.1,1.4,0
32,2005,261,20000,6.5,28.9,1,1.4,0
32,2005,262,21700,7.2,32.7,1.1,1.1,0
32,2005,263,18000,9.8,35.4,1,2.2,0
32,2005,264,18000,13.1,31,1.3,1.6,0
32,2005,265,18600,10.6,30.6,1.1,1.7,0
32,2005,266,20800,12.4,26.6,1,3.4,0
32,2005,267,21300,12.9,26.8,0.6,4.4,0
32,2005,268,20800,10.8,29.6,0.7,2.8,0
32,2005,269,15500,10.9,30.1,1.1,1.8,0
32,2005,270,17700,12.3,30.1,1.3,1.3,0
32,2005,271,19700,11.4,35.5,1,2.2,0
32,2005,272,20000,8.8,33.9,1.1,1.1,0
32,2005,273,17100,9.2,33.2,1.1,1.6,0
32,2005,274,10900,13.4,28.7,1.3,3.2,0
32,2005,275,13900,7.8,23.8,0.9,1.7,0
32,2005,276,15600,5,22.7,0.8,2,0
32,2005,277,19900,4.2,23.8,0.7,3.5,0
32,2005,278,19600,9.8,28.9,0.6,2.8,0
32,2005,279,19400,6.6,30.1,0.7,1,0
32,2005,280,15700,7.2,28.7,0.9,1.9,0
32,2005,281,19200,7.2,24.1,1,1.5,0
32,2005,282,18700,5.3,28,0.8,2.4,0
32,2005,283,18700,9.3,28.4,0.8,1.5,0
32,2005,284,18200,6.6,27.4,1,1,0
32,2005,285,17500,6.8,32.4,1,1.5,0
32,2005,286,17700,0,37.1,1.2,0.9,0
32,2005,287,12800,7.3,30,1,2.6,0
32,2005,288,10700,10.6,21.7,1.1,2.5,0.8
32,2005,289,17000,15.6,29.4,0.8,5.3,0
32,2005,290,16300,11.2,32.2,1,1.6,0
32,2005,291,12700,9,24.6,1.1,2.3,0
32,2005,292,10800,9.7,22.8,1.2,1.6,0
32,2005,293,13700,7.1,25.1,1.1,1.4,0
32,2005,294,13900,6.7,26,1.1,0.9,0
32,2005,295,14700,6.8,27.4,1.1,1,0
32,2005,296,14000,8,26.9,1.2,0.9,0
32,2005,297,12800,7,26.8,1.2,1.1,0
32,2005,298,11600,11.3,23.8,1.2,3.3,0
32,2005,299,9300,8.2,18,1.3,3,0
32,2005,300,7100,8,19.4,1.1,2.1,1.8
32,2005,301,7100,11,13.3,1.3,1.7,14
32,2005,302,12900,7.7,19,1.2,1.2,0.1
32,2005,303,14700,4.6,20.9,1,1.3,0.1
32,2005,304,14500,4.5,24.2,1,1,0.1
32,2005,305,9900,5.1,17.8,1.1,0.8,0.1
32,2005,306,11900,7.5,21.2,1,2.5,0
32,2005,307,2600,7.8,17,1,3.7,0
32,2005,308,10100,5.1,20.5,1.1,2.7,0
32,2005,309,6100,2.5,18.4,0.9,1.5,0
32,2005,310,3700,11,21.6,1.3,3.7,0
32,2005,311,2200,8.4,19,1.4,4.4,13.4
32,2005,312,8900,8.4,16.8,1.1,3.8,3.8
32,2005,313,12800,9.4,23.2,1.1,3.3,0
32,2005,314,12600,6.3,22,1.2,1.1,0
32,2005,315,5500,5.9,18.2,1.1,1.4,0
32,2005,316,11600,4.9,19.6,0.9,1.8,0
32,2005,317,7200,4.8,20.5,1,0.8,0
32,2005,318,10500,6.9,24.8,1.1,3.4,0
32,2005,319,11400,6.5,22.6,0.7,5.4,0
32,2005,320,12400,5.4,23.2,0.7,1.4,0
32,2005,321,12100,3,24.2,0.8,1.3,0
32,2005,322,12100,2.3,22.6,0.9,0.9,0
32,2005,323,12200,1,22.6,0.8,1.1,0.1
32,2005,324,10700,0.8,22.1,0.8,0.9,0.1
32,2005,325,10900,1,21.9,0.8,0.8,0.1
32,2005,326,11400,1,21.6,0.8,0.9,0.1
32,2005,327,10400,2.1,22.4,0.8,1.2,0.1
32,2005,328,7300,1.5,16.8,0.9,1,0.1
32,2005,329,5700,7.2,18.8,1.2,3.1,5.1
32,2005,330,10400,0.8,13.8,0.6,2.2,0
32,2005,331,8800,-1.8,13.8,0.6,1.2,0
32,2005,332,1600,4.3,6.7,0.8,1.2,16.9
32,2005,333,4200,5.1,8.4,1,1.3,3.4
32,2005,334,3500,1.2,7.5,0.8,1.4,2
32,2005,335,2200,6.6,15.7,1.2,5.7,2.1
32,2005,336,9300,0,14.5,0.7,1.5,0
32,2005,337,10800,-0.9,12.2,0.6,2.4,0
32,2005,338,6800,0.5,13,0.6,2.6,0
32,2005,339,10600,-2.1,14.1,0.6,1.2,0
32,2005,340,9700,0,12.8,0.7,0.8,0
32,2005,341,2800,1.4,8.1,0.8,1,0.2
32,2005,342,6400,5.2,15.8,0.9,2.1,0
32,2005,343,9900,3.4,18.2,0.8,1.9,0
32,2005,344,10200,-0.6,16.6,0.8,0.9,0
32,2005,345,5300,-0.3,10.4,0.8,0.9,0
32,2005,346,2800,-0.8,12.6,0.7,0.9,0.1
32,2005,347,9400,-0.7,13.8,0.7,1,0
32,2005,348,8400,-1.4,12.9,0.7,1.2,0.1
32,2005,349,10100,-2.6,17.2,0.6,1.6,0.1
32,2005,350,9500,2.7,4.3,0.7,1.6,0.1
32,2005,351,1900,2.8,4.5,0.7,1.6,4.9
32,2005,352,3700,7.4,16.22,1.44,4.08,0.7
32,2005,353,1400,10.02,16.01,1.51,3.44,6.43
32,2005,354,1600,6.2,14.34,1.24,2.65,4.21
32,2005,355,1850,6.87,18.22,1.51,3.3,8.83
32,2005,356,2100,8.9,16.85,1.61,2.87,5.8
32,2005,357,6200,8.67,17.9,1.49,2.01,0.58
32,2005,358,8300,8.6,19.79,1.31,2.87,0.52
32,2005,359,1700,8.97,15.91,1.49,3.22,3.55
32,2005,360,4600,7.55,13.81,1.32,2.58,1.06
32,2005,361,1300,6.65,15.49,1.37,3.44,6.72
32,2005,362,7400,7.32,15.8,1.43,3.15,1.22
32,2005,363,3000,4.85,12.45,1.1,1.08,0.72
32,2005,364,4700,8.37,17.17,1.48,4.16,7.51
32,2005,365,6400,7.1,16.22,1.41,4.23,9.42
