*---------------------------------------------------------*
* Weather file for rice yield gap assessment using Oryza(v3)
*      Project: Global Yield Gap Atlas (www.yieldgap.org)
*      Country: USA
*  Station_num: 12
* Station_name: Durham
*         Year: 2005
*       Source: http://www.cimis.water.ca.gov
*       Author: M. Espe
*         Date: 11-16-2015
*    Longitude: -121.82
*     Latitude: 39.61
*    Elevation: 130
*
*  Columns:
*  1. station number
*  2. year
*  3. day
*  4. average insolation incident on a horizontal surface (kJ m-2 d-1)
*  5. minimum temperature (degrees Celsius)
*  6. maximum temperature (degrees Celsius)
*  7. vapour pressure (kPa)
*  8. mean wind speed (m s-1)
*  9. precipitation (mm d-1)
*---------------------------------------------------------*
-121.82,39.61,130,0,0
12,2005,1,5800,5.7,11,0.9,3.9,1.2
12,2005,2,4000,5.6,7.8,0.9,2.4,22.8
12,2005,3,4700,3.2,10.1,0.8,1.8,8.6
12,2005,4,8500,-0.2,8.9,0.7,1.2,0
12,2005,5,3100,4.4,9.1,0.9,1.1,0.5
12,2005,6,7500,1.8,11.6,0.8,1,0
12,2005,7,2500,4.7,10.5,0.8,2.8,25.8
12,2005,8,4300,5.8,11.3,0.9,4.9,2.3
12,2005,9,6800,5.8,13.9,0.9,2.3,0
12,2005,10,5200,4.3,11.4,0.9,1.9,8.9
12,2005,11,5800,1.3,9.7,0.8,2.4,24
12,2005,12,10300,-1,11.6,0.6,1.3,0.1
12,2005,13,7500,-1.9,9.2,0.7,1,0
12,2005,14,8700,-2.1,8.3,0.7,1.1,0.1
12,2005,15,5900,3.3,5.1,0.8,1.2,0
12,2005,16,9500,4.4,17.1,0.9,1.4,0.1
12,2005,17,7100,4.8,6.8,0.9,1.5,0
12,2005,18,6300,5.7,7.3,0.9,1.2,0
12,2005,19,10000,5,6.8,0.9,1.3,0.1
12,2005,20,8000,3.7,8.2,0.8,1.3,0
12,2005,21,9500,5,6.5,0.9,1.2,0.2
12,2005,22,8600,3.4,5.7,0.8,1.4,0.1
12,2005,23,10800,3.1,10.3,0.8,1.2,0
12,2005,24,9400,2.3,6.7,0.8,1.1,0.1
12,2005,25,4900,6.4,13.9,1.1,1.2,4.6
12,2005,26,3000,10.2,13.7,1.2,2.7,8.2
12,2005,27,4600,7.6,13.5,1.1,2.8,0.7
12,2005,28,7700,4.6,14.4,1,4.4,3.7
12,2005,29,13100,1,14.6,0.8,2.3,0
12,2005,30,12900,3.1,17.5,0.7,2.4,0
12,2005,31,10500,0,16.2,0.9,1.3,0
12,2005,32,13100,7.5,20.7,0.7,2.6,0
12,2005,33,11700,5.8,21.6,0.7,2.5,0
12,2005,34,14200,0.2,16.3,0.9,1.4,0
12,2005,35,9200,2.6,17.2,0.9,1.1,0
12,2005,36,11800,2.6,17.7,0.7,1.8,0
12,2005,37,12500,4.6,14.6,0.7,2,0
12,2005,38,10300,3.6,13.9,1,2.3,0.8
12,2005,39,8400,2.4,15,0.8,1.1,0
12,2005,40,11500,2.3,17.7,0.8,1.7,0
12,2005,41,14700,1,19.5,0.7,1.5,0
12,2005,42,11300,3.4,15.9,0.8,1.6,0
12,2005,43,12000,1.9,17.3,1,1.8,0.2
12,2005,44,3600,10.2,13.5,1.2,2.5,3.7
12,2005,45,5200,0,14,1.1,1.1,0
12,2005,46,3400,9.1,12.9,1.1,1.6,1.4
12,2005,47,5900,9.4,14.6,1.2,1.9,7.3
12,2005,48,11600,8.9,19.6,1.1,2.2,0.1
12,2005,49,3700,8.4,14.9,1.2,1.9,3.5
12,2005,50,5000,8.3,14.7,1.2,2.5,7.5
12,2005,51,5200,9.2,14.2,1.1,3.4,4.3
12,2005,52,7800,7.9,19.2,1.1,2.3,8.3
12,2005,53,14500,7.7,20.7,1.1,1.9,0
12,2005,54,16200,5.3,21.7,1,1.4,0
12,2005,55,12600,6.2,14.4,1.1,1.2,0
12,2005,56,9900,6.8,16.7,1.1,1.1,0.3
12,2005,57,11600,6.1,16.5,1.1,1.4,0
12,2005,58,4100,8.7,15.2,1.1,2.6,20.3
12,2005,59,11900,5.6,16.6,1,2.3,0
12,2005,60,10400,2.4,16.9,0.9,2.1,10.1
12,2005,61,14400,5.9,16.7,1.1,1.5,0.3
12,2005,62,12700,2.2,17.2,1,1.5,0
12,2005,63,11400,7.2,19.3,1.1,1.7,0.3
12,2005,64,18800,7.1,23.3,1,2.4,0
12,2005,65,18100,3.4,24.5,1.1,1.7,0
12,2005,66,17800,5.1,21.2,1.2,1.1,0
12,2005,67,20400,6.8,24.8,1.4,1.1,0
12,2005,68,19600,8.5,25.5,1.4,1.1,0
12,2005,69,20800,9.2,27.3,1.1,3.1,0
12,2005,70,21100,10.7,29.5,1.2,1.7,0
12,2005,71,21200,5.9,26.6,1.3,1.2,0
12,2005,72,21200,9.7,24.3,0.9,2.4,0
12,2005,73,21500,5,21.9,0.5,2.6,0
12,2005,74,21000,3.2,21.8,0.8,1.6,0
12,2005,75,12000,4.7,16.8,1,1.6,0
12,2005,76,13700,10.4,20.3,0.9,2.9,0
12,2005,77,7700,8.8,17,1,1.5,1.6
12,2005,78,8000,10,15.7,1.2,4.7,10.3
12,2005,79,7900,8.2,14.7,1.1,4.5,4.9
12,2005,80,8500,9.3,16.1,1.1,3.8,11.7
12,2005,81,10200,8.6,16.4,1.1,5,2.3
12,2005,82,13600,8.7,16.6,1.1,3.3,2
12,2005,83,15000,5.7,15.9,0.9,1.8,0
12,2005,84,21600,1.8,17.4,0.9,1.2,0
12,2005,85,14900,5.2,18.8,1,1.7,0
12,2005,86,5800,10.6,16.3,1.2,3.8,10.4
12,2005,87,19300,7.7,18.9,1,2.1,0
12,2005,88,18000,8.4,18,1,3.3,0.5
12,2005,89,24700,3.5,19.2,0.7,2.6,0
12,2005,90,24300,4.5,21.2,0.9,1.9,0
12,2005,91,16000,5.4,20.9,1.2,1.1,0
12,2005,92,22400,5.2,22.2,1.1,2.8,0
12,2005,93,6000,7,11.7,1,3.4,10.4
12,2005,94,20300,5.2,17.5,0.9,1.3,0.1
12,2005,95,24200,5.6,22.3,1,1.2,0
12,2005,96,24900,5.9,23.6,1.1,2,0
12,2005,97,17300,4.8,16.7,1,3.7,7.2
12,2005,98,12300,5.4,13.5,0.9,4,10.1
12,2005,99,23900,7.1,19.1,0.9,2.5,0
12,2005,100,24200,6.4,23.1,0.9,2.2,0
12,2005,101,23100,9.4,20.8,1.1,2.7,0
12,2005,102,19800,6.4,18.5,0.9,2.8,0
12,2005,103,18400,3.2,16.5,0.8,1.8,0.3
12,2005,104,26500,0.7,18.7,0.7,2.9,0
12,2005,105,25600,2.6,25.5,0.9,1.4,0
12,2005,106,25100,6.5,26,1.2,1.7,0
12,2005,107,26500,10.8,22.6,1.1,2.8,0
12,2005,108,25700,8.5,19.9,0.6,4.5,0
12,2005,109,27200,8.5,21.9,0.7,2.9,0
12,2005,110,26000,2.6,22.5,0.9,1.5,0
12,2005,111,24700,4.6,25.1,1,1.2,0
12,2005,112,23300,5.3,26.2,1.1,1.8,0.8
12,2005,113,12300,9.6,17.8,1.1,2.6,1.1
12,2005,114,13100,9.4,19.6,1.2,1.6,3.9
12,2005,115,23800,6.3,23.6,1.2,1.1,0
12,2005,116,23000,7.8,25,1.3,1,0
12,2005,117,16500,10.9,23.6,1.3,2,3.2
12,2005,118,19200,10.2,21.5,1.3,1.7,0.2
12,2005,119,19300,10.1,25.1,1.2,1.9,0
12,2005,120,19100,8.9,23.9,1.2,1.6,0
12,2005,121,19400,10.9,26,1.3,1.4,0
12,2005,122,25100,9.1,28.2,1.3,1.2,0
12,2005,123,22000,10,27.1,1.3,1.8,0
12,2005,124,7500,14.1,19.5,1.5,2,8.4
12,2005,125,15000,13.6,20.4,1.4,2.4,4.2
12,2005,126,16300,11.8,21.8,1.3,2.3,0
12,2005,127,20500,9.6,23.1,1.2,2.6,0
12,2005,128,6400,11.8,15.3,1.3,3.8,24.3
12,2005,129,17300,6.8,19,1.1,4.3,8.4
12,2005,130,22800,5.3,21.5,1,1.2,0
12,2005,131,29800,5.4,26.5,1.1,1.4,0
12,2005,132,25100,8.3,28.1,1.4,1.1,0
12,2005,133,26000,11.2,29.9,1.6,1.3,0
12,2005,134,25600,14.3,31,1.7,1.5,0
12,2005,135,9300,17.5,21.1,1.7,3.1,0.6
12,2005,136,22700,11.1,25.4,1.2,1.7,0.7
12,2005,137,8700,10.9,16.2,1.1,2.7,4.5
12,2005,138,9800,11.1,17,1.4,4.1,14.6
12,2005,139,22300,11.7,22.2,1.5,2.5,0
12,2005,140,27600,12.6,25.1,1.3,1.6,0
12,2005,141,31500,9.8,30,1.3,1.6,0
12,2005,142,32000,11.1,32.2,1.5,1.3,0
12,2005,143,33000,13,30.3,1.2,1.9,0
12,2005,144,32900,14.4,33.2,1.3,1.7,0
12,2005,145,32100,13.1,34.7,1.7,1,0
12,2005,146,32200,16.2,33.3,2,1.2,0
12,2005,147,31900,16.5,31.9,2,2.2,0
12,2005,148,29000,14.2,24.8,1.2,4.6,0
12,2005,149,23700,10.2,22.8,1.2,1.7,0
12,2005,150,31200,11.4,29.3,1.5,1.3,0
12,2005,151,29900,15.4,32.3,1.7,1.6,0
12,2005,152,33200,17,29,0.9,4,0
12,2005,153,33000,16.7,28.7,0.9,3.9,0
12,2005,154,32600,13.2,31.8,1.1,1.8,0
12,2005,155,32700,12,30.3,1.4,2.2,0
12,2005,156,32800,12.1,25.2,0.8,2.4,0
12,2005,157,26100,9,22.2,0.8,2.8,0
12,2005,158,27300,5.5,21.8,1,1.8,0
12,2005,159,6900,11.6,17.2,1.5,2.6,17.6
12,2005,160,19900,15.1,24.1,1.7,1.1,0
12,2005,161,30000,12.9,29,1.7,1.4,0
12,2005,162,32600,14,30,1.6,1.3,0
12,2005,163,33200,14.5,30.8,1.2,2.4,0
12,2005,164,31100,15,33.7,1.5,1.8,0
12,2005,165,31500,13.8,31.2,1.8,1.2,0
12,2005,166,29900,13.9,29.2,1.5,2.2,0
12,2005,167,5300,11.4,18.5,1.2,3.7,13.8
12,2005,168,13800,12.5,19.7,1.3,3.5,0
12,2005,169,15500,12.9,22.1,1.3,2.7,0
12,2005,170,22400,10.8,25.2,1.4,1.4,0
12,2005,171,29000,11.9,27.8,1.5,1.3,0
12,2005,172,31700,14.9,27.6,1.5,2.1,0
12,2005,173,33300,12.6,29.1,1.5,1.2,0
12,2005,174,32000,11.6,30.7,1.6,1.4,0
12,2005,175,30300,14,28.4,1.7,1.8,0
12,2005,176,28000,14.9,28.3,1.6,2.3,0
12,2005,177,28900,12.6,28,1.6,1.9,0
12,2005,178,29500,13.5,26.8,1.6,2.3,0
12,2005,179,28000,13.1,29.1,1.6,1.4,0
12,2005,180,32700,14.1,34.2,2.1,1.4,0
12,2005,181,31700,16.8,34.6,2.2,1.3,0
12,2005,182,32700,19.3,35.6,2.3,1.3,0
12,2005,183,33000,17.9,33.9,2.1,1.4,0
12,2005,184,33200,17.3,32.4,2,1.3,0
12,2005,185,32600,16.7,34.3,2.1,1.3,0
12,2005,186,32100,17.5,33,2.1,1.6,0
12,2005,187,32200,16.9,33.2,2.1,1.5,0
12,2005,188,32100,18.5,31.6,2,1.9,0
12,2005,189,31800,14.8,29.9,1.7,2.1,0
12,2005,190,27800,16.3,28.6,1.8,2.4,0
12,2005,191,31000,15.2,29.9,1.7,1.7,0
12,2005,192,32100,16.7,33.9,2.1,1.2,0
12,2005,193,31800,17.7,35.9,2.2,1.1,0
12,2005,194,31800,18.6,37.1,2.3,1.2,0
12,2005,195,31700,19.8,37.7,2.4,1.2,0
12,2005,196,30900,20.8,38.6,2.5,1.4,0
12,2005,197,31500,19.6,36.2,2.6,1,0
12,2005,198,31300,20.9,38,2.6,1.1,0
12,2005,199,30800,21.5,36.3,2.6,1.2,0
12,2005,200,31400,19.6,34.5,2.3,1.4,0
12,2005,201,31600,18.4,37.1,2.4,1.1,0
12,2005,202,21100,17.76,31.5,2,2,0
12,2005,203,30900,13.3,32,1.8,1.4,0
12,2005,204,31800,16.2,36.2,1.9,1.4,0
12,2005,205,31200,16.9,36.2,2.1,1.4,0
12,2005,206,31200,16.9,34.9,2.2,1.4,0
12,2005,207,31100,16.4,35.6,2.2,1.5,0
12,2005,208,30100,17.5,35.2,2,1.2,0
12,2005,209,29800,16.6,35.1,1.8,1.4,0
12,2005,210,29300,17.2,34.3,1.9,1.5,0
12,2005,211,27000,18.4,35.2,2.2,1.3,0
12,2005,212,28000,19.6,35.6,2,1.4,0
12,2005,213,31000,16.9,36,1.7,1.5,0
12,2005,214,30400,15.1,32.8,1.6,1.3,0
12,2005,215,30000,13.9,34.4,1.8,1.2,0
12,2005,216,29600,16.6,35.5,1.9,1.3,0
12,2005,217,29300,17.4,36.8,2,1.2,0
12,2005,218,29100,16.3,37,1.9,1.2,0
12,2005,219,29100,17.5,36.9,2,1.2,0
12,2005,220,25200,19.2,34,2.1,1.3,0
12,2005,221,24700,17,33.9,2.2,1.2,0
12,2005,222,29200,16.6,34.5,2,1.3,0
12,2005,223,29600,15.8,34.5,2,1.2,0
12,2005,224,28800,16.4,34.3,2,1.5,0
12,2005,225,27700,17,29.9,1.8,1.8,0
12,2005,226,27800,14.4,30.9,1.9,1.4,0
12,2005,227,21900,16,29.4,1.7,1.8,0
12,2005,228,27400,16.8,32.7,1.8,1.4,0
12,2005,229,27100,17.1,33.4,1.8,1.7,0
12,2005,230,26700,13,29.5,1.6,1.9,0
12,2005,231,27600,12.8,29.4,1.7,1.2,0
12,2005,232,27400,12.7,31.7,1.7,1.1,0
12,2005,233,27100,13.9,32.9,1.7,1.1,0
12,2005,234,26600,13.3,33.3,1.9,1.2,0
12,2005,235,26600,15.4,33.9,1.8,1.3,0
12,2005,236,25500,13.3,31.7,1.6,1.5,0
12,2005,237,25800,13.1,31.2,1.5,1.3,0
12,2005,238,26300,12.4,34.5,1.5,1.3,0
12,2005,239,25400,11.6,35.2,1.7,1.1,0
12,2005,240,25500,15.1,34.7,1.8,1.4,0
12,2005,241,25900,13.5,32.9,1.2,1.7,0
12,2005,242,25700,19.1,34,0.9,3.2,0
12,2005,243,24800,16.1,36.4,1.2,1.7,0
12,2005,244,26100,12.2,33.2,1.5,1.3,0
12,2005,245,25900,12.2,31.8,1.5,1.3,0
12,2005,246,25700,11.3,30.9,1.5,1.7,0
12,2005,247,25700,11.9,28.2,1.5,1.4,0
12,2005,248,25200,12.5,30.4,1.5,1.2,0
12,2005,249,24700,11.1,30.8,1.4,1.2,0
12,2005,250,22000,11,27.3,1.5,1.2,0
12,2005,251,22500,12.6,27.2,1.5,1.7,0
12,2005,252,21800,13.5,26.1,1.5,3.2,0
12,2005,253,21700,10,24.8,1.2,1.4,0
12,2005,254,20000,10.2,24.5,1.2,1.4,0
12,2005,255,22400,6.6,22.8,1.2,1.3,0
12,2005,256,23400,6.8,25.8,1.2,1.3,0
12,2005,257,22600,10.5,26,1.3,1.3,0
12,2005,258,22500,9.2,27.5,1.4,1.2,0
12,2005,259,19500,11.7,24.8,1.4,1.9,0
12,2005,260,20200,10.8,25.5,1.3,1.1,0
12,2005,261,21800,7.7,29.3,1.2,1.1,0
12,2005,262,22000,8.6,30.7,1.4,1,0
12,2005,263,20500,9.2,30.2,1.4,2,0
12,2005,264,20800,14.1,28.4,1.6,1.2,0
12,2005,265,19800,11.6,29.6,1.4,1.2,0
12,2005,266,19400,11.2,26.3,1.1,2.4,0
12,2005,267,20300,12.1,26.3,0.7,2.7,0
12,2005,268,20400,10.5,28.5,0.8,1.9,0
12,2005,269,15400,10.4,28.9,1.3,1.3,0
12,2005,270,18300,13.5,29.4,1.5,1.2,0
12,2005,271,19700,12.7,34.9,1.2,1.7,0
12,2005,272,19700,9.2,30.5,1.3,1,0
12,2005,273,18300,9.5,31.1,1.3,1.2,0
12,2005,274,11800,13.9,26,1.4,2.4,0
12,2005,275,12400,8.3,22.3,1.1,1.4,0
12,2005,276,16700,7.6,22.2,1,1.5,0
12,2005,277,19600,0,23.4,0.7,3,0
12,2005,278,19600,9.8,28.5,0.7,2,0
12,2005,279,19400,6,28,0.9,1,0
12,2005,280,16500,7.4,27.6,1.1,1.4,0
12,2005,281,18300,9.2,22,1.1,1.3,0
12,2005,282,18300,7.8,26.9,0.9,2,0
12,2005,283,18200,9.7,26.2,1,1.7,0
12,2005,284,17600,7.7,28.5,1.1,1,9.2
12,2005,285,17600,10.2,31.8,1.1,1.5,0
12,2005,286,17400,8.2,29.3,1.2,1,0
12,2005,287,15000,8.4,27.8,1.1,2.3,0
12,2005,288,12600,9.1,21.2,1.2,2.4,2.7
12,2005,289,16800,14.1,28.2,1,3.2,0
12,2005,290,16400,12.3,32.6,1.1,1.5,0
12,2005,291,14500,10,23.6,1.2,2.4,0
12,2005,292,10700,9.4,21.1,1.3,1.7,0
12,2005,293,14500,8.7,25.6,1.2,1.2,0
12,2005,294,15800,6.4,25.8,1.2,0.8,0
12,2005,295,15400,7.3,27.9,1.2,0.9,0
12,2005,296,15300,6.8,26.8,1.2,0.8,0
12,2005,297,15100,7.2,26.5,1.2,0.9,0
12,2005,298,12400,9.4,21.3,1.2,2.9,0
12,2005,299,5800,10.7,15.8,1.4,2.6,4.4
12,2005,300,9700,9,18.3,1.1,2.1,0.9
12,2005,301,4500,11.1,13.4,1.2,1.6,6.6
12,2005,302,11700,7.8,19.6,1.2,1,0
12,2005,303,14100,5.3,21.7,1,1.1,0.1
12,2005,304,14300,4.1,23.5,1,0.8,0
12,2005,305,8700,5.8,19.3,1.1,0.9,0
12,2005,306,9000,10,19.3,1.2,2.2,0.9
12,2005,307,5100,8.5,15.4,1,3.6,0
12,2005,308,9300,5,19.4,1.1,2.1,0
12,2005,309,8000,1.8,17.7,0.9,1.4,0
12,2005,310,5500,11.5,19.1,1.3,3.4,0
12,2005,311,4100,7.7,17.8,1.3,3.8,26.8
12,2005,312,7600,7.7,16.4,1,3.4,6.9
12,2005,313,12900,9.5,24,1.1,2.5,0
12,2005,314,12800,7.3,19.6,1.2,1,0
12,2005,315,10100,5,17.1,1.1,1.4,0
12,2005,316,11700,5.3,19.3,0.9,1.7,0
12,2005,317,9500,5,21.9,0.9,0.6,0
12,2005,318,10800,6.4,24.1,1,2.8,0
12,2005,319,11300,5.4,22.8,0.7,3,0
12,2005,320,12300,4.5,24.7,0.8,1.3,0
12,2005,321,10600,1.1,21.7,0.9,0.8,0
12,2005,322,12000,-0.3,23.1,0.8,0.7,0
12,2005,323,12000,-0.1,23,0.7,0.9,0.1
12,2005,324,11400,1.4,23.4,0.8,0.9,0
12,2005,325,11400,0.4,22.9,0.8,0.7,0
12,2005,326,11400,1.6,23.9,0.8,0.9,0
12,2005,327,11200,1.2,22.1,0.8,1,0
12,2005,328,5500,0.9,16.4,0.9,0.9,0
12,2005,329,6000,8.1,15.5,1.1,2.4,6
12,2005,330,10400,0.1,13.9,0.6,2.9,0
12,2005,331,8400,-1.5,14.5,0.6,1,0
12,2005,332,1600,4.2,8.1,0.8,1.3,9.9
12,2005,333,3800,5,9.2,1,1.5,5.5
12,2005,334,4000,3.5,6.9,0.8,1.3,8.1
12,2005,335,1300,7,14.3,1.2,5.2,2.4
12,2005,336,9300,-0.7,13.2,0.6,1.5,0
12,2005,337,10700,-1.6,12.5,0.6,2.3,0
12,2005,338,9100,-0.9,13.8,0.6,1.9,0
12,2005,339,10600,-2.7,14.8,0.6,1,0
12,2005,340,10300,-3.4,11.6,0.6,0.7,0.1
12,2005,341,3300,2.1,9.2,0.8,1,0.1
12,2005,342,8700,6.6,16.5,0.9,2.2,0
12,2005,343,9900,5.1,18.4,0.8,2.1,0
12,2005,344,10300,-0.7,14.6,0.8,1.1,0
12,2005,345,5900,-1.2,13.4,0.7,0.8,0
12,2005,346,4900,-1,14.2,0.7,0.7,0
12,2005,347,9700,0.5,15.9,0.7,1,0
12,2005,348,7900,-1.8,13.6,0.7,0.9,0.1
12,2005,349,10000,-0.4,16.1,0.6,1.1,0
12,2005,350,6900,-1.2,4,0.7,1.3,0.2
12,2005,351,2600,2.4,4.5,0.7,1.3,2.9
12,2005,352,2100,3.8,13.4,1,3.1,33
12,2005,353,1600,7,15.4,1.3,3.2,12.8
12,2005,354,2700,6.2,15,1.2,1.6,16.4
12,2005,355,1900,12.3,15,1.4,3.3,8.4
12,2005,356,1300,14.1,16.2,1.5,4.1,9.6
12,2005,357,5400,9.5,19.5,1.5,1.3,0
12,2005,358,7300,9.3,19.4,1.5,1.5,0.1
12,2005,359,1800,12.2,14.3,1.4,3.8,10.5
12,2005,360,5900,10.7,15.6,1.2,3.9,4.8
12,2005,361,1700,10.8,13.5,1.1,2.9,13.6
12,2005,362,4800,9.7,17,1.2,4.8,23.4
12,2005,363,4200,3.2,11.9,0.9,1.5,2.7
12,2005,364,4950,8.6,11.9,1.1,5.5,31.1
12,2005,365,5700,10.5,16.9,1.1,4.7,26.8
