*---------------------------------------------------------*
* Weather file for rice yield gap assessment using Oryza(v3)
*      Project: Global Yield Gap Atlas (www.yieldgap.org)
*      Country: USA
*  Station_num: 166
* Station_name: Lodi West
*         Year: 2013
*       Source: http://www.cimis.water.ca.gov
*       Author: M. Espe
*         Date: 11-16-2015
*    Longitude: -121.39
*     Latitude: 38.13
*    Elevation: 25
*
*  Columns:
*  1. station number
*  2. year
*  3. day
*  4. average insolation incident on a horizontal surface (kJ m-2 d-1)
*  5. minimum temperature (degrees Celsius)
*  6. maximum temperature (degrees Celsius)
*  7. vapour pressure (kPa)
*  8. mean wind speed (m s-1)
*  9. precipitation (mm d-1)
*---------------------------------------------------------*
-121.39,38.13,25,0,0
166,2013,1,9900,-1.5,11.7,0.6,1.4,0
166,2013,2,10200,-3.3,13.4,0.6,0.9,0
166,2013,3,9400,-3,12.5,0.6,0.9,0
166,2013,4,9800,-2.6,13,0.7,0.7,0
166,2013,5,4200,-1,9.2,0.8,1.3,17.9
166,2013,6,5100,0.5,11.4,0.9,1.3,11.9
166,2013,7,7900,3.3,11.6,0.8,0.9,0
166,2013,8,9800,0.5,13.6,0.8,0.8,0
166,2013,9,3700,2.4,9.7,0.8,1.8,0
166,2013,10,10300,-1.4,10.6,0.6,1.5,0
166,2013,11,9400,-3.1,10.2,0.6,1,0
166,2013,12,10800,-2.1,8.6,0.5,1.4,0
166,2013,13,10300,-4.5,7.3,0.4,1.5,0
166,2013,14,10800,-4.5,9.7,0.4,1.5,0
166,2013,15,10400,-3.1,11.3,0.5,0.8,0
166,2013,16,11200,-3.8,13.7,0.6,0.8,0
166,2013,17,11400,-3.5,15.8,0.6,0.7,0
166,2013,18,11500,-3.1,16.7,0.7,0.7,0
166,2013,19,11700,-2.7,16.2,0.7,0.9,0
166,2013,20,11800,-3.2,16.9,0.6,0.9,0
166,2013,21,11900,-3.2,16.3,0.7,0.8,0
166,2013,22,11000,-1.4,16.2,0.8,0.9,0
166,2013,23,3900,4.7,11.8,1,1.4,2
166,2013,24,4700,8,11,1.1,1.1,4.8
166,2013,25,9400,9.1,17.8,1.3,1,0.2
166,2013,26,10400,6.8,15.8,1,2.2,0.1
166,2013,27,12200,0.7,12.8,0.7,1.9,0
166,2013,28,12200,0.8,14.3,0.7,1.7,0
166,2013,29,11100,1.4,15.8,0.8,1.5,0
166,2013,30,12600,1.8,17.2,0.8,1.1,0
166,2013,31,13100,0.4,18.1,0.9,0.8,0
166,2013,32,13100,0,19.2,0.9,0.8,0
166,2013,33,10300,3.5,16,0.9,0.9,0
166,2013,34,13000,1.1,17,0.9,1.3,0
166,2013,35,13000,0.4,17.6,0.9,0.9,0
166,2013,36,9300,1.3,14.4,0.9,1.6,0
166,2013,37,13800,2.6,15.8,0.8,1.5,0
166,2013,38,9300,3.5,14.1,0.8,1.7,0
166,2013,39,13400,3.9,13.5,0.7,2.7,0
166,2013,40,14500,-1,13.5,0.5,1.7,0
166,2013,41,14500,-1.8,14.5,0.6,1.2,0
166,2013,42,14900,-1.8,15.6,0.6,1,0
166,2013,43,14600,-0.5,16.3,0.7,1,0
166,2013,44,15000,-1.1,18.2,0.7,0.9,0
166,2013,45,15300,-0.2,19.3,0.8,0.9,0
166,2013,46,15700,2.6,21.3,0.9,1,0
166,2013,47,11900,2.3,19.9,0.9,0.9,0
166,2013,48,15800,1.6,18.5,0.8,1.4,0
166,2013,49,14300,0.2,15.2,0.8,1.7,0
166,2013,50,4200,1.8,10.1,0.7,2.3,6.2
166,2013,51,16100,-0.3,15.4,0.7,2.3,0
166,2013,52,16500,1.6,15.8,0.7,2,0
166,2013,53,15900,-0.2,17.6,0.7,1.5,0
166,2013,54,16300,5.5,15.1,0.7,3.6,0
166,2013,55,16800,3.1,17,0.5,2.7,0
166,2013,56,17200,-0.3,17.3,0.7,1.4,0
166,2013,57,17900,1.8,19.7,0.6,2.9,0
166,2013,58,17200,6.3,20.3,0.7,0.9,0
166,2013,59,17200,3.3,21.5,0.9,1.3,0
166,2013,60,17900,3.5,23,1,1,0
166,2013,61,12600,6.4,22.7,1.2,0.9,0
166,2013,62,11000,6.9,20.8,1.1,1.5,0
166,2013,63,17700,3.2,18.3,1,1.3,0
166,2013,64,17500,4.8,17.1,0.9,1.7,0.2
166,2013,65,12600,4.6,14.8,0.8,2.8,1.3
166,2013,66,14900,1.5,15.1,0.8,1.3,0
166,2013,67,18300,3.8,17.5,0.8,2.5,0
166,2013,68,19600,1.7,20.9,0.7,2.5,0
166,2013,69,19300,3.8,20.1,0.8,1.3,0
166,2013,70,19300,2,21.8,0.9,1,0
166,2013,71,19700,9.1,24.4,1.1,1,0
166,2013,72,18800,4.4,25.3,1.2,1.1,0
166,2013,73,16400,7.6,25.3,1.2,1.3,0
166,2013,74,17900,7,24.2,1.1,1.6,0
166,2013,75,19900,6.3,24.8,1,1.9,0
166,2013,76,21200,6.2,21.9,0.8,1.9,0
166,2013,77,15100,3.3,21.3,0.9,1.1,0
166,2013,78,11900,6.3,21.9,1,1.3,4
166,2013,79,9700,10.3,18.2,1.3,1.7,1
166,2013,80,21300,5.5,18.9,0.9,2.5,0
166,2013,81,23100,4.9,18.6,0.5,4.4,0
166,2013,82,22200,2.2,20.6,0.6,1.8,0
166,2013,83,22300,2.3,23.4,0.9,1,0
166,2013,84,18700,4.1,20.7,1,1.5,0
166,2013,85,22100,6.9,22.1,1,1.7,0
166,2013,86,21500,7,21.4,1.1,1.8,0
166,2013,87,15200,11.5,21.9,1.3,1.4,0
166,2013,88,22600,6.9,26.1,1.2,1.3,0
166,2013,89,16100,10.2,22.8,1.3,1.9,8.5
166,2013,90,19900,11.5,21.1,1.4,1.7,26.8
166,2013,91,17900,9.7,20.1,1.3,1.3,2.3
166,2013,92,22500,7.6,22.1,1.3,1.7,0
166,2013,93,21900,7.7,24.7,1.3,1,0
166,2013,94,10500,10.9,19.8,1.4,1.9,10.7
166,2013,95,18300,10.1,19.9,1.3,1.8,0
166,2013,96,17400,10.3,20.2,1.3,1.5,0
166,2013,97,20400,10.5,19.9,1.2,2.7,3.1
166,2013,98,25500,7.2,19.4,0.8,4.5,0
166,2013,99,25600,8.7,23.7,0.7,4.2,0
166,2013,100,25100,6.5,29.9,1.1,2.2,0
166,2013,101,24700,11.6,25.8,1,2.9,0
166,2013,102,25500,9.2,27.3,1.1,1.8,0
166,2013,103,24200,7.7,24.5,1.1,1.9,0
166,2013,104,25800,7.4,23.1,0.9,3.1,0
166,2013,105,18600,6.4,17.8,0.9,2.7,0
166,2013,106,26800,5.7,19.7,0.5,4,0
166,2013,107,27200,6.5,21,0.5,4.1,0
166,2013,108,26800,5.7,24.1,0.7,1.5,0
166,2013,109,26200,6.2,28,1,1.1,0
166,2013,110,27200,10.8,28.5,0.9,2.7,0
166,2013,111,27200,7.1,30.3,1,1.5,0
166,2013,112,27400,10.2,31,0.9,2.5,0
166,2013,113,28400,12.4,28.1,0.7,3.7,0
166,2013,114,27800,5.8,29.1,1,2.3,0
166,2013,115,27700,10.5,22,1.2,3.1,0
166,2013,116,27800,7.1,27,1.2,1.7,0
166,2013,117,28000,8.2,30.3,1.2,1.5,0
166,2013,118,27300,7.9,31.3,1.3,1.4,0
166,2013,119,27400,11.9,31.8,1.2,2.2,0
166,2013,120,27900,12.9,27.6,0.8,4.2,0
166,2013,121,29000,11.9,29.8,0.7,3.6,0
166,2013,122,28800,8.1,31.4,0.8,1.7,0
166,2013,123,29000,9,32.1,1,1.5,0
166,2013,124,29100,9.7,30.4,1,2.6,0
166,2013,125,22800,10.7,23.6,1.2,1.9,0
166,2013,126,17200,11.7,24.6,1.3,1.6,0
166,2013,127,18100,13.7,23.6,1.3,2,0
166,2013,128,26000,11.4,22.7,1.3,2.3,0.4
166,2013,129,28100,12.9,26.4,1.3,2.8,0
166,2013,130,28400,10.7,29.2,1.4,2.1,0
166,2013,131,28500,11.6,33.6,1.5,1.5,0
166,2013,132,28600,10.8,33.2,1.2,1.9,0
166,2013,133,29300,9.7,32.3,1.3,1.8,0
166,2013,134,29200,12,29.9,1.3,1.9,0
166,2013,135,24900,9.3,24.7,1.1,1.9,0
166,2013,136,24300,11.7,24.1,1.2,2.6,0
166,2013,137,29700,8.2,23.9,1,2.1,0
166,2013,138,30100,6.5,27.3,1.1,1.9,0
166,2013,139,30500,11.9,29,1,3.2,0
166,2013,140,30500,10.3,31.9,0.9,2.1,0
166,2013,141,30100,10.5,25.2,1,3.3,0
166,2013,142,30700,5.9,22.4,0.6,3.1,0
166,2013,143,30300,7.8,23,0.9,2.1,0
166,2013,144,30900,6.1,25.3,0.9,1.9,0
166,2013,145,30200,5.7,24.6,1,1.9,0
166,2013,146,29600,9.9,24.1,1.2,2.8,0
166,2013,147,11200,8.6,19.5,1.3,2.1,1.6
166,2013,148,26900,13.5,24.9,1.4,2.2,0
166,2013,149,29700,13.5,25.7,1.3,2.6,0
166,2013,150,31000,11.1,28.1,1.1,1.9,0
166,2013,151,30800,8.7,32.1,1.1,2.5,0
166,2013,152,30200,11.4,34.9,1.4,1.7,0
166,2013,153,31000,12.8,33.1,1.4,1.6,0
166,2013,154,30900,11.5,27.6,1.4,2.8,0
166,2013,155,30900,12.8,24,1.3,3.5,0
166,2013,156,30900,12,27.7,1.4,2.5,0
166,2013,157,30500,11.6,31,1.5,2,0
166,2013,158,30900,12.3,37.5,1.7,1.6,0
166,2013,159,30800,15.1,39.5,1.8,2.2,0
166,2013,160,29800,14.3,24.1,1.5,3.9,0
166,2013,161,17300,12.9,23.1,1.4,2.1,0
166,2013,162,30500,11.5,27.1,1.5,1.6,0
166,2013,163,31600,10.5,28.9,1.2,2,0
166,2013,164,32100,9.6,28.5,1.1,2.1,0
166,2013,165,30800,12.2,30,1.1,2.2,0
166,2013,166,32000,9,29.7,1.2,1.8,0
166,2013,167,31500,9.4,29.6,1.2,2.1,0
166,2013,168,31600,13.3,27.5,1.3,2.8,0
166,2013,169,30500,11.1,23.5,1.2,3.1,0
166,2013,170,31400,10.5,26.3,1.1,2.6,0
166,2013,171,31600,9.6,28.4,1.1,2.1,0
166,2013,172,31800,12,31,1.2,2.1,0
166,2013,173,31100,9.5,33.1,1.2,2,0
166,2013,174,15600,12.5,24.1,1.5,2.3,0
166,2013,175,10100,15.6,20.5,1.7,1.2,2.3
166,2013,176,10600,16.5,26.3,2,1.7,0
166,2013,177,30300,14.6,30.2,1.9,1.8,0
166,2013,178,30900,14.3,34.2,1.8,1.8,0
166,2013,179,30500,16.6,37.3,1.9,1.5,0
166,2013,180,31300,18.1,39,1.9,1.6,0
166,2013,181,31000,19.8,37.4,1.8,1.6,0
166,2013,182,30300,15.5,37.8,1.9,1.4,0
166,2013,183,29500,19.5,38.1,2,1.4,0
166,2013,184,30000,17.3,36.8,1.9,1.5,0
166,2013,185,29700,19.9,37.6,1.9,1.9,0
166,2013,186,30900,14.8,28.6,1.6,1.8,0
166,2013,187,31200,12.1,28.8,1.5,1.6,0
166,2013,188,31400,13,31.7,1.5,1.9,0
166,2013,189,31600,12,32.1,1.4,1.5,0
166,2013,190,31400,11.4,34.7,1.7,1.1,0
166,2013,191,30400,15.5,32.1,1.3,2.1,0
166,2013,192,31100,10.5,29.1,1.4,1.7,0
166,2013,193,30900,11.4,28.9,1.5,1.4,0
166,2013,194,31100,9.6,32.7,1.4,1.4,0
166,2013,195,30900,11.3,31.3,1.4,1.7,0
166,2013,196,30300,11.3,27.4,1.4,2.2,0
166,2013,197,30200,12.2,23.3,1.4,2.4,0
166,2013,198,30600,11.6,30,1.5,1.7,0
166,2013,199,30900,10.6,32.7,1.5,1.5,0
166,2013,200,30200,11.2,34.3,1.6,1.6,0
166,2013,201,29600,12.8,34.3,1.6,1.5,0
166,2013,202,29700,13.1,32.4,1.5,1.8,0
166,2013,203,24900,13,30.4,1.6,1.7,0
166,2013,204,17900,18.4,30.1,1.3,1.6,0
166,2013,205,28700,14.9,34.1,1.4,2,0
166,2013,206,28600,17.2,32.7,1.6,2.1,0
166,2013,207,29000,13.6,32.2,1.5,2,0
166,2013,208,29300,13.1,30.4,1.6,1.7,0
166,2013,209,29100,12.5,28.5,1.5,2,0
166,2013,210,28900,12.1,25.2,1.4,2.1,0
166,2013,211,29200,11.6,28.8,1.5,2,0
166,2013,212,28700,11.4,28.7,1.4,1.9,0
166,2013,213,29600,9.4,27.9,1.3,1.6,0
166,2013,214,29100,11,31.1,1.4,1.5,0
166,2013,215,29100,10.9,30.2,1.5,1.6,0
166,2013,216,28600,11.1,28.9,1.4,1.9,0
166,2013,217,28900,11.2,28.9,1.4,2,0
166,2013,218,27300,10.7,26,1.4,2.6,0
166,2013,219,28100,13.7,23.9,1.5,2.8,0
166,2013,220,27900,11.4,27,1.5,1.9,0
166,2013,221,28000,13.6,26.9,1.5,2,0
166,2013,222,27600,12.9,27.9,1.6,2.1,0
166,2013,223,27700,10.7,29.7,1.6,1.7,0
166,2013,224,27700,11.3,31,1.5,1.4,0
166,2013,225,28000,10.2,33.6,1.4,1.2,0
166,2013,226,28000,11,32.7,1.5,1.5,0
166,2013,227,27600,11.5,33,1.7,1.8,0
166,2013,228,26800,14.4,34.1,1.8,1.6,0
166,2013,229,24600,13.6,31.6,1.6,1.6,0
166,2013,230,25200,14.2,36.3,1.8,1.1,0
166,2013,231,20200,17.3,37.5,1.9,1.6,0
166,2013,232,25700,16.9,32.1,1.6,2.3,0
166,2013,233,26200,13.5,30.4,1.5,2.1,0
166,2013,234,26200,10.9,27.7,1.4,2,0
166,2013,235,26200,12.2,30.4,1.5,1.7,0
166,2013,236,25300,11.9,30,1.5,2.3,0
166,2013,237,24900,15.1,30.7,1.7,2,0
166,2013,238,25700,13,30,1.5,1.8,0
166,2013,239,25600,10.8,33.2,1.4,1.9,0
166,2013,240,25300,13.9,31.5,1.6,1.9,0
166,2013,241,25300,14.6,31.2,1.8,2,0
166,2013,242,25300,13.1,34.7,1.7,1.5,0
166,2013,243,24600,12.8,33,1.5,1.6,0
166,2013,244,21700,14.7,32,1.5,2.1,0
166,2013,245,14100,18.2,27.8,1.8,1.6,3
166,2013,246,24400,13.8,28.6,1.4,1.9,0
166,2013,247,24300,12.6,29.6,1.5,1.9,0
166,2013,248,24300,11.5,29.3,1.4,1.8,0
166,2013,249,24700,12.9,31.9,1.4,1.7,0
166,2013,250,24300,11,34.9,1.3,1,0
166,2013,251,23900,13.3,35.7,1.5,1.4,0
166,2013,252,23800,12.8,36.4,1.4,1.6,0
166,2013,253,23100,14.2,29.8,1.5,2.3,0
166,2013,254,20300,15.3,25.5,1.6,2.3,0
166,2013,255,22300,15.7,29.2,1.7,1.8,0
166,2013,256,22400,13.3,31.4,1.6,1.5,0
166,2013,257,22600,11.3,28.5,1.5,1.5,0
166,2013,258,22600,8.4,28.4,1.4,2,0
166,2013,259,22300,10.8,30,1.5,1.5,0
166,2013,260,21800,11.5,26.4,1.4,1.9,0
166,2013,261,22800,10.6,28.9,1.1,2.3,0
166,2013,262,22300,7.4,31.1,1.2,1.1,0
166,2013,263,21300,9.4,26.1,1.4,2.1,0
166,2013,264,4100,11.9,21.7,1.5,1.5,8.1
166,2013,265,20700,9.4,22.7,1.4,1.5,0
166,2013,266,21000,8.9,27.9,1.4,1.2,0
166,2013,267,20700,12.5,26.1,1.3,2.5,0
166,2013,268,20500,12,22.5,1,2.6,0
166,2013,269,20600,10.3,23.5,0.8,3.4,0
166,2013,270,20600,10,25.9,0.8,2.1,0
166,2013,271,19800,5.3,29.3,0.9,1.2,0
166,2013,272,16300,12.1,26.7,1.5,1.7,0
166,2013,273,15200,11.5,25.6,1.6,1.6,0
166,2013,274,19400,8.5,24.7,1.2,1.4,0
166,2013,275,19500,10.5,26.4,1.1,1.7,0
166,2013,276,19700,9.7,23.3,0.7,4.4,0
166,2013,277,19800,8.8,27.1,0.7,2.9,0
166,2013,278,19700,3.6,29,0.8,0.7,0
166,2013,279,17100,4.3,29.8,0.9,0.8,0
166,2013,280,18400,6.2,28.7,0.9,1.1,0
166,2013,281,15000,5.2,25.1,0.9,1.6,0
166,2013,282,17500,9.7,22.8,0.9,1.7,0
166,2013,283,17700,7,23.7,1,1.3,0
166,2013,284,17700,4.6,23.8,1,1.2,0
166,2013,285,17500,3.8,24.8,1,1.1,0
166,2013,286,17400,7.6,23.6,0.9,2.1,0
166,2013,287,17500,3.8,24.9,0.9,1.1,0
166,2013,288,17600,3.5,26.3,0.8,1.3,0
166,2013,289,17000,4,27.7,0.9,0.8,0
166,2013,290,17000,4,26.7,0.9,1.1,0
166,2013,291,16900,4.4,28.1,0.9,0.8,0
166,2013,292,16600,4.6,27.9,1,0.9,0
166,2013,293,16400,4.2,27.8,1,0.9,0
166,2013,294,15900,4.7,29.8,1.1,0.7,0
166,2013,295,15900,5,27.8,1.1,0.9,0
166,2013,296,15900,3.5,27.1,1,1.1,0
166,2013,297,15900,4.7,19.7,1.1,1.5,0
166,2013,298,15100,6.9,23.7,1.1,1,0
166,2013,299,14950,3.4,25.6,1,0.9,0
166,2013,300,14800,3.6,23.1,1,2.2,0
166,2013,301,11900,8.4,18.8,0.9,1.9,0
166,2013,302,9500,5.8,17.6,1,1.1,0
166,2013,303,14000,1.9,19.2,0.9,1.1,0
166,2013,304,14100,1.9,21.8,0.9,0.8,0
166,2013,305,14300,1.7,25.4,0.9,0.7,0
166,2013,306,12800,2.6,23.8,1,1.3,0
166,2013,307,10700,9.8,17.4,0.6,3.8,0
166,2013,308,13800,3.1,19.7,0.6,3.2,0
166,2013,309,13100,0.6,20.4,0.6,1,0
166,2013,310,12200,1.6,22,0.8,0.7,0
166,2013,311,12700,4.3,23.9,0.8,0.7,0
166,2013,312,12800,2.9,22.9,0.9,0.8,0
166,2013,313,12600,2.9,23.3,0.9,0.7,0
166,2013,314,12600,2.5,21.7,0.9,0.8,0
166,2013,315,10400,1.7,20.4,1,0.7,0
166,2013,316,8400,5.3,21.3,1,0.9,0
166,2013,317,12200,1.7,24.3,1,1,0
166,2013,318,9400,4.5,19.5,1,0.9,0
166,2013,319,11900,3.9,19.2,0.8,1.9,0
166,2013,320,11600,1.8,17.9,0.8,1.1,0
166,2013,321,11400,1.2,17.8,0.9,0.9,0
166,2013,322,8400,0.5,16.6,0.9,0.9,0
166,2013,323,4900,5.4,16.5,1.2,0.9,7.1
166,2013,324,2400,9.3,15.2,1.4,1.8,19.8
166,2013,325,11100,8.7,15.2,0.8,4,0.8
166,2013,326,11100,3.3,21.8,0.6,2.9,0
166,2013,327,10900,1.8,16.2,0.9,0.9,0
166,2013,328,11000,1.1,17.5,0.8,0.7,0
166,2013,329,10800,-0.4,17.3,0.8,0.7,0
166,2013,330,8700,1.2,16.1,0.9,0.6,0
166,2013,331,9000,4.4,17.9,1,0.9,0
166,2013,332,10200,3,20.7,0.9,0.7,0
166,2013,333,10400,2.6,19.7,0.9,0.7,0
166,2013,334,10200,2.3,19.1,0.9,0.8,0
166,2013,335,9800,1.5,19.3,0.9,0.7,0
166,2013,336,8700,2.4,19.3,1,1.5,0
166,2013,337,6700,2.7,13.7,0.7,2.9,0
166,2013,338,10600,-3.6,9,0.4,1.9,0
166,2013,339,10500,-6.5,9.3,0.4,1.1,0
166,2013,340,5500,-3.5,10,0.5,2.1,9.5
166,2013,341,8500,-2.4,9.4,0.6,2.1,1.4
166,2013,342,10300,-3.9,5.7,0.4,1.4,0
166,2013,343,10300,-6.7,8.9,0.4,0.8,0
166,2013,344,9800,-5.4,10.9,0.5,0.8,0
166,2013,345,9800,-4.1,13.2,0.5,0.8,0
166,2013,346,9800,-4.2,13.6,0.6,0.7,0
166,2013,347,9800,-3.3,15.1,0.6,1.1,0
166,2013,348,9300,-1.8,14.7,0.6,0.9,0
166,2013,349,9500,-3.2,16.2,0.6,0.7,0
166,2013,350,9500,1.5,17.6,0.7,0.6,0
166,2013,351,6800,-0.4,15.1,0.8,0.7,0
166,2013,352,6300,2.7,16.8,0.8,1.1,0
166,2013,353,9000,4.4,15.4,0.6,3.9,0
166,2013,354,9400,1.3,14.2,0.4,1.6,0
166,2013,355,9500,0.1,14.8,0.6,1,0
166,2013,356,9200,-1.8,16.4,0.7,0.7,0
166,2013,357,9300,-0.8,17.4,0.7,0.8,0
166,2013,358,9400,-0.5,18.8,0.7,0.7,0
166,2013,359,9800,-0.7,17.1,0.7,0.9,0
166,2013,360,9900,-3,19.1,0.7,0.7,0
166,2013,361,7100,-1.8,13.7,0.7,0.8,0
166,2013,362,10000,-3.6,17.9,0.6,1.3,0
166,2013,363,9800,-1.7,17.3,0.6,0.9,0
166,2013,364,9100,-2.1,16.5,0.7,0.7,0
166,2013,365,9000,-0.3,16.9,0.7,0.8,0
