*---------------------------------------------------------*
* Weather file for rice yield gap assessment using Oryza(v3)
*      Project: Global Yield Gap Atlas (www.yieldgap.org)
*      Country: USA
*  Station_num: 235
* Station_name: Verona
*         Year: 2013
*       Source: http://www.cimis.water.ca.gov
*       Author: M. Espe
*         Date: 11-16-2015
*    Longitude: -121.61
*     Latitude: 38.8
*    Elevation: 24
*
*  Columns:
*  1. station number
*  2. year
*  3. day
*  4. average insolation incident on a horizontal surface (kJ m-2 d-1)
*  5. minimum temperature (degrees Celsius)
*  6. maximum temperature (degrees Celsius)
*  7. vapour pressure (kPa)
*  8. mean wind speed (m s-1)
*  9. precipitation (mm d-1)
*---------------------------------------------------------*
-121.61,38.8,24,0,0
235,2013,1,9900,-2.4,13.2,0.6,1.6,0
235,2013,2,10200,-4,12.9,0.6,1.2,0
235,2013,3,9400,-3.8,12.8,0.6,1,0
235,2013,4,9800,-2.7,13,0.6,0.8,0
235,2013,5,4200,-1,9.8,0.8,1.4,10.3
235,2013,6,5100,0,11.9,0.9,1.4,5.4
235,2013,7,7900,0,9.1,0.8,1.4,0
235,2013,8,9800,2.3,12.5,0.9,1,0
235,2013,9,3700,0.7,10,0.8,1.6,0
235,2013,10,10300,-2.8,10.8,0.6,1.5,0
235,2013,11,9400,-3.5,9.8,0.6,1.4,0
235,2013,12,10800,-2.9,9,0.5,1.6,0
235,2013,13,10300,-5.5,8.1,0.5,2.2,0
235,2013,14,10800,-1.3,11,0.4,3,0
235,2013,15,10400,-4.6,10.6,0.5,1.2,0
235,2013,16,11200,-5,12.9,0.6,0.9,0
235,2013,17,11400,-5.1,14.7,0.6,0.9,0
235,2013,18,11500,-3,16.2,0.7,1.4,0.1
235,2013,19,11700,-4.6,17.6,0.7,1.3,0
235,2013,20,11800,-3.4,19,0.6,1.1,0
235,2013,21,11900,-1.7,16.6,0.6,1.1,0
235,2013,22,11000,-2.4,16.1,0.7,1.3,0
235,2013,23,3900,4.1,11.8,1,1.7,4.3
235,2013,24,4700,7.9,13.8,1.2,2,0.5
235,2013,25,9400,9.3,20.1,1.3,1.1,0.1
235,2013,26,10400,6.4,17.7,1.1,2.4,0
235,2013,27,12200,-1.4,13.8,0.7,1.8,0
235,2013,28,12200,-1.5,15,0.7,1.8,0
235,2013,29,11100,-0.4,16.4,0.7,2,0
235,2013,30,12600,1.7,15.8,0.8,1.4,0
235,2013,31,13100,-1,18.5,0.9,1,0
235,2013,32,13100,-0.2,19.6,0.9,1.3,0
235,2013,33,10300,2.8,19.4,0.9,1.1,0
235,2013,34,13000,0.4,18.6,0.9,1,0
235,2013,35,13000,1,16.7,0.9,1.2,0
235,2013,36,9300,1.9,13.5,0.9,2.1,0
235,2013,37,13800,1,16.3,0.8,1.9,0.1
235,2013,38,9300,3.2,14.5,0.8,2.9,1.6
235,2013,39,13400,0.1,14.3,0.7,3.4,0
235,2013,40,14500,-0.1,16.1,0.6,2.3,0
235,2013,41,14500,-3.7,17,0.6,2,0
235,2013,42,14900,-1.2,19.2,0.6,2,0
235,2013,43,14600,0.8,17.3,0.7,1,0
235,2013,44,15000,-2.3,17.1,0.8,1,0
235,2013,45,15300,-0.6,22.9,0.9,1.7,0
235,2013,46,15700,-0.1,20.7,0.9,1,0
235,2013,47,11900,1.2,20,0.9,1.3,0
235,2013,48,15800,-0.6,19.6,0.8,1.6,0
235,2013,49,14300,0.1,14.6,0.8,3.3,0
235,2013,50,4200,0.1,9.1,0.8,3.1,10
235,2013,51,16100,-2.4,16.4,0.6,2.7,0.1
235,2013,52,16500,-3.2,17.1,0.6,2.4,0
235,2013,53,15900,-2.6,16.8,0.7,2.1,0
235,2013,54,16300,2.5,15.8,0.6,4.4,0
235,2013,55,16800,2.1,18.4,0.5,3.8,0
235,2013,56,17200,1.5,18.6,0.7,2.1,0
235,2013,57,17900,-0.2,19.3,0.6,4.4,0
235,2013,58,17200,-2.6,20.2,0.7,1.2,0
235,2013,59,17200,1.6,22.8,0.9,1.3,0
235,2013,60,17900,1,23.4,1,1.3,0
235,2013,61,12600,4.6,20.5,1.2,1.1,0
235,2013,62,11000,8.5,19.5,1.2,1.8,0
235,2013,63,17700,4.5,19.5,1.1,2.2,0
235,2013,64,17500,5.2,16,0.9,3.7,2.9
235,2013,65,12600,3,14.2,0.9,3.6,2.3
235,2013,66,14900,0.9,16.5,0.8,1.5,0
235,2013,67,18300,1,20.6,0.7,2.3,0
235,2013,68,19600,0.6,21.6,0.7,2.5,0
235,2013,69,19300,-1.6,19.2,0.8,1.5,0
235,2013,70,19300,1.6,21.8,1,1.3,0
235,2013,71,19700,2.5,24.6,1.1,1,0
235,2013,72,18800,3.8,25.3,1.2,1.4,0
235,2013,73,16400,4.6,26.3,1.3,1,0
235,2013,74,17900,5.4,26.1,1.2,1.3,0
235,2013,75,19900,2.2,26.8,1,1.6,0
235,2013,76,21200,4.1,22.3,0.8,1.8,0
235,2013,77,15100,0.5,20.7,0.9,1.3,0
235,2013,78,11900,3.7,19.9,1.2,1.7,4.9
235,2013,79,9700,8.5,17.5,1.3,2.7,7.8
235,2013,80,21300,4.6,20.1,0.8,3.1,0
235,2013,81,23100,6,18.2,0.5,5.7,0
235,2013,82,22200,4.8,21.7,0.7,2.8,0
235,2013,83,22300,2,23.2,0.9,1.3,0
235,2013,84,18700,6.5,20.3,1,2.7,0
235,2013,85,22100,7.8,22.4,1.1,1.7,0
235,2013,86,21500,8,21.6,1.2,2.8,0
235,2013,87,15200,8.4,22.3,1.3,1.8,0
235,2013,88,22600,6.6,26.9,1.2,1.6,0
235,2013,89,16100,7.6,25.8,1.2,1.6,3.1
235,2013,90,19900,10.3,21.8,1.4,2.1,18.4
235,2013,91,17900,8.6,21.3,1.3,1.2,0.1
235,2013,92,22500,6.6,24,1.3,1.3,0
235,2013,93,21900,7,25.6,1.4,1.2,0
235,2013,94,10500,10.7,18.6,1.4,2.8,19.7
235,2013,95,18300,9.2,21.1,1.3,1.9,0
235,2013,96,17400,10.4,20.6,1.3,2.5,0
235,2013,97,20400,9.3,20.5,1.2,3.2,0
235,2013,98,25500,8.6,19.7,0.7,5.6,0
235,2013,99,25600,8.5,23.4,0.8,4.6,0
235,2013,100,25100,7.2,30.5,1.3,1.9,0
235,2013,101,24700,10.4,25.4,1,2.6,0
235,2013,102,25500,4.6,27.4,1.1,1.5,0
235,2013,103,24200,5.9,25.9,1.2,1.4,0
235,2013,104,25800,6.2,23.2,0.9,2.6,0
235,2013,105,18600,6.3,18.3,0.9,2.3,1.9
235,2013,106,26800,4.3,19.9,0.6,4.6,0
235,2013,107,27200,3.9,21.1,0.6,3.9,0
235,2013,108,26800,4.2,26.3,0.7,1.7,0
235,2013,109,26200,4.1,28.7,1,1.3,0
235,2013,110,27200,8.4,29.9,0.8,3.1,0
235,2013,111,27200,4.2,32.1,1,1.5,0
235,2013,112,27400,10.1,32.5,0.8,4.1,0
235,2013,113,28400,10,30.5,0.6,4.5,0
235,2013,114,27800,11.8,32.7,0.7,4,0
235,2013,115,27700,8.9,25.7,1.1,3.2,0
235,2013,116,27800,7.1,29.2,1.2,2.1,0
235,2013,117,28000,7.8,32,1.3,1.7,0
235,2013,118,27300,9,34.2,1.2,1.6,0
235,2013,119,27400,12.6,33.7,1.1,3,0
235,2013,120,27900,15.6,29.2,0.6,6.5,0
235,2013,121,29000,14.1,31.7,0.6,6.3,0
235,2013,122,28800,12.5,34,0.7,2.5,0
235,2013,123,29000,7.8,33.6,1.1,1.8,0
235,2013,124,29100,12.6,32.4,0.9,4.2,0
235,2013,125,22800,12.3,24.6,1.1,2.4,0
235,2013,126,17200,14.1,22.2,1.4,2.8,2.1
235,2013,127,18100,12.8,23.8,1.3,2,0
235,2013,128,26000,12.9,24.8,1.3,2.9,0
235,2013,129,28100,11.1,29.6,1.4,2.6,0
235,2013,130,28400,9.5,31,1.5,2.2,0
235,2013,131,28500,12.3,32.8,1.7,1.7,0
235,2013,132,28600,14.3,33.8,1.4,2.8,0
235,2013,133,29300,13.4,32,1.5,2.3,0
235,2013,134,29200,12.3,31.5,1.5,2.5,0
235,2013,135,24900,11.8,26.1,1.3,3.6,0
235,2013,136,24300,12.5,24.8,1.3,4,0
235,2013,137,29700,10.2,24.3,1.1,2.4,0
235,2013,138,30100,9.6,27.7,1.2,1.7,0
235,2013,139,30500,13,28,1.1,3.9,0
235,2013,140,30500,14.7,32,1.2,2.9,0
235,2013,141,30100,12.5,27.7,1.1,3.3,0
235,2013,142,30700,7.1,22.2,0.7,3.8,0
235,2013,143,30300,7.2,24.7,1,1.8,0
235,2013,144,30900,7.8,25.1,1,2.1,0
235,2013,145,30200,9.9,25.4,1.2,2.7,0
235,2013,146,29600,11,25,1.3,2.7,0
235,2013,147,11200,11.4,19.8,1.3,2.7,0.5
235,2013,148,26900,13.5,26.1,1.5,2,0
235,2013,149,29700,13.8,28.2,1.4,2.2,1.2
235,2013,150,31000,8.9,30.2,1.4,1.4,0
235,2013,151,30800,10.1,31.5,1.3,2.6,0
235,2013,152,30200,11.1,36,1.5,1.7,0
235,2013,153,31000,12.9,36.3,1.6,1.7,0
235,2013,154,30900,12.5,34.6,1.5,2.4,0
235,2013,155,30900,13.3,30.8,1.4,3.6,0
235,2013,156,30900,12.5,31.2,1.5,3.2,0
235,2013,157,30500,12.5,33.6,1.6,2.2,0
235,2013,158,30900,13.1,39.5,2,1.7,0
235,2013,159,30800,17.8,40.7,2.2,2.3,0
235,2013,160,29800,15.5,29.3,1.6,4.5,0
235,2013,161,17300,13.9,22,1.5,2.9,0
235,2013,162,30500,12.4,28.2,1.5,1.9,0
235,2013,163,31600,11.9,29.8,1.4,2,0
235,2013,164,32100,8.1,29.7,1.3,1.6,0
235,2013,165,30800,14.8,30.5,1.3,3,0
235,2013,166,32000,11.3,29.9,1.4,2.5,0
235,2013,167,31500,12.7,31.5,1.5,1.8,0
235,2013,168,31600,13.5,30.6,1.5,3.1,0
235,2013,169,30500,12.3,26,1.3,2.8,0
235,2013,170,31400,9.3,26.5,1.2,1.6,0
235,2013,171,31600,8.9,29.3,1.4,1.6,0
235,2013,172,31800,10,30.9,1.5,1.7,0
235,2013,173,31100,9.8,33.6,1.5,1.9,0
235,2013,174,15600,15,24.5,1.6,3.3,0
235,2013,175,10100,14.6,21,1.7,2.6,3.3
235,2013,176,10600,16.1,24.4,2,2.5,7.4
235,2013,177,30300,16.2,30,2.1,1.8,0
235,2013,178,30900,16,33.4,2.2,1.3,0
235,2013,179,30500,15.8,37.6,2.4,1.1,0
235,2013,180,31300,17.1,40.1,2.6,1.3,0
235,2013,181,31000,16.4,38.9,2.4,1.2,0
235,2013,182,30300,16.2,39,2.5,1.2,0
235,2013,183,29500,20.5,37.8,2.3,2.5,0
235,2013,184,30000,18.1,39.7,2.1,1.7,0
235,2013,185,29700,20.2,41.9,2.3,2,0
235,2013,186,30900,16.1,31,1.5,4.3,0
235,2013,187,31200,13.4,32.2,1.5,2.9,0
235,2013,188,31400,13.7,34.5,1.4,2.1,0
235,2013,189,31600,13.5,35.3,1.3,2.2,0
235,2013,190,31400,15,37.3,1.7,1.4,0
235,2013,191,30400,15.2,36.4,1.5,2.5,0
235,2013,192,31100,11.7,32.2,1.3,3.6,0
235,2013,193,30900,12.1,31.4,1.5,2.9,0
235,2013,194,31100,11.7,34.3,1.5,1.8,0
235,2013,195,30900,11.3,34.9,1.4,1.9,0
235,2013,196,30300,12.7,30.1,1.4,3.4,0
235,2013,197,30200,12,27.1,1.4,3.8,0
235,2013,198,30600,8.6,32.8,1.5,1.6,0
235,2013,199,30900,11.5,34.3,1.6,1.5,0
235,2013,200,30200,12.8,35,1.7,1.7,0
235,2013,201,29600,14.4,35,1.8,2.1,0
235,2013,202,29700,14.7,33.3,1.7,2.4,0
235,2013,203,24900,15.4,31.2,1.6,2.4,0
235,2013,204,17900,16.8,30.5,1.6,2.4,0
235,2013,205,28700,15.8,35.2,1.9,1.5,0
235,2013,206,28600,17.1,33.3,1.9,2.4,0
235,2013,207,29000,15.1,33,1.8,2.6,0
235,2013,208,29300,13.3,30.9,1.7,2.6,0
235,2013,209,29100,13.2,29.7,1.7,2.7,0
235,2013,210,28900,11.7,26.3,1.5,3.2,0
235,2013,211,29200,11.8,30.6,1.6,1.7,0
235,2013,212,28700,12.5,29.5,1.6,2.7,0
235,2013,213,29600,13.1,28.8,1.5,2.5,0
235,2013,214,29100,10.6,33.2,1.6,1.4,0
235,2013,215,29100,11.8,30.7,1.6,1.8,0
235,2013,216,28600,12,30.1,1.5,2.4,0
235,2013,217,28900,11.3,30.9,1.5,2.3,0
235,2013,218,27300,11,28.2,1.5,2.5,0
235,2013,219,28100,12.3,25.9,1.6,2.9,0
235,2013,220,27900,12.7,27.1,1.5,2,0
235,2013,221,28000,11.9,26.6,1.5,2.6,0
235,2013,222,27600,11.9,30.2,1.6,2.2,0
235,2013,223,27700,12.3,32.1,1.6,2.1,0
235,2013,224,27700,13.2,32.4,1.5,2.1,0
235,2013,225,28000,9.5,35.2,1.4,1.8,0
235,2013,226,28000,13,35.2,1.5,2.3,0
235,2013,227,27600,14.9,34.9,1.8,2.6,0
235,2013,228,26800,16.3,35.6,1.8,2.2,0
235,2013,229,24600,13.9,35.9,1.7,1.9,0
235,2013,230,25200,14.3,35.3,1.9,1.4,0
235,2013,231,20200,18.5,37.4,2.2,1.5,0
235,2013,232,25700,18.5,32.7,1.9,2.4,0
235,2013,233,26200,15.8,31.4,1.6,3.2,0
235,2013,234,26200,13.9,30.3,1.5,3.1,0
235,2013,235,26200,11.7,30.7,1.5,2.3,0
235,2013,236,25300,14.1,30.8,1.6,3.1,0
235,2013,237,24900,16.4,29.5,1.8,3,0
235,2013,238,25700,14.2,30.2,1.6,2.1,0
235,2013,239,25600,10.2,32.4,1.5,1.8,0
235,2013,240,25300,14.6,31.4,1.8,2.4,0
235,2013,241,25300,15.7,32.1,1.9,2.5,0
235,2013,242,25300,13.3,34.9,1.9,1.4,0
235,2013,243,24600,13.2,32.7,1.6,2.3,0
235,2013,244,21700,15.6,30.8,1.6,3,0
235,2013,245,14100,18,24.7,1.9,2.9,0.3
235,2013,246,24400,15.3,28.8,1.6,2.5,0
235,2013,247,24300,13.6,29.5,1.6,2.1,0
235,2013,248,24300,14.2,30.5,1.6,2.5,0
235,2013,249,24700,10.5,32.6,1.5,1.7,0
235,2013,250,24300,9.4,36,1.6,0.8,0
235,2013,251,23900,11.1,36.6,1.7,1.2,0
235,2013,252,23800,12.3,38,1.7,1.1,0
235,2013,253,23100,13.8,31.6,1.7,2.5,0
235,2013,254,20300,13.8,26.1,1.7,2.3,0
235,2013,255,22300,13.8,29.1,1.8,1.7,0
235,2013,256,22400,14.2,31.5,1.8,1.9,0
235,2013,257,22600,13.7,29.9,1.7,2.5,0
235,2013,258,22600,12.7,29,1.6,3,0
235,2013,259,22300,12.3,29.3,1.7,1.7,0
235,2013,260,21800,13.1,27.2,1.5,2.4,0
235,2013,261,22800,9.1,28.7,1.2,2.6,0
235,2013,262,22300,6.2,31.1,1.3,1,0
235,2013,263,21300,11.3,28.7,1.4,2.9,0
235,2013,264,4100,12.7,18.7,1.6,2.6,15.7
235,2013,265,20700,10.3,24.3,1.4,1.2,0
235,2013,266,21000,8.3,28.5,1.6,1.2,0
235,2013,267,20700,12.3,26,1.5,2.2,0
235,2013,268,20500,8.2,23.9,1,2.6,0
235,2013,269,20600,9.7,24.7,0.9,4.4,0
235,2013,270,20600,8.7,26.8,0.9,1.9,0
235,2013,271,19800,6.7,28,0.9,2.1,0
235,2013,272,16300,12.6,25.1,1.6,3.3,0
235,2013,273,15200,12.6,25.8,1.7,2.8,0
235,2013,274,19400,9,25.9,1.3,1.7,0
235,2013,275,19500,9,28.4,1,1.5,0
235,2013,276,19700,9.5,23.7,0.7,6.4,0
235,2013,277,19800,8.9,27.2,0.7,5.9,0
235,2013,278,19700,4.4,28.8,0.8,1.1,0
235,2013,279,17100,4.5,29.4,1,1,0
235,2013,280,18400,6.7,30.2,1,1,0
235,2013,281,15000,7.2,25.9,0.9,2.3,0
235,2013,282,17500,7.3,24.5,0.8,3.3,0
235,2013,283,17700,6.6,22.4,1,1.9,0
235,2013,284,17700,3.7,25.4,1,1.1,0
235,2013,285,17500,4.2,24.3,1,1.7,0
235,2013,286,17400,8.4,23.8,1,2.8,0
235,2013,287,17500,6,25.9,0.9,1.5,0
235,2013,288,17600,1.8,26.9,0.8,2.6,0
235,2013,289,17000,3,27.1,0.9,0.9,0
235,2013,290,17000,3.2,28.9,0.9,1.2,0
235,2013,291,16900,2.6,28.8,1,0.9,0
235,2013,292,16600,5.6,28.8,1,1,0
235,2013,293,16400,4,30.9,1,1.2,0
235,2013,294,15900,4.4,29.1,1,0.9,0
235,2013,295,15900,5.8,28.5,1.1,1.2,0
235,2013,296,15900,3.8,30.3,1,1.2,0
235,2013,297,15900,3.7,23.4,1.1,1.7,0
235,2013,298,15100,3,25.1,1.1,1.1,0
235,2013,299,14950,4,26.5,1.1,1,0
235,2013,300,14800,3.2,19.9,1,3.7,0
235,2013,301,11900,3.5,18.2,0.9,2.1,0
235,2013,302,9500,5.4,19.2,1,1.2,0
235,2013,303,14000,1.2,21.1,0.9,1,0
235,2013,304,14100,0.5,24.7,0.9,0.9,0
235,2013,305,14300,2.4,24.4,1,0.9,0
235,2013,306,12800,0.5,23.2,0.9,1.8,0
235,2013,307,10700,7.8,18.5,0.6,5.2,0
235,2013,308,13800,4.7,20.4,0.6,5.1,0
235,2013,309,13100,1,22.1,0.7,1.6,0
235,2013,310,12200,2.8,23.2,0.8,0.8,0
235,2013,311,12700,5.1,22.9,0.9,1.5,0
235,2013,312,12800,2.8,25,0.9,0.8,0
235,2013,313,12600,2.9,24.7,0.9,0.8,0
235,2013,314,12600,1.7,24.1,0.9,0.8,0
235,2013,315,10400,0.9,21.9,0.9,0.9,0
235,2013,316,8400,5.5,21.5,1,1.3,0
235,2013,317,12200,1.3,25,0.9,1.1,0
235,2013,318,9400,3.8,19.5,1,1.1,0
235,2013,319,11900,2,20.7,0.7,2.3,0
235,2013,320,11600,3.1,18.8,0.8,1.8,0
235,2013,321,11400,-0.7,20.5,0.9,0.8,0
235,2013,322,8400,8.7,15.4,1,2.1,0
235,2013,323,4900,9.5,15.5,1.3,2.2,15.9
235,2013,324,2400,11.9,14.1,1.4,2.4,9.4
235,2013,325,11100,8.2,16.3,0.7,6.2,1.7
235,2013,326,11100,4.1,20.4,0.5,5.1,0
235,2013,327,10900,-1.1,17.6,0.8,1.4,0
235,2013,328,11000,0.1,18,0.8,0.8,0
235,2013,329,10800,0,18.6,0.8,1.2,0
235,2013,330,8700,1.4,17.5,0.8,1,0
235,2013,331,9000,1.7,18.1,0.9,1.2,0
235,2013,332,10200,2.6,21.7,0.9,1.2,0
235,2013,333,10400,1.1,21.7,0.9,1.1,0
235,2013,334,10200,1.3,20.8,0.9,1,0
235,2013,335,9800,-0.6,21.5,0.9,0.7,0
235,2013,336,8700,-0.1,18.2,0.9,1.8,0
235,2013,337,6700,1,13.5,0.7,3.8,0
235,2013,338,10600,-4,10.2,0.4,2.9,0
235,2013,339,10500,-5.5,11.4,0.3,1.9,0
235,2013,340,5500,-7.4,6.8,0.5,2.7,7.4
235,2013,341,8500,-4.9,8.5,0.6,1.7,0
235,2013,342,10300,-4.8,7.4,0.4,2.1,0
235,2013,343,10300,-8,9.8,0.4,1.3,0
235,2013,344,9800,-5.7,12.1,0.5,1.2,0
235,2013,345,9800,-5.8,14.9,0.5,0.9,0.1
235,2013,346,9800,-5.8,17.3,0.6,1.1,0
235,2013,347,9800,-3.8,16.9,0.6,1.4,0
235,2013,348,9300,-3.7,17.1,0.6,1.1,0
235,2013,349,9500,-2.7,17.9,0.6,0.9,0.1
235,2013,350,9500,-3.7,20.3,0.7,0.8,0
235,2013,351,6800,-1.7,17.7,0.7,1,0
235,2013,352,6300,-0.4,15.7,0.7,1.1,0
235,2013,353,9000,0.2,16.1,0.5,4.5,0
235,2013,354,9400,2.8,18.5,0.4,3.4,0
235,2013,355,9500,-2.7,17.2,0.6,1.4,0
235,2013,356,9200,-3.6,17,0.6,0.9,0
235,2013,357,9300,-3.1,18.6,0.7,1.1,0
235,2013,358,9400,-1.5,19.6,0.7,1,0
235,2013,359,9800,-4.8,18.8,0.7,0.9,0
235,2013,360,9900,-4.1,18.9,0.6,1,0
235,2013,361,7100,-3.6,14.7,0.6,1.2,0
235,2013,362,10000,-2.5,21.3,0.6,3,0.1
235,2013,363,9800,-4.8,17.2,0.6,1.1,0
235,2013,364,9100,-4,17.9,0.6,1.1,0
235,2013,365,9000,-0.9,18.9,0.6,1.2,0
