*---------------------------------------------------------*
* Weather file for rice yield gap assessment using Oryza(v3)
*      Project: Global Yield Gap Atlas (www.yieldgap.org)
*      Country: USA
*  Station_num: 235
* Station_name: Verona
*         Year: 2012
*       Source: http://www.cimis.water.ca.gov
*       Author: M. Espe
*         Date: 11-16-2015
*    Longitude: -121.61
*     Latitude: 38.8
*    Elevation: 24
*
*  Columns:
*  1. station number
*  2. year
*  3. day
*  4. average insolation incident on a horizontal surface (kJ m-2 d-1)
*  5. minimum temperature (degrees Celsius)
*  6. maximum temperature (degrees Celsius)
*  7. vapour pressure (kPa)
*  8. mean wind speed (m s-1)
*  9. precipitation (mm d-1)
*---------------------------------------------------------*
-121.61,38.8,24,0,0
235,2012,1,9100,5.35,19.04,0.88,1.18,0.39
235,2012,2,5600,4.44,14.64,1.27,0.69,1.61
235,2012,3,9100,4.24,15.49,1.2,0.69,0.47
235,2012,4,9100,4.34,18.48,1.09,0.63,0.39
235,2012,5,9300,3.43,18.1,1.09,1.12,0.39
235,2012,6,8300,2.53,15.49,1.04,1.06,0.39
235,2012,7,9500,2.22,18.29,0.72,3.1,0.39
235,2012,8,9100,2.73,18.1,0.66,0.94,0.39
235,2012,9,10100,3.33,18.01,0.84,0.63,0.39
235,2012,10,9400,3.64,16.51,0.87,0.51,0.39
235,2012,11,10300,2.42,16.89,0.79,0.75,0.39
235,2012,12,10300,3.43,17.82,0.75,0.63,0.39
235,2012,13,10400,3.94,19.51,0.73,0.69,0.39
235,2012,14,10500,3.64,18.57,0.78,0.57,0.39
235,2012,15,9500,0.51,14.55,0.93,1.49,0.39
235,2012,16,10900,-3.43,11.18,0.53,1.62,0.39
235,2012,17,10400,-1.21,11.56,0.65,0.57,0.39
235,2012,18,8400,0.1,13.24,0.85,0.75,0.39
235,2012,19,2800,1.82,11.28,1.09,1.74,3.11
235,2012,20,2700,5.96,12.49,1.39,3.59,3.41
235,2012,21,10000,4.24,12.59,1.25,3.04,7
235,2012,22,2800,2.53,12.49,1.13,2.85,4.45
235,2012,23,7200,5.35,11.37,1.3,2.36,3.55
235,2012,24,7800,2.63,13.71,1.19,0.57,0.44
235,2012,25,10800,3.64,16.89,1.31,1.18,0.45
235,2012,26,7300,6.06,16.14,1.53,1.25,0.41
235,2012,27,11800,3.54,17.54,0.99,2.48,0.39
235,2012,28,12000,0.41,16.42,0.75,1,0.39
235,2012,29,11800,4.14,17.36,0.95,0.69,0.39
235,2012,30,10200,5.05,18.29,1.14,0.81,0.44
235,2012,31,10800,4.24,12.77,1.22,1.06,0.39
235,2012,32,9700,3.74,13.71,1.21,1.18,0.76
235,2012,33,12300,1.11,18.48,0.91,1.86,0.39
235,2012,34,12600,3.23,16.7,0.8,1.06,0.39
235,2012,35,12900,2.93,18.66,0.79,1.18,0.39
235,2012,36,12600,3.43,19.13,0.83,1,0.39
235,2012,37,9300,5.86,17.73,0.91,1.99,0.39
235,2012,38,5400,7.98,13.34,1.31,1.74,1.39
235,2012,39,13200,5.35,16.89,1.28,0.88,0.39
235,2012,40,13400,5.45,20.35,1.27,0.51,0.39
235,2012,41,10000,4.75,19.04,1.44,1.56,0.39
235,2012,42,8900,6.66,14.08,1.39,1.49,0.39
235,2012,43,11600,4.34,15.02,1.19,1.31,0.39
235,2012,44,10000,4.14,11.28,1.18,1.62,0.5
235,2012,45,14100,0.61,14.92,1.01,1.56,0.39
235,2012,46,15000,1.72,14.36,0.75,2.97,0.39
235,2012,47,14900,0.2,18.01,0.73,1.68,0.39
235,2012,48,14500,2.73,18.38,1.15,1,0.39
235,2012,49,9900,4.34,17.08,1.11,2.17,1.31
235,2012,50,15200,0.41,15.11,0.79,1.56,0.39
235,2012,51,10000,4.04,14.55,1.11,1.12,1.87
235,2012,52,13000,3.23,19.79,1.24,1.74,0.73
235,2012,53,15000,5.25,22.4,1.27,2.67,2.27
235,2012,54,15900,7.57,22.22,0.91,3.78,0.39
235,2012,55,16200,4.34,23.15,0.94,1.86,0.39
235,2012,56,16500,4.04,16.61,0.79,3.28,0.39
235,2012,57,15000,-0.81,15.49,0.67,2.11,0.39
235,2012,58,16300,1.72,14.36,0.86,0.75,0.39
235,2012,59,13900,0,14.18,0.92,2.36,0.39
235,2012,60,7000,4.24,11.65,1.18,2.79,3.45
235,2012,61,11100,4.14,13.71,1.15,2.48,1.01
235,2012,62,17400,-1.01,17.26,0.81,2.17,0.39
235,2012,63,17700,1.21,20.16,0.88,0.94,0.39
235,2012,64,17700,6.77,22.97,1.12,0.69,0.39
235,2012,65,17800,5.96,22.22,1.15,1.74,0.39
235,2012,66,17700,4.14,14.46,0.79,4.09,1.8
235,2012,67,19000,0.3,17.54,0.58,2.23,0.39
235,2012,68,18800,4.14,20.53,0.84,0.88,0.39
235,2012,69,19200,5.45,22.87,0.92,1,0.39
235,2012,70,17800,1.31,18.76,1.09,1.93,0.39
235,2012,71,11500,4.34,15.21,1.13,1.8,0.39
235,2012,72,16500,2.53,17.54,1.06,1.99,0.39
235,2012,73,6300,7.27,13.34,1.46,3.96,1.42
235,2012,74,6600,9.09,14.46,1.62,2.6,1.47
235,2012,75,7600,9.59,16.98,1.66,2.17,1.23
235,2012,76,5600,7.88,14.08,1.58,3.28,7.45
235,2012,77,9100,4.44,10.25,1.17,1.43,7.3
235,2012,78,15700,0.91,12.21,0.87,2.36,0.39
235,2012,79,16100,0.91,14.55,0.83,0.44,0.39
235,2012,80,17800,4.04,17.54,1.1,1.12,0.39
235,2012,81,19700,8.38,20.72,1.47,1.43,0.39
235,2012,82,16400,3.13,16.42,1.15,1.99,0.39
235,2012,83,21200,0.81,16.98,0.97,1.49,0.39
235,2012,84,8400,3.43,11.37,1.15,1.31,4.53
235,2012,85,14300,0.41,11.56,1.08,1.25,0.39
235,2012,86,15700,1.62,14.64,1.11,2.05,0.39
235,2012,87,5900,5.96,14.55,1.33,3.78,0.76
235,2012,88,16100,7.37,17.26,1.46,1.99,0.5
235,2012,89,13400,5.96,18.95,1.38,1.12,2.77
235,2012,90,17800,8.08,18.66,1.54,1.68,0.55
235,2012,91,8700,6.87,13.99,1.38,4.15,0.39
235,2012,92,22800,4.75,15.95,1.04,2.67,0.39
235,2012,93,20400,3.64,18.76,1.08,1.74,0.39
235,2012,94,21100,5.45,18.66,1.26,2.05,0.39
235,2012,95,23600,3.43,15.95,0.97,2.36,0.64
235,2012,96,23600,0.51,15.39,0.82,2.36,0.39
235,2012,97,24100,1.01,17.17,0.92,0.81,0.39
235,2012,98,22500,4.54,20.16,1.06,1,0.39
235,2012,99,22800,5.25,21.19,1.06,1.12,0.39
235,2012,100,19800,6.77,20.53,1.22,1.12,1.51
235,2012,101,8700,6.87,14.64,1.44,1.43,3.41
235,2012,102,15100,6.97,14.27,1.34,2.23,0.55
235,2012,103,16100,6.87,15.67,1.22,3.16,0.5
235,2012,104,15100,5.05,12.59,1.26,2.54,5.89
235,2012,105,22600,2.32,18.29,1.18,1.74,0.39
235,2012,106,24200,5.05,20.16,1.35,1.37,0.39
235,2012,107,23900,5.66,20.63,1.26,1.74,0.39
235,2012,108,19200,6.46,20.82,1.49,1.8,0.95
235,2012,109,20600,6.06,22.31,1.45,2.05,0.97
235,2012,110,24300,8.68,24.93,1.88,2.11,0.39
235,2012,111,25000,12.12,27.92,2.03,1.74,0.39
235,2012,112,25200,13.13,28.95,2.16,1.06,0.39
235,2012,113,25100,11.61,27.45,1.94,1.86,0.39
235,2012,114,24600,8.99,22.69,1.54,2.54,0.39
235,2012,115,22000,10.7,22.97,1.7,1.18,0.5
235,2012,116,12700,10.4,20.91,1.8,1.56,2.53
235,2012,117,22600,7.27,17.64,1.41,2.85,3.08
235,2012,118,26300,5.25,21.1,1.15,2.3,0.39
235,2012,119,26500,7.57,24.84,1.42,2.54,0.39
235,2012,120,26800,9.9,26.89,1.67,1.12,0.39
235,2012,121,25700,10.6,26.24,1.67,2.11,0.39
235,2012,122,26500,8.28,23.15,1.33,1.99,0.39
235,2012,123,26200,5.96,20.44,1.17,1.99,0.42
235,2012,124,13400,6.66,20.72,1.39,2.3,0.58
235,2012,125,26200,8.89,21.47,1.26,2.17,0.39
235,2012,126,28300,5.96,24.65,1.06,3.16,0.39
235,2012,127,28200,6.36,27.64,1.11,2.36,0.39
235,2012,128,28500,8.48,29.89,1.26,1.8,0.39
235,2012,129,26900,10.8,31.47,1.39,1.43,0.39
235,2012,130,28200,10.2,28.76,1.52,1.93,0.39
235,2012,131,28200,8.28,28.39,1.36,1.74,0.39
235,2012,132,28700,10.5,30.63,1.31,1.68,0.39
235,2012,133,28300,8.68,30.54,1.4,1.74,0.39
235,2012,134,24100,8.48,25.77,1.3,2.48,0.56
235,2012,135,27300,7.88,24.27,1.34,1.86,0.39
235,2012,136,28000,7.98,26.61,1.51,1.74,0.39
235,2012,137,28400,8.89,26.8,1.54,1.93,0.39
235,2012,138,27200,8.99,25.58,1.37,2.85,0.95
235,2012,139,28400,8.6,29.3,1,2.3,0
235,2012,140,28300,8.4,30.5,1.2,1.5,0
235,2012,141,28300,11.6,32.9,1.4,2,0
235,2012,142,27800,13.4,28.7,1.4,3.7,0
235,2012,143,28400,12.7,28.9,1.5,2.1,0
235,2012,144,29200,10.5,26.3,1.1,2.8,0
235,2012,145,29200,10.8,26.5,1,3,0
235,2012,146,21700,8.3,20.9,0.9,1.8,0.7
235,2012,147,23800,8.8,23.1,1.2,2.5,0
235,2012,148,28900,10.2,24.9,1.2,2.1,0
235,2012,149,29400,11.5,23.5,1.1,3.6,0
235,2012,150,29900,9.3,27.6,1.3,1.8,0
235,2012,151,29600,8.5,32,1.5,1.4,0
235,2012,152,28800,11.5,34.6,1.7,1.2,0
235,2012,153,29200,14,35.4,1.9,1.7,0
235,2012,154,28400,15.6,31.6,1.6,2.8,0
235,2012,155,28500,13,30.6,1.4,2.8,0
235,2012,156,6500,10.4,21,1.3,3.1,1.2
235,2012,157,28400,8.3,22.5,1,2.5,0
235,2012,158,29800,11.8,28.1,1,3.2,0
235,2012,159,28900,12.1,30.4,1.3,2.7,0
235,2012,160,30400,11.1,28.8,1.2,2.1,0
235,2012,161,30200,8.3,27.6,0.8,6,0
235,2012,162,30600,15.7,31.5,1,4.7,0
235,2012,163,30200,11.1,36,1.2,1.3,0
235,2012,164,29300,12,35.3,1.5,1.8,0
235,2012,165,29400,13,35.1,1.7,1.7,0
235,2012,166,29700,14,34.8,1.5,1.8,0
235,2012,167,29300,12.5,35.3,1.6,2.2,0
235,2012,168,29500,16.1,37.7,1.9,2.2,0
235,2012,169,29300,16.2,36.1,1.9,2.6,0
235,2012,170,29100,13.7,28.5,1.4,3.6,0
235,2012,171,29800,9.9,31.3,1.4,1.9,0
235,2012,172,29300,13.5,35,1.5,1.9,0
235,2012,173,29600,12.1,23.3,1.3,4.4,0
235,2012,174,18600,10.1,21.7,1.3,2.8,0
235,2012,175,29600,9.4,23.3,1.1,2.5,0
235,2012,176,30100,9.3,24,1,2.4,0
235,2012,177,29400,9.9,24.4,1.2,3,0
235,2012,178,29400,9.2,25.8,1.3,2,0
235,2012,179,29900,10.2,30.2,1.3,1.4,0
235,2012,180,29800,13.5,30.1,1.4,3,0
235,2012,181,29400,13.7,28.4,1.6,2.7,0
235,2012,182,28200,14.6,30.1,1.8,2.5,0
235,2012,183,29000,15.3,29.9,1.9,2.4,0
235,2012,184,29000,14.3,30.9,1.8,2.6,0
235,2012,185,29500,13.1,32.6,1.8,1.5,0
235,2012,186,29300,13.2,31.2,1.7,2,0
235,2012,187,29400,12.7,28.1,1.4,3.5,0
235,2012,188,29600,11.4,32.2,1.6,1.4,0
235,2012,189,29600,11.6,34.7,1.8,1.6,0
235,2012,190,29500,14.1,33.4,1.7,1.7,0
235,2012,191,30000,13.7,35.6,1.5,2.1,0
235,2012,192,29800,11,37.4,1.5,1.5,0
235,2012,193,29300,13,39.5,1.6,1.6,0
235,2012,194,29200,15.2,38.7,1.7,2.1,0
235,2012,195,29000,13.1,30,1.5,3.8,0
235,2012,196,29100,11.9,30.1,1.5,2.2,0
235,2012,197,28800,11.7,33.4,1.6,2.2,0
235,2012,198,28300,13.5,24.2,1.4,5,0
235,2012,199,22400,13,22.9,1.4,2.4,0
235,2012,200,28100,12.8,28,1.5,1.6,0
235,2012,201,26300,13.8,28.3,1.5,2.4,0
235,2012,202,28700,13.5,32,1.8,2.3,0
235,2012,203,28400,14.1,37.2,1.9,1,0
235,2012,204,27600,14.6,40,2,1.5,0
235,2012,205,27800,16.4,30.3,1.6,3.1,0.1
235,2012,206,28700,13.4,31.3,1.5,2.3,0
235,2012,207,28300,12.8,32.4,1.5,2.2,0
235,2012,208,28700,12.3,29.6,1.5,2.5,0
235,2012,209,28300,12.3,29.2,1.5,2.5,0
235,2012,210,27800,12.9,31.1,1.6,2.1,0
235,2012,211,28400,13.3,32.2,1.6,1.8,0
235,2012,212,28100,12,36.2,1.8,1.2,0
235,2012,213,28400,15,35.6,1.8,1.7,0
235,2012,214,28500,12.7,36.8,1.8,1.4,0
235,2012,215,27900,13,35.7,1.7,1.3,0
235,2012,216,26700,13.1,33.8,1.7,1.8,0
235,2012,217,21200,12.8,26.8,1.6,2.7,0
235,2012,218,26700,12,30.1,1.7,2.2,0
235,2012,219,27100,12.6,33,1.7,1.8,0
235,2012,220,27100,11.2,35.6,1.8,1.5,0
235,2012,221,27000,10.3,34.5,1.8,1.3,0
235,2012,222,26500,12.8,36.2,1.9,1.1,0
235,2012,223,26300,13.4,38,1.7,1.3,0
235,2012,224,26500,12.8,39.8,1.7,1.5,0
235,2012,225,25700,14.4,38,1.5,1.9,0
235,2012,226,25300,16,39.8,1.6,1.6,0
235,2012,227,22300,17.2,34.9,1.7,2.3,0
235,2012,228,25600,18.3,35.7,1.6,2.5,0
235,2012,229,25900,18.5,34.5,1.6,2.2,0
235,2012,230,25100,14.3,33.9,1.5,2.6,0
235,2012,231,23600,17.9,35,1.6,2.5,0
235,2012,232,25600,14.4,33.1,1.6,2.5,0
235,2012,233,25700,12.8,34.2,1.6,1.7,0
235,2012,234,25200,13.6,32.2,1.6,2.5,0
235,2012,235,25100,11.6,33.1,1.6,1.9,0
235,2012,236,24900,13,31.4,1.6,2.2,0
235,2012,237,25300,10.2,32.8,1.5,1.8,0
235,2012,238,24800,12.1,29.8,1.5,2.7,0
235,2012,239,24900,12.1,26.9,1.3,3.8,0
235,2012,240,25200,9.4,31,1.5,1.2,0
235,2012,241,24800,10,32.4,1.5,1.5,0
235,2012,242,24900,9.2,32.7,1.5,1.3,0
235,2012,243,24100,10.9,33.2,1.4,1.8,0
235,2012,244,23700,12.2,23.7,1.4,4.2,0
235,2012,245,24100,8.7,25.3,1.4,1.4,0
235,2012,246,23800,7.4,32.9,1.3,1.2,0
235,2012,247,24400,9.9,33.3,1.4,1.3,0
235,2012,248,23500,9.5,35.7,1.5,1.4,0
235,2012,249,15500,10.6,30.7,1.5,1.4,0
235,2012,250,22100,14.4,31.4,1.3,2,0
235,2012,251,22200,9.9,34.3,1.4,1.5,0
235,2012,252,22000,14.5,32.8,1.3,2.4,0
235,2012,253,22700,13.7,31.8,1.3,2.7,0
235,2012,254,23000,7.6,33.2,1.4,1.3,0
235,2012,255,22500,8,34.2,1.4,1.5,0
235,2012,256,21800,15.5,33.4,1.5,1.4,0
235,2012,257,20900,11.9,36.1,1.6,1.4,0
235,2012,258,21100,14.7,34.2,1.5,2,0
235,2012,259,22000,14.3,33.8,1.3,2,0
235,2012,260,21600,9,33.6,1.2,1.4,0
235,2012,261,21600,11,31.3,1.3,2.3,0
235,2012,262,21200,10.2,31.5,1.3,2.3,0
235,2012,263,21100,9.7,29.7,1.3,2,0
235,2012,264,20500,8.6,30.8,1.3,1.6,0
235,2012,265,20200,9.2,31.6,1.3,1.3,0
235,2012,266,20100,10.2,32.3,1.4,1.2,0
235,2012,267,17300,12.6,31.6,1.3,1.9,0
235,2012,268,20100,9.8,30.8,1.3,1.5,0
235,2012,269,19700,8.6,31.1,1.4,1.3,0
235,2012,270,19800,11.5,31.4,1.5,1.2,0
235,2012,271,19400,10.3,33.3,1.7,1.2,0
235,2012,272,19100,10.8,35,1.6,1.6,0
235,2012,273,19100,11.5,32.1,1.6,0.8,0
235,2012,274,18900,11,34.8,1.6,1.2,0
235,2012,275,19100,10.4,34.8,1.5,1,0
235,2012,276,18800,12,36.3,1.6,0.9,0
235,2012,277,18300,10.7,33.3,1.5,1.5,0
235,2012,278,17900,13.1,25.5,1.5,3.3,0
235,2012,279,17400,12.3,25,1.4,2.6,0
235,2012,280,17500,7.2,24.3,1.3,1.3,0
235,2012,281,17700,6.8,26.1,1.3,1.4,0
235,2012,282,17200,11,24.1,1.3,2.5,0
235,2012,283,17000,7.6,25.1,1.3,1.3,0
235,2012,284,16600,6.5,27,1.3,1.4,0
235,2012,285,10600,6.8,20.3,1.2,3,0
235,2012,286,7100,6.3,17.8,1.2,1.3,0
235,2012,287,16100,5.6,25.2,1.2,1.4,0
235,2012,288,16200,7.2,26.5,1.4,1.1,0
235,2012,289,15600,8.5,29.7,1.5,1.2,0
235,2012,290,15400,12.1,31.6,1.7,1.7,0
235,2012,291,16100,9.3,28.2,1,2.2,0
235,2012,292,15700,8.7,31.2,1.3,1.7,0
235,2012,293,15200,13.2,28,1.6,2,0
235,2012,294,14900,7.5,24.2,1.4,1.8,0
235,2012,295,8500,8.2,18.6,1,2.3,1.1
235,2012,296,9700,10.4,16.1,1.2,3.3,20.7
235,2012,297,13000,7.9,16.8,1.1,2.1,0
235,2012,298,11100,7.8,17.6,1.2,1.9,1.2
235,2012,299,14200,9.5,19.4,1.1,2.9,0
235,2012,300,14100,5.3,24.9,0.9,1.2,0
235,2012,301,13700,6.3,27.5,1.2,0.9,0
235,2012,302,13700,7,26.8,1.3,0.7,0
235,2012,303,13800,7.6,27.1,1.3,0.9,0
235,2012,304,13500,12.6,24.8,1.5,1.6,0
235,2012,305,5900,11.3,18.2,1.4,2.8,2.8
235,2012,306,11400,10,21.6,1.5,1.3,7.4
235,2012,307,13000,7.2,21.7,1.3,1.1,0.7
235,2012,308,12600,7.3,24,1.3,1.2,0
235,2012,309,12600,6.4,25.6,1.3,0.7,0
235,2012,310,12900,6.3,28.3,1.3,0.6,0
235,2012,311,12800,7.2,28.6,1.4,0.8,0.1
235,2012,312,12400,5.9,22.7,1.3,2.1,0
235,2012,313,9000,5.5,16.3,1,3,0.9
235,2012,314,10700,3.7,13.8,0.8,1.8,0
235,2012,315,11900,-0.1,15.2,0.7,1.3,0
235,2012,316,11700,-0.3,16,0.7,1,0
235,2012,317,11900,0.9,17,0.7,1.4,0
235,2012,318,11300,0,17.5,0.8,1.2,0
235,2012,319,11400,2.7,22.1,1,0.8,0
235,2012,320,9600,1.4,18.8,1,0.9,0
235,2012,321,5800,7,14.6,1.2,1.2,1.6
235,2012,322,5900,11.5,17.9,1.4,3.9,4.9
235,2012,323,9500,6.9,16.3,1.1,2,3
235,2012,324,8700,10.4,18.7,1.2,1.9,1
235,2012,325,7700,11.5,19.4,1.3,3.9,0.4
235,2012,326,7800,7,18.2,1.4,2.5,0.4
235,2012,327,10800,3.5,18.2,1,1.4,0.3
235,2012,328,10600,2.2,19,1,1.2,0.2
235,2012,329,10600,2.1,20.3,1,0.7,0.2
235,2012,330,10400,1.2,20.2,1,0.7,0.2
235,2012,331,10300,0.4,19,1,0.8,0.2
235,2012,332,7700,2.5,14.9,1,0.7,0.2
235,2012,333,4500,6.7,15.6,1.3,2.6,0.2
235,2012,334,3500,11.6,16.6,1.4,4.5,0.3
235,2012,335,6400,13.9,17.2,1.5,5.1,0.3
235,2012,336,4300,13.2,16.5,1.5,4.2,0.4
235,2012,337,6100,6.6,17.8,1.3,4,0.4
235,2012,338,8900,3.9,16.4,1.1,1.2,0.4
235,2012,339,3900,10.7,15.1,1.4,1.1,0.4
235,2012,340,2900,11.1,13.5,1.4,2,0.6
235,2012,341,5500,8.4,15.6,1.3,1.6,0.5
235,2012,342,9300,2.4,16.1,0.9,0.8,0.6
235,2012,343,8700,2.5,13.6,0.9,0.9,0.6
235,2012,344,9100,1.9,14.8,0.9,1,0.7
235,2012,345,9500,3.5,17.2,1.1,1,0
235,2012,346,7400,1.2,13.4,1,2.2,0
235,2012,347,8400,5.5,15,0.9,2.1,0.8
235,2012,348,9300,0.3,2.6,0.6,1,0
235,2012,349,6600,-1.2,10.7,0.7,1,0
235,2012,350,3000,-0.5,6.7,0.8,0.9,4.3
235,2012,351,4400,4.4,10.8,0.9,2.2,0.3
235,2012,352,5500,3.8,15.6,1.1,3.7,2.8
235,2012,353,9000,1,11.6,0.6,2.8,0
235,2012,354,9200,1.2,9.6,0.6,1.5,0
235,2012,355,8700,-2.3,13.7,0.6,2.9,0
235,2012,356,2300,5.6,10.3,0.8,4.1,13.7
235,2012,357,6700,7.7,13.2,1,4.2,23.1
235,2012,358,1800,8.1,10.8,1.1,5.2,23.7
235,2012,359,7700,2.3,11.8,0.9,1.9,0.1
235,2012,360,2400,2.2,8.4,0.9,2.1,23.2
235,2012,361,7000,1.1,11.5,0.9,2.4,0
235,2012,362,8600,1,11.7,0.8,1.5,0
235,2012,363,3800,0.8,6.3,0.8,1.7,0
235,2012,364,6600,1.3,12.8,0.8,2,0
235,2012,365,9400,-1.1,12.3,0.7,2.9,0
235,2012,366,9500,-1.3,11,0.6,1.9,0
