*---------------------------------------------------------*
* Weather file for rice yield gap assessment using Oryza(v3)
*      Project: Global Yield Gap Atlas (www.yieldgap.org)
*      Country: USA
*  Station_num: 12
* Station_name: Durham
*         Year: 2011
*       Source: http://www.cimis.water.ca.gov
*       Author: M. Espe
*         Date: 11-16-2015
*    Longitude: -121.82
*     Latitude: 39.61
*    Elevation: 130
*
*  Columns:
*  1. station number
*  2. year
*  3. day
*  4. average insolation incident on a horizontal surface (kJ m-2 d-1)
*  5. minimum temperature (degrees Celsius)
*  6. maximum temperature (degrees Celsius)
*  7. vapour pressure (kPa)
*  8. mean wind speed (m s-1)
*  9. precipitation (mm d-1)
*---------------------------------------------------------*
-121.82,39.61,130,0,0
12,2011,1,2700,0.8,5.2,0.8,1.8,8.8
12,2011,2,4900,1,11.6,0.9,1.9,5
12,2011,3,8800,-3,11.5,0.7,0.9,0.1
12,2011,4,9300,-2.2,12.7,0.6,0.9,0.1
12,2011,5,9100,-2,13.1,0.6,1.1,0.1
12,2011,6,7400,-3.3,3.7,0.7,1,0.1
12,2011,7,6400,1.6,3,0.7,0.9,0.2
12,2011,8,5000,1.5,2.6,0.7,1,0.2
12,2011,9,8000,-3.6,6.8,0.6,1,0
12,2011,10,8800,-4.9,6.7,0.6,1.2,0
12,2011,11,3900,1.1,7.4,0.7,1.4,2.8
12,2011,12,7300,4.2,11.9,0.9,1.6,0
12,2011,13,3200,3.9,10,1,1.3,9.2
12,2011,14,8500,5.5,16.3,1.1,1.8,0
12,2011,15,8200,4.9,13.2,1.1,1.2,0
12,2011,16,6000,7.9,10.5,1.1,1,0.2
12,2011,17,7500,7.7,9.7,1.1,1,0.1
12,2011,18,9500,4.2,13.5,1,1.1,0.2
12,2011,19,10300,0,18.3,0.8,3.2,0
12,2011,20,10700,2.2,14.8,0.8,1.7,0
12,2011,21,10300,0.2,15.5,0.9,1,0
12,2011,22,10900,3.3,22.3,0.8,2.6,0
12,2011,23,9100,3.2,16,0.9,1.4,0
12,2011,24,9800,0.8,15.2,0.9,1,0
12,2011,25,11200,-0.6,21.6,0.8,1.3,0
12,2011,26,8700,2.3,13.9,0.9,1.1,0
12,2011,27,10000,2,10.1,0.9,0.8,0.5
12,2011,28,8600,4.4,8.1,0.9,1.1,0.3
12,2011,29,6300,4.9,8.6,1,1.3,7.7
12,2011,30,7100,2.2,12,1,1.6,2.8
12,2011,31,11800,1.6,17.8,0.9,1.4,0.1
12,2011,32,12300,0.4,16.4,0.6,1.9,0
12,2011,33,12600,-2.3,16.5,0.4,1.8,0
12,2011,34,11600,-1.7,14.9,0.7,1,0
12,2011,35,9000,1.8,22.3,0.9,1.1,0
12,2011,36,10800,2.6,23.6,0.9,2.7,0
12,2011,37,12300,7.6,23.2,0.9,1.9,0
12,2011,38,12800,4.7,19.8,0.9,1.7,0
12,2011,39,13500,0,15.5,0.4,3.6,0
12,2011,40,13800,3.5,16.9,0.4,2.6,0
12,2011,41,13600,-2.1,18.9,0.6,1.2,0
12,2011,42,13400,-1.7,17.5,0.7,1,0
12,2011,43,14000,-0.7,18.7,0.8,1.1,0
12,2011,44,14300,0.8,19.2,0.7,1.2,0
12,2011,45,4300,7.5,13,1,4,5.4
12,2011,46,4500,9.6,13.5,1.1,4.8,14.5
12,2011,47,9400,4.9,11.9,0.8,4.2,3.2
12,2011,48,2800,4.6,7.3,0.8,4,16.5
12,2011,49,7200,2.3,9.4,0.8,1.8,9.2
12,2011,50,8800,0,10.6,0.8,2.1,2.8
12,2011,51,13700,-2.1,11.1,0.7,1.1,0.1
12,2011,52,11300,1.7,12.9,0.8,1.5,0
12,2011,53,15300,-1.1,15.7,0.6,1,0
12,2011,54,13900,2.4,13.4,0.7,1.1,0
12,2011,55,4000,3.8,8.7,0.9,3.4,2
12,2011,56,8700,0.8,8.6,0.8,2.2,22.2
12,2011,57,15700,-1,9.8,0.6,2,0
12,2011,58,16500,-1.6,12.2,0.6,1.9,0
12,2011,59,14900,4.2,13.7,0.7,2.5,0
12,2011,60,16200,1.2,15.6,0.7,1.9,0.4
12,2011,61,6200,8.3,13.6,1.2,3.2,8.5
12,2011,62,14400,6.2,17,1.1,2.1,0
12,2011,63,13700,4.1,16.7,0.9,1.3,0
12,2011,64,10800,8.5,16.8,1,1.2,2.5
12,2011,65,6200,10.6,12.7,1.3,1.2,15.9
12,2011,66,15600,4.3,15.2,0.8,1.7,0.1
12,2011,67,14200,8,17,1.1,1.4,0
12,2011,68,14000,0,18.1,1.3,1.7,0
12,2011,69,8400,0,15.6,1.3,3.4,1.8
12,2011,70,16900,3.9,16.6,1,1.1,0
12,2011,71,15400,6.2,17.4,0.9,1.6,0
12,2011,72,5700,6,14.5,1.2,2.3,4.2
12,2011,73,9300,11.1,16.4,1.4,1.5,0
12,2011,74,4400,11.2,13.6,1.4,2.9,10.4
12,2011,75,14700,2.4,16.2,0.9,2.7,0.3
12,2011,76,16900,-0.1,14.3,0.9,2,1.4
12,2011,77,3600,5.8,10,0.9,3.7,13.3
12,2011,78,5900,5.2,8.3,0.9,3.5,18.8
12,2011,79,7200,4.6,10.1,1,4.1,3.4
12,2011,80,13500,5.3,13.9,0.9,2,0.4
12,2011,81,14600,6.2,14.4,0.8,2.5,0.6
12,2011,82,8300,7.9,12.2,1,3.8,8
12,2011,83,4800,6.8,8.5,0.9,5.3,14.2
12,2011,84,8100,6.9,12,1,4,2.1
12,2011,85,7700,6.1,14.1,1,3.7,18
12,2011,86,10700,7.1,12.9,1,3.3,0.1
12,2011,87,20200,4.6,17.6,0.9,1.7,0
12,2011,88,19900,3.3,20.3,1,1.1,0
12,2011,89,20600,9.1,25.8,1.2,2.5,0
12,2011,90,22000,6.6,26.1,1.2,1.2,0
12,2011,91,20400,7,25.4,1.4,1,0
12,2011,92,18300,10.8,20.8,0.8,4.4,0
12,2011,93,23000,7.7,20.1,0.5,4,0
12,2011,94,21500,6.6,23.7,0.9,1.6,0
12,2011,95,15200,9.6,22.7,1,1.7,0
12,2011,96,22100,6.1,21.2,0.7,1.9,0
12,2011,97,16900,2.4,14.6,0.6,1.9,0
12,2011,98,18800,-0.2,15.9,0.6,1.2,0
12,2011,99,22500,-0.1,19.5,0.6,1.3,0
12,2011,100,23500,4.7,18.7,0.8,2.1,0
12,2011,101,22800,7.5,20,1,1.8,0
12,2011,102,22600,4.4,19.9,0.9,1.8,0
12,2011,103,14700,5.8,13.8,0.9,2.4,1.2
12,2011,104,21500,3.7,17.5,0.8,1.1,0
12,2011,105,12100,9.1,19,1,0.9,0
12,2011,106,23400,8,26.2,1.3,1.2,0
12,2011,107,19400,13,23.9,1.6,1.5,0.5
12,2011,108,12200,13.2,18.1,1.5,1.8,1.6
12,2011,109,20600,12,21.6,1.4,1,0
12,2011,110,16200,12.4,20.4,1.1,3.4,0
12,2011,111,22100,8.4,20.5,1,1.8,0
12,2011,112,16200,7,20.4,1,1.5,0
12,2011,113,14900,10.3,18.8,1,1.6,0
12,2011,114,16600,12.7,21.6,1.2,2.1,0
12,2011,115,15900,6.8,21.9,1,3.3,0.1
12,2011,116,26200,0.6,21.1,0.7,1.3,0
12,2011,117,25200,3.8,23.6,0.9,1.3,0
12,2011,118,23800,8.8,22.2,0.8,3.2,0
12,2011,119,27000,6,19.1,0.5,4,0
12,2011,120,27800,6,22.9,0.6,2.8,0
12,2011,121,27100,3.7,26.8,0.8,1.5,0
12,2011,122,26200,0,27,0.7,1.7,0
12,2011,123,27100,6.3,26.4,0.8,2.1,0
12,2011,124,27600,11.5,30.3,0.9,2.1,0
12,2011,125,26700,8,31.4,1.3,1,0
12,2011,126,25200,9.9,27.9,1.3,1.7,0
12,2011,127,20600,9.8,21.8,1.2,2.2,0
12,2011,128,16700,9.4,18.7,1,2.7,11.4
12,2011,129,25400,6.3,21.9,0.9,2.3,2.1
12,2011,130,27600,6.4,26.6,1.1,1.3,0
12,2011,131,24300,11.8,23.1,1.2,2.4,0
12,2011,132,27100,9.9,25.6,1.3,1.5,0
12,2011,133,27300,8.5,26,1,1.9,0
12,2011,134,16100,9.5,16.3,0.9,3.3,0.5
12,2011,135,13200,6.4,14.9,1,3.1,10.5
12,2011,136,15200,4.9,15.9,1,1.4,6.8
12,2011,137,7200,8.6,16.4,1.2,3,8.2
12,2011,138,24400,9.5,21.2,1.2,1.2,0.3
12,2011,139,28200,6.3,26.8,1.2,1.3,0.1
12,2011,140,27800,8.8,25.8,1.4,1.4,0
12,2011,141,27700,12.8,25.4,1.4,1.4,0
12,2011,142,24700,11,23.3,1.5,1.6,4.7
12,2011,143,24100,10.6,21.2,1.3,1.8,0.7
12,2011,144,27300,8.3,22.2,1.1,1.7,0
12,2011,145,9600,8.5,15.4,1.1,2.4,30.1
12,2011,146,27900,0,19.5,1.1,1.4,0.2
12,2011,147,20300,12.3,20.6,1.2,2.5,0
12,2011,148,10700,8.1,14.1,1.1,2,3.2
12,2011,149,26100,5.9,21.9,0.9,2.3,0.1
12,2011,150,25600,7.2,19.7,1.1,3.1,0
12,2011,151,12100,10.9,14.9,1.2,2.2,2.6
12,2011,152,15700,8.4,15.6,1.1,1.9,8.3
12,2011,153,23900,8.3,19.7,1.1,1.6,0
12,2011,154,13200,6.1,16.7,1.2,1.3,0
12,2011,155,7200,12.5,17.9,1.5,1.4,7.2
12,2011,156,18600,13.3,22,1.6,1.1,1.5
12,2011,157,6300,11,16.5,1.5,2.1,0.2
12,2011,158,28900,9.7,26.2,1.5,1.4,0.1
12,2011,159,29000,0,26.4,1.8,1.3,0
12,2011,160,29100,13.2,31.6,1.7,0.9,0
12,2011,161,28700,14.5,29.5,1.8,1.2,0
12,2011,162,26100,14.1,24.3,1.6,1.8,0
12,2011,163,28700,11.2,27.9,1.7,1.2,0
12,2011,164,28400,16.5,30,1.9,1.2,0
12,2011,165,29200,15.7,35.5,1.8,1,0
12,2011,166,30000,13.7,34.5,1.4,1.7,0
12,2011,167,26800,18.1,30.4,0.9,3.5,0
12,2011,168,29400,13,30.7,1.6,1.4,0
12,2011,169,26900,13.4,29.3,1.8,1,0
12,2011,170,30000,15.2,31.1,1.3,2.7,0
12,2011,171,29600,16.3,34.3,1.7,1.6,0
12,2011,172,29400,16,35,2.3,1.1,0
12,2011,173,29200,18.4,35.1,2.3,1.4,0
12,2011,174,29300,16.6,30.3,1.9,1.5,0
12,2011,175,29700,12.9,28.8,1.6,1.1,0
12,2011,176,28300,14,28.8,1.9,1.2,0
12,2011,177,29200,14.9,30.4,1.3,1.1,0
12,2011,178,28900,16.2,30.8,1.7,2.1,0
12,2011,179,7400,14.7,19.4,1.7,2.5,34.5
12,2011,180,26000,13.1,22.5,1.5,1.8,0
12,2011,181,29100,11.9,28.2,1.7,1.1,0.1
12,2011,182,29800,14.9,30.9,2,1.1,0
12,2011,183,29500,15.7,33.3,2.3,0.9,0.4
12,2011,184,29600,17.6,37.3,2.2,1.6,0.1
12,2011,185,29800,15.8,34.6,2.2,0.9,0
12,2011,186,29400,17.3,35.7,2.4,0.9,0.1
12,2011,187,28600,18.3,33.8,2.3,1,0
12,2011,188,29200,15.1,32.3,2.1,1.2,0
12,2011,189,29200,17.3,33.3,2.3,1,0
12,2011,190,29800,18,31.1,2.2,1.2,0
12,2011,191,29300,14.1,29.1,1.9,1.4,0
12,2011,192,29100,0,27.4,1.8,2.3,0
12,2011,193,28500,12.9,27.4,1.7,1.9,0
12,2011,194,26600,15.1,25.1,1.7,2.1,0
12,2011,195,28700,10.7,25.5,1.6,1.4,0
12,2011,196,28300,11.7,27.1,1.6,1.8,0
12,2011,197,28300,12.9,25.3,1.7,1.9,0
12,2011,198,28200,14.8,26,1.6,2.3,0
12,2011,199,27400,11.9,27.8,1.6,1.6,0
12,2011,200,28500,0,30.2,1.8,1.3,0
12,2011,201,28800,12.8,32.2,1.9,1,0
12,2011,202,28300,15.5,32.5,2.1,1.1,0
12,2011,203,27800,16.9,32.5,2.3,1.1,0
12,2011,204,28000,16.9,31.7,2.2,1.4,0
12,2011,205,28400,14.7,30.5,1.9,1.5,0
12,2011,206,28700,13,29.3,1.8,1.4,0
12,2011,207,28300,14.4,30.9,1.8,1,0
12,2011,208,28200,13.7,32.9,1.9,1.1,0
12,2011,209,28000,15,33.2,2.1,1.1,0
12,2011,210,27000,17,32.3,2.2,1.2,0
12,2011,211,27100,16.7,29.9,2.1,1.3,0
12,2011,212,27000,16.4,29.9,2.1,1.5,0
12,2011,213,27600,14.9,31.5,2,1.2,0
12,2011,214,28100,15.1,31.9,2,1,0
12,2011,215,27600,13.4,32.1,1.9,1.3,0
12,2011,216,27100,13.5,27,1.9,1.6,0
12,2011,217,27300,13.2,30.8,2,1.1,0
12,2011,218,27000,14.2,30.4,2,1.2,0
12,2011,219,27100,12.66,30.96,1.55,1.65,0.77
12,2011,220,27000,12.97,31.98,1.49,1.54,0.77
12,2011,221,26900,13.44,32.92,1.46,1.48,0.77
12,2011,222,26800,0,31.7,1.5,1.4,0
12,2011,223,26500,14.9,31,1.9,1.2,0
12,2011,224,26200,13.8,31.3,2,1.1,0
12,2011,225,26200,15.9,32.3,2,1.2,0
12,2011,226,26200,14.3,30.4,1.8,1.4,0
12,2011,227,26100,13.3,29.8,1.7,1.2,0
12,2011,228,26200,12.2,31.2,1.8,1.1,0
12,2011,229,25800,13.2,32.3,1.8,1.1,0
12,2011,230,25400,13.2,32.1,2,1.2,0
12,2011,231,25400,14.5,29.9,1.9,1.3,0
12,2011,232,25300,12.6,29.1,1.9,1.2,0
12,2011,233,25300,12.2,28.7,1.8,1.1,0
12,2011,234,25400,12.1,30.7,1.9,1,0
12,2011,235,24800,13,31.8,1.9,1,0
12,2011,236,24000,0,32.6,1.9,1.3,0
12,2011,237,24600,14.6,32.4,1.9,1,0
12,2011,238,24300,14.9,32.8,2.1,1,0
12,2011,239,24600,15.7,32.8,2.1,1,0
12,2011,240,24900,13.5,33.6,2,0.9,0
12,2011,241,24400,14.1,32,1.9,1.1,0
12,2011,242,24200,12.6,30.3,1.8,1.1,0
12,2011,243,23700,12.6,30.1,1.8,1,0
12,2011,244,24000,13.5,33.9,1.4,1.3,0
12,2011,245,24100,15.1,35.5,1.3,1.6,0
12,2011,246,23600,12.2,30.6,1.8,1,0
12,2011,247,22900,14.1,32.8,2,0.9,0
12,2011,248,23000,12.7,30.9,1.9,1,0
12,2011,249,23000,11.9,33.3,1.8,0.9,0
12,2011,250,21400,13.3,32.6,1.9,0.9,0
12,2011,251,22200,13,32.3,1.9,1,0
12,2011,252,19300,15,39.7,1.9,1,0
12,2011,253,21200,16.5,35.2,1.8,1.6,0
12,2011,254,20400,16.4,27.7,1.7,1.6,0
12,2011,255,19700,14.6,28.8,2,1,0
12,2011,256,20700,17.3,31.5,2.1,1.1,0
12,2011,257,20500,16,30.6,1.9,1.2,0
12,2011,258,20800,13.6,27.4,1.6,1.5,0
12,2011,259,20300,9.7,26.6,1.6,1.1,0
12,2011,260,20600,11.1,29.2,1.6,1,0
12,2011,261,20900,10.5,30.1,1.7,0.9,0
12,2011,262,20700,12.2,33.3,1.8,0.9,0
12,2011,263,20700,12.6,33.2,1.9,0.9,0
12,2011,264,20600,12.2,32.6,1.8,0.9,0
12,2011,265,20300,12.3,33.7,1.8,0.9,0
12,2011,266,19700,12.4,35.4,1.8,0.9,0
12,2011,267,18200,14.5,29.6,1.7,2,0
12,2011,268,10800,13.7,20.7,1.6,1.9,0
12,2011,269,18800,11.3,27.8,1.5,1.1,0
12,2011,270,18800,11.6,32,1.6,1.1,0
12,2011,271,18800,12.2,31.7,1.8,0.9,0
12,2011,272,18400,13.1,34.1,1.9,0.9,0
12,2011,273,18300,0,27.7,1.6,2.1,0
12,2011,274,16100,13.4,22.4,1.5,1.8,0
12,2011,275,17400,10.8,23.6,1.4,1.7,0
12,2011,276,12700,10.5,19.4,1.4,1.5,2.8
12,2011,277,6000,12,17.2,1.5,1.7,11.5
12,2011,278,10400,7.9,16.9,1.2,1.9,8.9
12,2011,279,14500,7.4,17.9,1.1,1.3,3.1
12,2011,280,17200,5.4,23.1,1.1,0.9,0.1
12,2011,281,17200,6.3,23.6,1.3,0.9,0.2
12,2011,282,16400,7.8,24.6,1.4,0.8,0.1
12,2011,283,6000,14.5,17.1,1.8,2.1,18
12,2011,284,15600,13.6,24.6,1.8,1.5,0.1
12,2011,285,16300,10.6,25.9,1.5,1.1,0.2
12,2011,286,15800,9.5,28.1,1.5,0.7,0.1
12,2011,287,15700,10.9,29,1.7,0.8,0.1
12,2011,288,13900,14.5,28.8,1.9,0.9,0.1
12,2011,289,14800,14,26.8,1.8,1.1,0
12,2011,290,15600,13.5,29.1,1.6,1.5,0.1
12,2011,291,15500,0,29.6,1.7,0.9,0
12,2011,292,14900,11.3,24.9,1.6,0.9,0.1
12,2011,293,15000,9.5,25.7,1.6,0.9,0.2
12,2011,294,14900,9.5,26.8,1.5,1,0.1
12,2011,295,15100,8,27.9,1.4,0.8,0.1
12,2011,296,14000,8.3,27.5,1.4,0.7,0.1
12,2011,297,12500,8.6,25.8,1.5,0.8,0.1
12,2011,298,14500,7.8,22.7,0.8,2.2,0.1
12,2011,299,14800,5.6,21.8,0.5,2.2,0
12,2011,300,13900,1.2,23.3,0.8,0.8,0
12,2011,301,14200,1.9,24.8,0.8,0.7,0.1
12,2011,302,13800,3.1,27.2,0.9,1.4,0.1
12,2011,303,13500,5.8,26.8,1.1,0.8,0
12,2011,304,13100,7,26.9,1.2,1,0
12,2011,305,13800,10.2,21.4,0.5,3.3,0
12,2011,306,13500,7.1,21.9,0.6,1.8,0
12,2011,307,4500,5.3,14.5,0.9,1.5,0.3
12,2011,308,11400,0.1,14.7,0.8,1.2,0
12,2011,309,7500,-1.2,11.7,0.8,1.6,8.3
12,2011,310,5300,3.5,11.1,1,1.1,2.8
12,2011,311,12400,1.9,16.8,0.8,1.5,0.2
12,2011,312,12200,-1.2,16.1,0.8,0.8,0.1
12,2011,313,10300,-0.8,16.7,0.8,0.9,0.1
12,2011,314,12100,-0.9,20.3,0.7,1,0.1
12,2011,315,7200,0.5,17.3,0.9,1.3,0.1
12,2011,316,9500,6.5,18.2,1.2,1.1,0
12,2011,317,9100,6.1,17.4,1.2,1,0
12,2011,318,11000,4.7,19.6,1.1,1.1,1.7
12,2011,319,10900,0,20.1,1,1,0
12,2011,320,11000,1.3,18.8,1,0.8,0
12,2011,321,8500,5.1,17.8,1.2,1.8,0.1
12,2011,322,5000,3.2,14.5,0.9,2.7,0
12,2011,323,8200,-0.4,11.4,0.8,1.4,5.1
12,2011,324,4600,4.4,12.8,1,1.2,10.6
12,2011,325,6700,4.9,14.4,1,1.6,0
12,2011,326,7600,8.7,15.4,1.1,1.8,0
12,2011,327,4500,9.5,13.2,1,1.5,0.2
12,2011,328,4200,9.2,11,1.2,0.4,11.7
12,2011,329,7700,6.7,15.3,1.2,0.6,0
12,2011,330,8100,4.9,9.6,1.1,1.2,0.2
12,2011,331,8900,4.6,13.9,1,0.9,0.2
12,2011,332,8700,2.9,17.7,1,0.7,0.1
12,2011,333,8500,1.5,8.1,0.9,0.8,0.2
12,2011,334,9800,4,17.4,0.7,3,0.2
12,2011,335,10000,9.3,17.7,0.4,4.3,0
12,2011,336,9800,2.9,21.8,0.4,2.6,0
12,2011,337,9800,3.5,16,0.4,2.6,0
12,2011,338,9600,-1.3,15.3,0.5,1.3,0
12,2011,339,9100,-0.7,16.2,0.4,2.3,0
12,2011,340,9200,-2.9,15.1,0.5,1.1,0
12,2011,341,8400,-1.9,14,0.6,1.1,0
12,2011,342,9300,-2.1,12.8,0.7,1,0
12,2011,343,9400,-4.2,13.3,0.6,0.8,0
12,2011,344,8200,-3.6,14.9,0.6,0.8,0.1
12,2011,345,8700,-3,10.7,0.7,0.8,0
12,2011,346,8100,-0.2,14.7,0.7,1.4,0
12,2011,347,9000,-3.6,13.3,0.6,0.9,0
12,2011,348,8700,-3.5,11.1,0.7,1.1,0.1
12,2011,349,8400,6,12.4,0.9,2.7,5.5
12,2011,350,8900,4.2,18.5,0.6,2.9,0
12,2011,351,9000,-0.4,12.4,0.8,1.2,0
12,2011,352,8400,-1.7,14.3,0.7,1,0.1
12,2011,353,8600,0,18,0.5,3.2,0
12,2011,354,8900,0.4,20.8,0.6,1.5,0
12,2011,355,9100,-2.3,18,0.5,2,0
12,2011,356,9500,1.9,14.5,0.3,2.8,0
12,2011,357,7800,-3.6,10.3,0.5,1,0
12,2011,358,9000,-4.6,12.3,0.5,0.9,0
12,2011,359,8600,-4,14.4,0.6,0.8,0
12,2011,360,8800,-4.6,12.9,0.6,0.9,0
12,2011,361,8300,-2.1,16.6,0.6,1.2,0
12,2011,362,4700,3.8,13.6,0.8,1,0
12,2011,363,5000,0.9,11.9,0.8,1,0
12,2011,364,4200,5,14.9,1.2,1.8,0
12,2011,365,9000,2.5,16.2,0.7,2.1,0
