*---------------------------------------------------------*
* Weather file for rice yield gap assessment using Oryza(v3)
*      Project: Global Yield Gap Atlas (www.yieldgap.org)
*      Country: USA
*  Station_num: 12
* Station_name: Durham
*         Year: 1999
*       Source: http://www.cimis.water.ca.gov
*       Author: M. Espe
*         Date: 11-16-2015
*    Longitude: -121.82
*     Latitude: 39.61
*    Elevation: 130
*
*  Columns:
*  1. station number
*  2. year
*  3. day
*  4. average insolation incident on a horizontal surface (kJ m-2 d-1)
*  5. minimum temperature (degrees Celsius)
*  6. maximum temperature (degrees Celsius)
*  7. vapour pressure (kPa)
*  8. mean wind speed (m s-1)
*  9. precipitation (mm d-1)
*---------------------------------------------------------*
-121.82,39.61,130,0,0
12,1999,1,9600,-1.1,11.8,0.8,2.1,0
12,1999,2,9400,-4,21.2,0.7,1.5,0
12,1999,3,10200,-0.5,11,0.7,2.2,0
12,1999,4,8400,-1.8,6.8,0.7,0.9,0
12,1999,5,8400,-0.7,2.7,0.7,1.3,0
12,1999,6,7200,-0.3,3.2,0.7,1.4,1
12,1999,7,7700,0.3,2.9,0.7,1.2,0
12,1999,8,10500,-1.4,19.6,0.6,2.6,0
12,1999,9,8800,-3.6,2.6,0.7,1.2,0
12,1999,10,8600,-0.4,2.8,0.7,1.3,0
12,1999,11,6900,-1.6,4.2,0.7,1.2,0
12,1999,12,10000,-1.8,14.9,0.8,1.6,0
12,1999,13,11200,0.1,16.2,0.9,1.7,0
12,1999,14,4100,2.7,11.2,1,1.4,2
12,1999,15,4400,8.4,11.9,1.3,2,5
12,1999,16,8400,9.9,14,1.4,4.7,1
12,1999,17,3200,9.1,14.3,1.4,5.2,6
12,1999,18,6300,11.9,15.3,1.5,5.7,0
12,1999,19,4900,10.9,14.3,1.5,4.3,5
12,1999,20,3800,7.8,14.3,1.3,4.4,0
12,1999,21,7200,6.2,14.9,1,2.9,0
12,1999,22,4400,8.4,12.2,1.2,5.3,1
12,1999,23,9400,4.8,13.1,1.1,3.8,1
12,1999,24,11400,0.6,14.8,0.6,3.3,0
12,1999,25,12100,4.8,11.6,0.6,4.9,0
12,1999,26,6700,5.1,10.1,0.9,3.2,3
12,1999,27,12500,1.2,14.3,0.6,2.3,0
12,1999,28,10500,-0.4,10.7,0.8,1.7,0
12,1999,29,10700,-2.5,12.6,0.8,1.1,0
12,1999,30,5500,-1.3,10.9,0.8,1.3,0
12,1999,31,6000,3.6,11.3,1,1.6,12
12,1999,32,12900,0.3,13.9,0.8,1.8,0
12,1999,33,11600,-1.6,13.9,0.8,1.1,0
12,1999,34,11500,-1,15,0.9,1.5,0
12,1999,35,12500,3.4,15.4,0.7,2.7,0
12,1999,36,9000,-1.4,13.9,0.8,3,0
12,1999,37,2400,7.1,10,1,7.2,27
12,1999,38,9100,9.2,16.4,1.2,6.7,3
12,1999,39,5200,9.6,13.1,1.4,4.9,7
12,1999,40,10900,-0.8,13.1,0.9,4.3,25
12,1999,41,13900,-0.2,11.4,0.92,1.3,0
12,1999,42,13100,-1.1,11,0.6,1.6,0
12,1999,43,9200,0,12.5,0.7,1.3,0
12,1999,44,5000,1.7,12,0.8,1.6,1
12,1999,45,11700,3.9,14.1,1,1.4,0
12,1999,46,11800,1.1,13.4,0.9,2.1,2
12,1999,47,2100,6.8,10.8,1.2,3.3,30
12,1999,48,10900,9.8,13.7,1.4,2.5,0
12,1999,49,7100,6.4,14.2,1.2,4.2,4
12,1999,50,14800,2.2,15.3,0.9,3,0
12,1999,51,3300,1,9.3,1,2.7,21
12,1999,52,12200,5.4,12.7,1,4.3,0
12,1999,53,9900,7.7,12.9,1.1,3,0
12,1999,54,13400,9,17.2,1.2,2.8,0
12,1999,55,7900,9,15,1.2,4.5,10
12,1999,56,14300,4,15,1,3.4,1
12,1999,57,12600,1,13.7,0.9,1.2,1
12,1999,58,10000,7.7,14.8,1.1,1.6,0
12,1999,59,9200,10.7,15.1,1.4,4.4,10
12,1999,60,18200,5.1,18.6,1.1,1.4,0
12,1999,61,14000,2.6,18.4,1.1,3.7,1
12,1999,62,16500,5.2,16.8,1,2.2,0
12,1999,63,17500,2.9,14.5,0.6,2.3,0
12,1999,64,17400,-0.8,15.8,0.7,1.1,0
12,1999,65,11400,2.1,15.8,0.8,1.4,0
12,1999,66,19400,0.7,16.6,0.8,2.2,0
12,1999,67,4900,6.9,9.5,0.9,6.3,4
12,1999,68,15200,4,12.7,0.8,3.7,1
12,1999,69,13800,1.2,12.3,0.8,1.4,0
12,1999,70,19700,0,17.9,0.97,1.8,0
12,1999,71,17600,0.5,19.3,0.9,1.3,0
12,1999,72,15600,5.8,17.8,1.1,2.5,0
12,1999,73,4700,6.5,13.6,1.1,3,0
12,1999,74,19700,3.4,18.6,1,2.9,0
12,1999,75,18300,4,17.8,1.1,2,0
12,1999,76,17100,9.7,18.7,1.2,1.7,0
12,1999,77,12800,6.1,16.7,1.2,1.9,0
12,1999,78,11900,8,19.3,1.2,2.7,0
12,1999,79,14500,5.1,16,1,1.5,2
12,1999,80,14600,4.7,17.1,1.1,2.3,6
12,1999,81,13500,0.8,15.4,1,2.2,2
12,1999,82,15400,8.4,16.3,1.2,2.3,0
12,1999,83,5400,8.9,12.6,1.3,2.8,21
12,1999,84,13100,9,20.1,1.4,1.7,1
12,1999,85,22200,0,21.5,1.3,2.7,0
12,1999,86,23900,3.6,18.3,0.6,3.2,0
12,1999,87,24000,1.6,17.6,0.9,1.8,0
12,1999,88,12100,4.5,17.3,0.9,2.6,0
12,1999,89,17600,-0.4,14.4,0.8,3.9,0
12,1999,90,19400,0.3,15.2,0.7,2.1,3
12,1999,91,22900,0.2,18.1,0.7,2.5,0
12,1999,92,23600,2.4,19.6,0.7,2.3,0
12,1999,93,20100,7.8,14.5,0.5,5.2,0
12,1999,94,23300,3.9,18.2,0.5,3.9,0
12,1999,95,14100,4.8,10.8,0.9,5.2,12
12,1999,96,20800,2.7,16,0.9,1.6,0
12,1999,97,21600,1.2,15.3,1,4.9,0
12,1999,98,18500,0.6,14.9,0.9,4,10
12,1999,99,22800,-1.6,14.5,0.7,1.3,0
12,1999,100,7500,5.4,10.8,0.9,3.3,8
12,1999,101,20600,7.3,22.1,1.1,3.2,1
12,1999,102,26000,4.3,27.1,1.1,2.1,0
12,1999,103,26500,6.9,26.7,1.4,1.5,0
12,1999,104,26900,10.4,27.8,0.8,2.7,0
12,1999,105,25300,7.4,28.8,1,2.1,0
12,1999,106,23000,8.1,30.1,1.3,1.4,0
12,1999,107,27000,12.7,30.1,1.4,1.7,0
12,1999,108,24200,9.3,28.9,1.3,2.2,0
12,1999,109,22900,12.4,26.9,1.4,1.9,0
12,1999,110,23700,0,26.4,1.38,1.3,0
12,1999,111,21900,6.9,24.2,1,2,0
12,1999,112,26800,11.8,24.3,0.7,4.8,0
12,1999,113,28400,10.2,27.3,0.8,3.4,0
12,1999,114,28800,11.5,29.9,1.1,2.3,0
12,1999,115,21200,9.8,22.3,1.3,3,0
12,1999,116,24000,10,22.8,1.3,4,0
12,1999,117,25000,5.5,19.2,0.8,2.7,0
12,1999,118,26400,7.5,19.9,0.5,5,0
12,1999,119,28900,10.5,24.4,0.8,3.8,0
12,1999,120,26800,12.2,28.6,1,2.3,0
12,1999,121,28800,10.4,25.5,1.2,4.3,0
12,1999,122,11100,8.7,14.7,1.2,4,0
12,1999,123,20900,6.5,21.3,1,4.1,0
12,1999,124,28300,3.8,20.2,0.9,1.5,0
12,1999,125,30100,5.6,28.4,1.1,2.3,0
12,1999,126,26700,0,28.6,1.55,3.6,0
12,1999,127,30000,9,24.8,0.7,2.8,0
12,1999,128,28400,10.2,22.7,0.6,4.5,0
12,1999,129,28700,6.9,22.3,0.5,3.9,0
12,1999,130,21800,4.4,24.1,0.9,1.2,0
12,1999,131,24500,9.8,28.5,1.4,2.3,0
12,1999,132,27800,0,28,1.62,2.9,0
12,1999,133,30000,9,21.8,0.6,3.9,0
12,1999,134,27400,0,21.8,1.03,3,0
12,1999,135,30300,7.2,24,0.8,2,0
12,1999,136,29600,4.8,27.1,0.9,1.4,0
12,1999,137,27400,8.5,27.9,1.2,2.5,0
12,1999,138,29700,12.9,26.6,1.4,2.9,0
12,1999,139,29200,8,26.6,1.3,2.8,0
12,1999,140,25800,10.6,23.4,1.4,1.3,0
12,1999,141,30600,9.7,32.3,1.1,2.8,0
12,1999,142,31400,18.5,34.8,1.1,2.9,0
12,1999,143,31700,12.2,29.5,1.6,2.9,0
12,1999,144,30700,11.8,28.2,1.6,2.1,0
12,1999,145,30100,14.1,30.2,1.9,1.7,0
12,1999,146,30800,16,33.2,2.1,1.8,0
12,1999,147,31100,15.1,31.2,1.9,1.8,0
12,1999,148,31600,14.2,27.8,1.7,3.1,0
12,1999,149,25600,12.3,24.8,1.5,2.2,0
12,1999,150,31100,12.7,27.1,1.7,2.1,0
12,1999,151,31400,13.1,28,1.5,2.8,0
12,1999,152,20100,11.5,22.6,1.4,4.2,0
12,1999,153,15200,7.6,18.5,1.3,3.6,0
12,1999,154,15400,11.6,16,1.3,1.4,2
12,1999,155,28900,7.38,23.2,1.46,2.1,0
12,1999,156,28000,11.8,26.8,1.7,2,0
12,1999,157,33400,12.3,26.1,1.1,1.8,0
12,1999,158,31500,8.9,24.3,1.1,1.6,0
12,1999,159,33600,7.8,26.2,1,1.3,0
12,1999,160,27900,7.7,26.6,1.2,1.3,0
12,1999,161,30900,9.3,31.1,1.3,1.3,0
12,1999,162,31000,10.3,29.6,1.6,2.1,0
12,1999,163,29100,12.7,28.8,1.7,2.1,0
12,1999,164,31900,12.8,30.4,1.8,1.6,0
12,1999,165,32500,15.7,31.1,1.9,2,0
12,1999,166,27600,14.5,27.3,1.8,2.4,0
12,1999,167,31100,12.5,30,1.8,1.5,0
12,1999,168,30900,13.1,31.8,1.8,1.6,0
12,1999,169,26500,16,29.1,2,1.8,0
12,1999,170,32100,14.4,31,1.8,1.4,0
12,1999,171,27300,13.7,32.7,1.9,1.3,0
12,1999,172,31300,17.7,29.9,2.2,1.5,0
12,1999,173,32500,19,37.1,1.7,2.2,0
12,1999,174,32600,18.03,33.1,1.62,3.5,0
12,1999,175,31100,15.4,29.7,1.8,3.1,0
12,1999,176,33200,13.9,29.9,1.5,1.4,0
12,1999,177,32500,12.2,31.9,1.6,1.3,0
12,1999,178,32500,14.5,35.5,1.5,1.8,0
12,1999,179,32400,14.5,37.5,1.9,1.3,0
12,1999,180,32400,16.2,37.4,2.2,1.1,0
12,1999,181,31800,18.6,40.5,2.2,1.5,0
12,1999,182,32700,17,38.5,2.1,1.2,0
12,1999,183,32100,16.2,30.5,1.9,2.7,0
12,1999,184,30500,13.6,27.3,1.3,3.7,0
12,1999,185,32700,10.3,30.4,1.3,1.5,0
12,1999,186,32800,9.5,31.7,1.4,1.6,0
12,1999,187,32700,12.4,31.9,1.6,2.3,0
12,1999,188,32900,16.5,34.2,0.9,2.3,0
12,1999,189,32400,12.1,34.2,1.5,1.6,0
12,1999,190,32800,14.9,34.2,1.7,1.6,0
12,1999,191,32800,15.4,34.6,2,1.6,0
12,1999,192,31300,17.9,36.2,2.3,1.9,0
12,1999,193,28900,19.5,39,2.6,1.6,0
12,1999,194,24100,21.7,34.9,2.4,1.7,0
12,1999,195,30300,17.5,30.9,1.9,2.5,0
12,1999,196,31400,15.5,28.6,1.9,2.3,0
12,1999,197,32100,12.8,27.9,1.8,2.5,0
12,1999,198,31500,11.5,27.9,1.7,2.1,0
12,1999,199,31000,11.4,30.6,1.5,1.4,0
12,1999,200,31100,11.7,27.3,1.5,2.2,0
12,1999,201,29500,11.5,25.2,1.5,2.5,0
12,1999,202,31600,10.8,27.6,1.7,1.4,0
12,1999,203,29600,11.25,31.4,1.56,1.6,0
12,1999,204,29000,14,28.4,1.7,2.6,0
12,1999,205,30500,11.3,27.4,1.6,1.6,0
12,1999,206,31000,12.2,29.5,1.8,1.6,0
12,1999,207,30800,13.8,31.1,1.8,1.7,0
12,1999,208,26200,12.1,29.8,1.9,1.6,0
12,1999,209,30200,12.8,28.8,1.6,2.3,0
12,1999,210,30900,9.5,30.3,1.5,1.7,0
12,1999,211,30100,12.7,30,1.7,1.7,0
12,1999,212,29800,13.5,29.9,1.7,2.2,0
12,1999,213,30200,11.9,29,1.7,2.1,0
12,1999,214,29700,14.8,31.4,2,1.8,0
12,1999,215,30000,15.5,32,2,1.5,0
12,1999,216,29800,18.9,32,2.2,3.1,0
12,1999,217,19500,13.5,26,1.9,3.1,0
12,1999,218,12800,14.9,24.3,1.7,3.2,0
12,1999,219,23400,13.9,26.2,1.8,1.9,0
12,1999,220,25500,14,27.4,1.7,1.6,0
12,1999,221,23300,14.5,28.2,1.8,1.7,0
12,1999,222,13100,15.8,23.7,1.9,1.8,0
12,1999,223,24200,14,26.1,2,1.7,0
12,1999,224,27800,14.1,28.4,1.9,2.2,0
12,1999,225,28800,13.1,27,1.7,2.2,0
12,1999,226,29400,12.9,27.8,1.7,1.8,0
12,1999,227,29200,12,30.2,1.7,1.2,0
12,1999,228,29000,12.5,32.2,1.6,1.4,0
12,1999,229,27800,13.2,33.6,1.6,1.3,0
12,1999,230,28400,13.9,29.5,1.7,2.1,0
12,1999,231,28800,12.94,31,1.28,1.6,0
12,1999,232,28300,12.4,32.4,1.7,1.4,0
12,1999,233,26800,13.1,35.9,2.1,1.4,0
12,1999,234,26700,16,36.7,2.2,1.4,0
12,1999,235,21700,21.1,33.5,2.3,2.1,0
12,1999,236,26600,17.1,35.7,2.2,1.1,0
12,1999,237,25200,16,37.3,2,1.2,0
12,1999,238,17700,17.7,31.4,1.9,2,0
12,1999,239,19400,20.2,35.8,2.2,1.4,0
12,1999,240,23400,18.2,33.8,2.3,1.4,0
12,1999,241,25200,18.1,32.2,2.1,2.4,0
12,1999,242,22200,16.3,27.2,1.3,2.8,0
12,1999,243,24700,11.6,28.4,1,2.5,0
12,1999,244,23900,7.2,26.1,1.3,1.5,0
12,1999,245,24800,9.2,26.7,1.4,1.5,0
12,1999,246,25700,9.63,31.1,0.97,1.2,0
12,1999,247,26400,10.3,31.5,1.5,1.2,0
12,1999,248,26000,11.6,32.7,1.5,1.3,0
12,1999,249,25100,11.8,33.8,1.5,1.2,0
12,1999,250,24800,11.9,33,1.6,1,0
12,1999,251,25600,13,34.1,1.7,1.3,0
12,1999,252,17000,17.2,31.3,2,1.9,0
12,1999,253,20300,13.2,29.5,1.9,1.5,0
12,1999,254,23300,13.4,29.6,1.9,1.8,0
12,1999,255,23400,13.4,30.5,2,1.4,0
12,1999,256,23700,15.2,32.8,1.9,1.5,0
12,1999,257,23300,13.7,31.2,1.9,1.5,0
12,1999,258,22700,12.1,30.6,1.8,1.2,0
12,1999,259,21900,14.2,30.7,1.7,1.3,0
12,1999,260,22300,11.2,32.2,1.7,1.3,22
12,1999,261,17800,12.3,28.9,1.7,1.5,1
12,1999,262,18500,15.3,27.3,1.8,2.2,0
12,1999,263,21700,12.5,27.2,1.8,1.5,0
12,1999,264,21600,13.99,32.5,1.23,1.2,0
12,1999,265,18100,13.1,32.2,1.7,2.3,0
12,1999,266,20700,16.4,31.3,1.8,1.6,0
12,1999,267,21100,16.6,30.5,1.8,1.3,0
12,1999,268,20500,14,35.5,1.5,1.5,0
12,1999,269,20900,20.2,32.5,0.6,3.7,0
12,1999,270,21100,16.3,30.7,0.5,3.7,0
12,1999,271,21000,14,30.7,0.8,2.5,0
12,1999,272,20400,11.8,33.5,0.83,1.3,0
12,1999,273,18900,12.1,33.3,1.3,1.1,0
12,1999,274,19700,0,32.4,1.02,1,0
12,1999,275,19000,11.5,29.2,1.4,1.1,0
12,1999,276,18600,11.6,27,1.5,1.5,0
12,1999,277,17100,10.5,24.5,1.4,3,0
12,1999,278,13800,11.2,21.6,1.3,3.1,0
12,1999,279,13500,13.1,23.9,1.5,2.4,0
12,1999,280,18200,10.8,29.7,1,2.7,0
12,1999,281,18400,9.3,29.3,1.2,1.3,0
12,1999,282,18700,10.2,32.8,1.3,1,0
12,1999,283,18300,10.5,32.1,1.3,1.2,0
12,1999,284,17900,11.4,31.2,1.2,1.4,0
12,1999,285,18400,10.4,33.1,1.2,1.4,0
12,1999,286,17500,8.8,32.8,1.1,1,0
12,1999,287,14700,12,32.8,1,1.3,0
12,1999,288,16100,15.1,27.5,0.5,3.7,0
12,1999,289,16500,11.8,26.2,0.4,2.9,0
12,1999,290,16700,7.7,27.9,0.6,1.7,0
12,1999,291,17000,3.5,26.7,0.8,1,0
12,1999,292,17000,0,27.2,0.5,0.8,0
12,1999,293,16500,5.2,29.3,1,1,0
12,1999,294,14900,5.3,29.2,1,0.9,0
12,1999,295,13100,6.1,29,1,1,0
12,1999,296,15900,7.8,26.5,1,1.7,0
12,1999,297,15500,5.5,26.6,1,1,0
12,1999,298,15400,5,25.6,1,1.1,0
12,1999,299,9800,6.5,24.9,1.1,1.5,0
12,1999,300,3000,11.9,17.9,1.7,3.4,0
12,1999,301,11900,10.2,21.1,1.3,0.4,0
12,1999,302,14800,7.7,23.9,1,0.4,0
12,1999,303,14200,7.1,24.6,1.2,0.4,0
12,1999,304,13600,7.2,26,1.1,0.4,0
12,1999,305,14900,6,26.9,1.2,0.4,0
12,1999,306,13800,5.9,26,1.3,0.4,0
12,1999,307,13400,6.2,24.8,1.3,0.4,0
12,1999,308,13700,7.5,24,1.3,0.4,0
12,1999,309,13000,8.7,25.6,1.4,0.4,0
12,1999,310,12200,0,20.8,1.34,1.9,0
12,1999,311,4000,7.5,20.8,1.3,4.1,9.1
12,1999,312,9800,9.1,17.4,1.4,4.2,3.7
12,1999,313,7400,7.6,16.6,1.3,2.3,0
12,1999,314,3000,12.2,14.2,1.5,2.4,11.5
12,1999,315,5800,10.6,21.2,1.5,1.1,0
12,1999,316,10200,6.7,22.6,1.4,0.8,0.1
12,1999,317,12500,7,23.1,1.3,1,0
12,1999,318,6900,7,20.6,1.4,1.1,0.3
12,1999,319,5700,10.8,20.4,1.6,2,0.7
12,1999,320,2600,9.6,18.5,1.4,2.6,7.5
12,1999,321,8400,4.8,15.1,1.2,1.9,0.1
12,1999,322,9000,3.2,15,1,0.7,0
12,1999,323,2600,5.1,12,1.2,4,18
12,1999,324,7100,9.9,14.8,1.4,2.5,1
12,1999,325,11700,4.7,14.8,0.9,2.5,0
12,1999,326,10300,2,14.1,0.7,1.7,0
12,1999,327,8200,-0.6,14.2,0.8,1,0
12,1999,328,8700,0.2,14.9,0.9,0.9,0
12,1999,329,10600,0.8,17,1,0.8,0
12,1999,330,9000,3.2,15.7,1.1,0.8,0
12,1999,331,7100,4.2,13.9,1.2,0.7,0.6
12,1999,332,6300,3.7,15.5,1.2,0.8,0
12,1999,333,2300,8.8,14.8,1.3,2.4,8.2
12,1999,334,3900,8.5,13.1,1.3,4.6,5.6
12,1999,335,7800,4.2,14.2,1.1,1.7,0.1
12,1999,336,8700,4.8,14.8,0.9,2.5,0
12,1999,337,10400,2.2,14.5,0.7,3.4,0
12,1999,338,10300,-0.4,14.5,0.8,1.2,0
12,1999,339,8000,0.7,13.8,0.8,1.1,0
12,1999,340,6400,0.6,11.3,0.9,1.6,0
12,1999,341,8700,-0.7,13.7,0.9,1.6,0
12,1999,342,4200,-1.6,9.6,0.7,2,0
12,1999,343,5300,3.9,9.9,1,2.8,7.9
12,1999,344,8900,1.5,12.8,0.7,3.2,0.1
12,1999,345,9600,3.9,17,0.8,2.2,0
12,1999,346,6700,1.2,12,0.9,1.6,0
12,1999,347,8000,5.4,12.6,0.7,3.8,0
12,1999,348,8400,0.7,15.3,0.6,1.8,0
12,1999,349,8600,-1.9,13.9,0.7,1,0
12,1999,350,7700,-2.5,12.6,0.7,0.9,0.1
12,1999,351,7100,-0.1,13.3,0.9,1.3,0
12,1999,352,7100,-0.1,13.6,0.8,2.1,0
12,1999,353,9200,5.8,21.4,0.7,3.4,0
12,1999,354,10200,9.1,23.1,0.8,3.1,0
12,1999,355,9500,1.1,22.3,0.8,1.8,0
12,1999,356,10200,1.4,17.1,0.7,1.8,0
12,1999,357,8700,-1.6,16.4,0.8,1,0
12,1999,358,10000,-1.2,19.2,0.8,1.1,0.1
12,1999,359,10200,-1.5,17.9,0.8,1,0
12,1999,360,10400,-1.4,17.6,0.8,1.1,0
12,1999,361,10200,-1.4,19,0.8,1.4,0.1
12,1999,362,10300,-1.8,18.6,0.7,1.2,0
12,1999,363,10300,-1.2,16.8,0.7,1.1,0
12,1999,364,10300,-2.6,15.8,0.7,1,0
12,1999,365,9500,-2.5,13.8,0.7,1.4,0.1
