*---------------------------------------------------------*
* Weather file for rice yield gap assessment using Oryza(v3)
*      Project: Global Yield Gap Atlas (www.yieldgap.org)
*      Country: USA
*  Station_num: 166
* Station_name: Lodi West
*         Year: 2007
*       Source: http://www.cimis.water.ca.gov
*       Author: M. Espe
*         Date: 11-16-2015
*    Longitude: -121.39
*     Latitude: 38.13
*    Elevation: 25
*
*  Columns:
*  1. station number
*  2. year
*  3. day
*  4. average insolation incident on a horizontal surface (kJ m-2 d-1)
*  5. minimum temperature (degrees Celsius)
*  6. maximum temperature (degrees Celsius)
*  7. vapour pressure (kPa)
*  8. mean wind speed (m s-1)
*  9. precipitation (mm d-1)
*---------------------------------------------------------*
-121.39,38.13,25,0,0
166,2007,1,9900,-0.2,14.3,0.8,1.7,0.1
166,2007,2,5800,1.1,12.8,0.9,1.5,0
166,2007,3,6600,-0.5,18.2,1,1.9,0
166,2007,4,7600,5,14.1,1,3.6,0.1
166,2007,5,11100,1.4,12.2,0.5,6.1,0
166,2007,6,9000,-1.7,13,0.6,1.9,0.9
166,2007,7,10900,-2.1,14.7,0.7,1.2,0.9
166,2007,8,11400,-2,15,0.7,1.4,1
166,2007,9,10900,-2.4,16.3,0.8,0.9,0.3
166,2007,10,8700,-1.5,16.3,0.8,2.3,0.2
166,2007,11,11800,-0.6,10.7,0.5,2.8,0
166,2007,12,12000,-3.1,8,0.4,4.7,0
166,2007,13,10800,-5.9,10.1,0.3,1.8,0
166,2007,14,12100,-6,9,0.4,2,0
166,2007,15,12400,-6.3,10.7,0.4,1.2,0
166,2007,16,11100,-6.6,10.7,0.5,1.3,0
166,2007,17,12500,-2.4,13.4,0.6,1.4,0
166,2007,18,11300,-4.7,12.9,0.6,1.3,0
166,2007,19,9000,-3.4,13.9,0.6,1.3,0.1
166,2007,20,10200,-3.4,14.9,0.6,1.5,0
166,2007,21,11200,0.2,16.8,0.4,4.3,0
166,2007,22,12500,-2.6,15.2,0.6,1.4,0
166,2007,23,12500,-4,16.2,0.6,1,0
166,2007,24,12400,-3.8,17.4,0.7,0.9,0.1
166,2007,25,12600,-1.9,17.6,0.7,1.1,0.1
166,2007,26,12000,-1.6,16,0.8,1.3,0.1
166,2007,27,10100,1.3,14.8,0.9,1.4,0.2
166,2007,28,11900,4.3,14.1,1.1,1.3,1.5
166,2007,29,12700,2.8,19.6,0.9,2,0.3
166,2007,30,13100,1.6,16.5,0.9,2,0
166,2007,31,13200,0.7,14,0.9,1.5,0.2
166,2007,32,8900,0.8,10.5,0.9,1.3,0.1
166,2007,33,11700,2.9,13.9,0.9,1.1,0
166,2007,34,11600,-1.9,16.3,0.8,0.9,0.1
166,2007,35,11800,-0.1,20.1,0.9,1.1,0.1
166,2007,36,9700,1.8,18.1,1,1.1,0
166,2007,37,11200,5.6,19.5,1.1,1.6,0
166,2007,38,3100,8.4,14.6,1.2,2.9,0.9
166,2007,39,2400,8.6,15.3,1.3,2.1,4.2
166,2007,40,3100,11.8,13.5,1.4,2.7,9.8
166,2007,41,2400,12.1,16.9,1.5,3.9,29.3
166,2007,42,12300,7.5,17.3,1.2,2.3,2
166,2007,43,6800,4.2,16.6,1,1.6,3
166,2007,44,15600,5.6,14.9,1.1,2.2,0
166,2007,45,13200,1.3,17.3,1,1.3,0.1
166,2007,46,12000,3.8,20.5,1.2,1.7,0.1
166,2007,47,15900,3.9,23.3,1.2,2.4,0.1
166,2007,48,15600,6.5,21.9,1.2,1.6,0
166,2007,49,15400,6.8,18.4,1.1,2.7,0.1
166,2007,50,17100,6.3,18.3,0.7,4.5,0
166,2007,51,11500,3.6,15.6,0.9,2.3,0
166,2007,52,5700,5.1,16.1,1,2.3,0
166,2007,53,9900,5.4,14.2,1,3.2,8.3
166,2007,54,16300,2.8,13.4,0.7,1.8,0
166,2007,55,4500,0.3,13.9,0.9,3.1,1.5
166,2007,56,12500,7.5,14.7,1.1,3.5,8.8
166,2007,57,9100,6.6,12.2,1.1,3,18
166,2007,58,8100,1.2,11.9,0.8,2.8,3.1
166,2007,59,14100,1,11.6,0.8,1.9,0.7
166,2007,60,13500,-0.6,13.9,0.8,1.8,0
166,2007,61,17400,2.1,17,0.9,2.5,0.1
166,2007,62,19000,2.1,18.7,1,1.4,0.1
166,2007,63,13400,4.3,20.9,1.1,1.2,0
166,2007,64,15900,8.5,22.5,1.2,1.5,0
166,2007,65,17600,5.3,22.9,1.2,1.3,0
166,2007,66,11600,8.4,19.9,1.3,2.5,0
166,2007,67,17300,4.4,18,1.1,1.5,0
166,2007,68,8700,6.2,17.3,1,2.2,0
166,2007,69,18400,5.7,22.5,1.2,2.3,0
166,2007,70,19800,6.5,25.9,1.3,1.4,0
166,2007,71,19400,6.7,25.9,1.4,1.2,0
166,2007,72,20400,8.5,27.2,1.6,1.1,0
166,2007,73,20400,7,23.4,1.2,2,0.1
166,2007,74,21000,5.5,26.3,1.2,1.2,0
166,2007,75,21500,7.3,27.8,1.4,1.4,0.1
166,2007,76,21700,8.9,25.7,1.3,2.3,0
166,2007,77,21700,5.7,24.2,1.2,2.2,0
166,2007,78,18500,6.4,21.9,1.2,2.8,0
166,2007,79,13400,9.6,16.2,1.3,2,6.5
166,2007,80,22100,5.4,20.2,0.9,3.8,1.6
166,2007,81,20600,2.7,21.7,1,1.4,0
166,2007,82,23000,5.7,25.1,1.2,1.3,0
166,2007,83,21000,7.6,24.7,1.3,2.1,0
166,2007,84,15600,8.6,20.7,1.3,3,0
166,2007,85,7400,7.3,21.5,1.2,3.3,2.5
166,2007,86,21000,3.3,16.4,0.8,3.2,0
166,2007,87,25100,2.1,20.5,0.6,4,0
166,2007,88,24400,0.4,23.4,0.8,1.5,0
166,2007,89,23400,5.1,26.3,1,1.5,0
166,2007,90,22800,6.2,26.3,1.2,2,0
166,2007,91,18000,7.2,23.6,1.1,2.6,0
166,2007,92,22300,5.1,23.7,1,2.1,0
166,2007,93,23400,3.6,26.2,0.9,1.4,0
166,2007,94,19100,7.5,25.4,1,1.7,0
166,2007,95,18700,10.7,27.9,1.2,2.3,0
166,2007,96,24900,7.2,25,1.3,3.2,0
166,2007,97,19800,9.1,21.6,1.4,3.3,0
166,2007,98,22000,6.4,22.9,1.1,3.2,0
166,2007,99,24200,9.1,22.4,1.2,3.3,0
166,2007,100,23700,6,23,0.8,3.3,0
166,2007,101,15200,8.7,16.7,1.1,3.9,13.5
166,2007,102,27300,5.3,18.4,0.8,3.6,0.8
166,2007,103,24900,5.2,23.3,0.9,2,0
166,2007,104,7700,7.8,13.4,1.2,2,0
166,2007,105,26300,6.7,20.9,1,5,0
166,2007,106,27500,4.7,26.1,0.9,2.6,0
166,2007,107,21600,6.8,17.6,1,4.3,0
166,2007,108,25100,4.1,17.2,0.8,2.4,1.2
166,2007,109,14700,3.1,16,0.8,2,0
166,2007,110,26900,5.5,19,1,1.7,0
166,2007,111,6900,5.5,17.2,1.1,2.2,0
166,2007,112,20800,6.9,18,1.2,3.4,0
166,2007,113,28800,5.9,22.7,1.1,2.6,0
166,2007,114,29100,5,24.6,1.2,1.8,0
166,2007,115,21600,7.2,21.2,1.2,2.5,0
166,2007,116,28900,7.8,28.6,1.2,2.9,0
166,2007,117,27500,9.5,31.1,1.4,1,0
166,2007,118,25600,11.3,33.3,1.5,1.4,0
166,2007,119,26900,10.8,27.9,1.3,2.2,0
166,2007,120,28800,8.9,29,1.2,2.7,0
166,2007,121,15000,7.5,24.1,1.1,3.7,0.2
166,2007,122,19200,9.1,20,1.2,3.7,0
166,2007,123,20400,6.1,17.6,0.9,2.8,0
166,2007,124,23300,8.8,17.8,1.1,2.5,0
166,2007,125,28900,6.9,23,0.9,4.2,0
166,2007,126,30000,7.3,30.5,1,3.6,0
166,2007,127,30900,0,31.6,1.4,1.2,0.1
166,2007,128,30500,13.5,33.6,1.4,1.8,0.9
166,2007,129,30500,11.4,30.4,1.3,2.1,0
166,2007,130,30700,0,26.5,1.1,2.6,0
166,2007,131,27400,7.5,25.8,1.1,2.9,0
166,2007,132,29400,5.2,21.9,1.1,2.6,0
166,2007,133,30900,4.6,28.1,1.1,2.5,0
166,2007,134,31500,8,29.9,1.2,2.1,0
166,2007,135,29400,9.4,22.6,1.2,2.9,0
166,2007,136,30800,6.5,25.6,1.2,2.4,0
166,2007,137,30600,7.9,24.5,1.2,2.6,0
166,2007,138,29200,7.7,24.8,1.2,2.9,0
166,2007,139,27600,10.3,27,1.3,3,0
166,2007,140,28500,10.6,25.8,1.2,3.6,0
166,2007,141,32400,12.7,27.8,1.1,4.1,0
166,2007,142,32400,13.1,27.5,0.8,4,0
166,2007,143,31700,12,29.9,0.9,2.3,0
166,2007,144,31200,9,30.8,1.1,1.7,0
166,2007,145,28200,8.8,29.6,1.4,2,0
166,2007,146,30800,10,28.8,1.4,2.5,0
166,2007,147,31000,7.8,25.8,1.4,1.8,0
166,2007,148,31900,9.9,30,1.5,2.6,0
166,2007,149,32400,0,24.2,1.3,4.7,0
166,2007,150,31800,11.5,23.4,1.3,4.1,0
166,2007,151,30300,11.1,24.6,1.4,3.6,0
166,2007,152,31600,9.9,25.8,1.4,2.5,0
166,2007,153,31300,9.4,26.9,1.5,2.3,0
166,2007,154,28800,9.2,27.4,1.5,3,0
166,2007,155,20100,14.2,25.8,1.6,3.8,0
166,2007,156,18900,12,21.9,1.3,4.4,0
166,2007,157,30900,9.9,22.2,1.1,2.9,0
166,2007,158,31700,8.4,26.1,1.1,2.6,0
166,2007,159,32800,4.8,28.2,1.1,1.8,0
166,2007,160,26300,9.6,30.4,1.3,2,0
166,2007,161,29100,11.1,28.7,1.5,2.8,0
166,2007,162,32900,9.1,31.2,1.2,2.4,0
166,2007,163,33000,9.2,34.1,1.3,2.1,0
166,2007,164,32200,12.1,36.3,1.6,2.1,0
166,2007,165,32800,14.4,36.8,1.8,2,0
166,2007,166,32200,14.2,36.5,1.7,2.3,0
166,2007,167,32600,12.6,27.8,1.5,2.1,0
166,2007,168,31600,11.8,33.5,1.5,2.4,0
166,2007,169,32800,10.9,35.3,1.4,2.5,0
166,2007,170,32700,13,27.5,1.5,3.4,0
166,2007,171,32400,11.3,26.9,1.4,3.2,0
166,2007,172,33100,9.2,32,1.4,2.4,0
166,2007,173,29800,13.5,32.3,1.3,2.7,0
166,2007,174,33000,13.5,30.5,1.2,3,0
166,2007,175,33000,11,28.5,1.1,2.7,0
166,2007,176,33100,10.1,33.1,1.2,2.2,0
166,2007,177,32000,11,33.1,1.3,1.8,0
166,2007,178,32100,10.7,30.1,1.4,2.9,0
166,2007,179,31400,12.2,27.8,1.6,4,0
166,2007,180,30600,13.2,27.1,1.6,3.3,0
166,2007,181,32600,11.2,27.6,1.4,2.5,0
166,2007,182,29100,9.1,29.2,1.2,2.5,0
166,2007,183,29300,12.8,32,1.4,2.5,0
166,2007,184,29100,13.5,33,1.7,2.2,0
166,2007,185,29200,14.6,36.8,2,1.5,0
166,2007,186,28200,15.4,39.2,2.1,1.7,0
166,2007,187,28300,14.4,33.3,1.7,2.9,0
166,2007,188,28500,12.5,28.3,1.7,2.1,0
166,2007,189,28300,12.4,32.8,1.8,2,0
166,2007,190,28500,14.3,29.5,1.7,3,0
166,2007,191,21000,14.4,26,1.6,3.4,0
166,2007,192,27600,14.9,24.6,1.6,3.9,0
166,2007,193,28500,13.9,27.1,1.6,3.3,0
166,2007,194,29000,12.7,30.9,1.7,2.7,0
166,2007,195,28600,13.8,30.3,1.7,2.9,0
166,2007,196,28200,13.2,31.4,1.7,3,0
166,2007,197,28700,12.3,27.4,1.6,3.2,0
166,2007,198,27200,11.1,27.5,1.6,3.6,0
166,2007,199,21200,15.7,26.5,1.8,2.9,0
166,2007,200,28400,13.5,29.3,1.6,2.8,0
166,2007,201,27800,11.5,28.7,1.6,2.9,0
166,2007,202,27600,14.2,31,1.8,2.6,0
166,2007,203,27800,14,32.4,1.9,2.4,0
166,2007,204,26700,14.8,34.4,2.1,2.1,0
166,2007,205,21900,14.4,32.2,1.8,2.2,0
166,2007,206,28200,10.3,29.5,1.6,2.1,0
166,2007,207,28000,10.5,31.4,1.6,2.1,0
166,2007,208,28200,10.5,33.4,1.6,2,0
166,2007,209,28300,10.9,33.9,1.6,2,0
166,2007,210,28300,10.7,32.5,1.7,1.8,0
166,2007,211,28300,11.5,34.1,1.8,1.8,0
166,2007,212,27200,13.1,34.9,1.7,2,0
166,2007,213,27300,13.2,33.6,1.6,2.5,0
166,2007,214,26200,14.5,31.5,1.5,2.8,0
166,2007,215,27400,11.4,36.3,1.7,1.6,0
166,2007,216,27300,11.7,37,1.3,2.3,0
166,2007,217,26600,10.7,25.4,1.4,2.6,0
166,2007,218,21600,9.9,23.6,1.4,2.2,0.1
166,2007,219,27100,9.3,26,1.5,2.1,0
166,2007,220,26600,9.1,28.8,1.6,2.1,0
166,2007,221,26700,10.6,31.2,1.6,1.9,0
166,2007,222,26500,11.3,32.6,1.5,1.7,0
166,2007,223,26500,10.7,28.4,1.4,2.3,0
166,2007,224,27000,8.9,29.8,1.3,2.1,0.1
166,2007,225,26900,9.1,31.6,1.3,2.1,0
166,2007,226,26600,9.1,32.4,1.3,2,0
166,2007,227,26000,12.68,29.2,1.4,3.3,0
166,2007,228,26000,10.9,29.8,1.5,2.7,0
166,2007,229,26000,11.6,30.4,1.4,2.2,0
166,2007,230,26200,12.4,29.5,1.4,2.7,0
166,2007,231,24600,10.9,29.7,1.6,2.6,0
166,2007,232,24300,14.4,32.1,1.9,1.8,0
166,2007,233,24400,14.1,34.9,2,1.8,0
166,2007,234,24200,16,34.8,1.9,1.8,0
166,2007,235,24300,13.9,34.1,1.8,2.2,0
166,2007,236,24100,15,31.2,1.7,2.8,0
166,2007,237,23900,14.7,28.7,1.6,3.4,0
166,2007,238,24000,13.7,29.8,1.6,2.3,0
166,2007,239,23700,13,32.2,1.6,1.9,0
166,2007,240,23500,15.9,36.1,1.7,1.7,0
166,2007,241,23000,17.5,38.5,1.9,1.5,0
166,2007,242,22900,18.3,37.6,1.9,2,0
166,2007,243,5200,19.3,35.5,2,2.1,0
166,2007,244,23300,14.8,36.1,1.6,1.8,0
166,2007,245,23800,12.7,35.5,1.6,1.4,0
166,2007,246,23400,12.5,32.9,1.6,2.5,0
166,2007,247,23000,14,28.1,1.8,3.1,0
166,2007,248,22300,12.8,29.4,1.6,1.8,0
166,2007,249,22700,12.9,34.3,1.6,1.9,0
166,2007,250,22500,15.2,25.8,1.7,3.2,0
166,2007,251,22200,11.2,30.8,1.7,1.9,0
166,2007,252,22100,14.1,27,1.6,3.5,0
166,2007,253,21700,15.2,29.4,1.7,2.8,0
166,2007,254,21500,13.5,28.6,1.6,2.3,0
166,2007,255,21800,12,23.2,1.6,3.6,0
166,2007,256,21100,11.3,25,1.4,2.4,0
166,2007,257,21200,11.9,26,1.6,2.1,0
166,2007,258,21700,10.5,24.3,1.4,2.4,0
166,2007,259,21000,9.5,25.5,1.5,2,0
166,2007,260,20800,9.3,26.3,1.5,1.8,0
166,2007,261,20600,9.6,27.8,1.3,2,0
166,2007,262,17600,9,21.2,1.2,3.3,0
166,2007,263,14300,6.2,22.3,1.2,1.3,0
166,2007,264,16500,7.5,27,1.2,1.6,0
166,2007,265,5600,11.9,19,1.5,1.4,3.6
166,2007,266,13100,11.7,22.7,1.5,1.4,0.1
166,2007,267,19800,8.5,26.1,1.2,1.6,0.1
166,2007,268,20200,6.4,28.8,1.2,1.3,0
166,2007,269,19700,8.3,31.7,1.3,1,0
166,2007,270,19100,8.8,31.8,1.2,1.9,0
166,2007,271,16000,10.4,20.6,1.3,2.9,0
166,2007,272,19400,6.2,22.6,0.9,2.3,0
166,2007,273,19000,3.3,26.2,1,1.8,0
166,2007,274,16000,11.5,23.6,1.4,2.2,0
166,2007,275,18500,7,27.8,1.1,1.3,0
166,2007,276,18100,7.1,26.2,1.2,2.1,0
166,2007,277,17200,9.7,21.1,1,3.5,0
166,2007,278,13700,4.5,19.5,1,2,0
166,2007,279,18300,2,22.2,0.8,2.1,0
166,2007,280,17700,2.9,24.8,0.9,1.4,0
166,2007,281,17900,4.2,28,1,1,0
166,2007,282,15800,5.1,23.5,1.2,1.7,0
166,2007,283,14700,11.2,20.6,1.4,1.9,9.4
166,2007,284,11700,6.1,21.4,1.2,1.5,0.1
166,2007,285,6300,9.5,16.5,1.3,1.6,4
166,2007,286,16500,6.9,23.1,1.3,1.2,0.2
166,2007,287,16200,7.6,24.2,1.4,1.3,0.1
166,2007,288,11000,8.3,21.8,1.4,1.8,0
166,2007,289,6300,10.6,16.6,1.3,2.3,1.1
166,2007,290,14300,8.8,19.7,1.2,1.8,0.5
166,2007,291,10700,7.4,22.6,1.2,1.2,0
166,2007,292,9900,10.8,23.1,1.6,2.1,0
166,2007,293,14900,9.3,19.9,1,3,0
166,2007,294,15500,5.8,23.5,0.8,2.4,0
166,2007,295,15400,4.8,26.2,1,1.2,0
166,2007,296,15200,5.6,29.3,1.1,1.1,0
166,2007,297,15000,5.4,29.9,1.2,0.9,0
166,2007,298,14300,6.2,26.6,1.3,1.2,0
166,2007,299,13200,4.9,22.3,1.2,1.2,0.1
166,2007,300,12900,7.7,25.3,1.2,1.6,0
166,2007,301,13500,9.8,27.2,1.4,1.4,0
166,2007,302,11700,9.4,24.5,1.4,2,0
166,2007,303,11900,8.6,18.9,1.3,2.4,0
166,2007,304,13000,6.3,19.8,1.3,1.2,0.2
166,2007,305,13000,5.9,22.9,1.3,1.5,0.2
166,2007,306,13400,4.5,24,1.2,1.2,0.1
166,2007,307,13800,4.1,25.6,1,1.1,0.1
166,2007,308,12700,2.4,25.4,1,1.1,0.1
166,2007,309,13000,2.1,24.9,1,1.1,0
166,2007,310,12300,2.8,23.1,1.1,1.1,0.1
166,2007,311,12400,2.4,24.8,1.1,1.1,0.1
166,2007,312,11950,4,18.1,1.2,2.4,0.1
166,2007,313,11500,5.2,19.8,1.2,1.2,0
166,2007,314,5200,5.1,18.6,1.3,1.4,8.8
166,2007,315,11000,8.7,18.3,1.3,2.6,11.1
166,2007,316,9500,2,19.8,1,1.3,0
166,2007,317,11200,8.4,20.9,1.3,1.5,0
166,2007,318,11300,6,23.4,1.4,0.9,0.2
166,2007,319,10900,7.5,24.2,1.5,1.4,0.1
166,2007,320,8900,8.6,19.2,1.4,1.9,0
166,2007,321,9400,5,20.3,1.3,1.1,0.2
166,2007,322,9300,7.2,20.2,1.4,1.5,0.4
166,2007,323,6600,5.2,20.3,1.3,1.5,0.1
166,2007,324,11000,5.7,16.9,0.8,2.5,0.1
166,2007,325,11200,-0.6,18,0.7,1.1,0
166,2007,326,11100,-0.8,17.9,0.7,1.7,0.1
166,2007,327,11400,-1.8,21.1,0.5,2.5,0.4
166,2007,328,9000,-1.4,15.9,0.7,1.2,0
166,2007,329,5700,1.6,14.9,0.8,1.1,0
166,2007,330,7600,-1.5,17.4,0.8,1.1,0
166,2007,331,10000,0.9,18.2,0.8,1.9,0
166,2007,332,10200,0.1,17.1,0.6,1.2,0
166,2007,333,9800,-0.7,16.4,0.8,1.3,0
166,2007,334,10100,0.9,14.4,0.7,1.9,0
166,2007,335,9800,-0.9,14.2,0.7,2.2,0
166,2007,336,7200,2.4,16.1,0.6,3.9,0
166,2007,337,8500,3.9,18.6,0.7,2.2,0
166,2007,338,4900,8.8,13.2,1.2,1.9,0
166,2007,339,8200,4.6,17.7,1.1,1,0
166,2007,340,2600,6.6,11.5,1.2,2.7,0
166,2007,341,8700,6,15.3,1.1,3.5,0
166,2007,342,8900,2.3,12.5,0.8,2.4,0
166,2007,343,9400,-0.3,12.6,0.7,1.9,0
166,2007,344,9600,0,13.5,0.8,1.4,0
166,2007,345,9500,0.1,15.8,0.5,2.5,0
166,2007,346,6400,-1.5,14,0.6,1.3,0
166,2007,347,9200,-3.2,13.5,0.6,1.2,0
166,2007,348,8700,-3.1,13.4,0.7,1.1,0
166,2007,349,8400,-1.4,13.2,0.8,0.9,0
166,2007,350,6400,-1.4,12.7,0.8,1.7,0
166,2007,351,3300,6.7,12.1,1.1,2.5,0
166,2007,352,2400,4.1,12.1,1.2,3.4,0
166,2007,353,4500,1.8,14.7,1,1.7,0
166,2007,354,9200,2.9,14,1,3,0
166,2007,355,8600,-1.4,11.6,0.6,2.7,0
166,2007,356,5700,-3.3,10.6,0.7,1.3,0
166,2007,357,8600,-0.4,13.1,0.7,1.2,0
166,2007,358,9400,3.4,14.4,0.8,3.2,0
166,2007,359,9300,-0.4,11,0.6,2.3,0
166,2007,360,9100,1.3,11.9,0.6,3.2,0
166,2007,361,5750,0,9.4,0.5,2.7,0
166,2007,362,2400,3.8,5.9,0.7,3,0
166,2007,363,3300,4.3,9.6,1,1.5,0
166,2007,364,6300,1.8,11.6,0.9,2.2,0
166,2007,365,9200,-2.2,11,0.6,1.4,0
