*---------------------------------------------------------*
* Weather file for rice yield gap assessment using Oryza(v3)
*      Project: Global Yield Gap Atlas (www.yieldgap.org)
*      Country: USA
*  Station_num: 32
* Station_name: Colusa
*         Year: 2004
*       Source: http://www.cimis.water.ca.gov
*       Author: M. Espe
*         Date: 11-16-2015
*    Longitude: -122.02
*     Latitude: 39.23
*    Elevation: 55
*
*  Columns:
*  1. station number
*  2. year
*  3. day
*  4. average insolation incident on a horizontal surface (kJ m-2 d-1)
*  5. minimum temperature (degrees Celsius)
*  6. maximum temperature (degrees Celsius)
*  7. vapour pressure (kPa)
*  8. mean wind speed (m s-1)
*  9. precipitation (mm d-1)
*---------------------------------------------------------*
-122.02,39.23,55,0,0
32,2004,1,4200,4.9,11.9,0.9,5.2,6.2
32,2004,2,5200,0.2,11.2,0.8,2.9,0
32,2004,3,10200,-2.6,8.6,0.6,1.2,0.1
32,2004,4,8400,-3.7,8,0.6,1.2,0
32,2004,5,8500,2.7,10.7,0.7,2.1,0
32,2004,6,3400,4.2,8.6,0.8,1.5,1.4
32,2004,7,3900,6,9.3,1,1.5,5.5
32,2004,8,2600,4.8,11,1.1,1.7,2.3
32,2004,9,1200,3,10.4,1,1.4,9.3
32,2004,10,7700,5.8,14.8,1.1,1.9,0
32,2004,11,9400,4.3,17.3,1,1.7,0.1
32,2004,12,2400,7.9,9.8,1.1,1.5,0
32,2004,13,9800,6.4,8.8,1,1.3,0
32,2004,14,3100,5.1,7.8,0.9,1.1,0.9
32,2004,15,9500,3,11.8,1,1.3,0.1
32,2004,16,6200,4.2,10.6,1,1.2,0.3
32,2004,17,8000,5.9,9.8,1,0.9,0
32,2004,18,8900,5.1,13,1,1,0
32,2004,19,10500,1.3,9.6,0.9,0.9,0.1
32,2004,20,11900,5.9,16.7,0.9,2.9,0
32,2004,21,12300,0.9,16.6,0.7,2.3,0
32,2004,22,12000,-0.9,11.6,0.8,1,0.1
32,2004,23,6700,-1.3,9.5,0.8,1,4.4
32,2004,24,6600,5.3,11.2,1,1.1,1.5
32,2004,25,9900,-0.8,12,0.7,1.8,0
32,2004,26,4200,1.9,8.9,0.8,1.4,0.3
32,2004,27,5500,6.1,11.6,1,3.3,8.5
32,2004,28,7700,0.9,11.2,0.8,1.2,0
32,2004,29,9900,1.2,10.8,0.9,1.6,0.1
32,2004,30,8000,5.6,14,1,2.3,0
32,2004,31,12800,1.3,13.3,0.6,2.7,0
32,2004,32,4900,4.3,9,0.8,1.8,0.4
32,2004,33,3200,6.6,12.2,0.9,3.3,16.5
32,2004,34,6600,2.7,9.5,1,2.7,1.9
32,2004,35,12900,2.3,14.1,0.9,1.5,0
32,2004,36,10400,0,15.4,0.9,1.6,0
32,2004,37,2300,2.5,13.6,1,2.5,1.9
32,2004,38,11600,-0.8,12.9,0.8,1.8,0.2
32,2004,39,14600,4.5,15.1,0.7,3.6,0
32,2004,40,15100,6.1,16.2,0.6,5.1,0
32,2004,41,15400,4.1,18.4,0.6,2.7,0
32,2004,42,15400,-1,16.5,0.7,1,0
32,2004,43,14300,-0.6,18.2,0.7,1,0
32,2004,44,2600,1.5,11.2,0.9,1.3,1
32,2004,45,6900,6.1,15.8,1,1.7,0.6
32,2004,46,2700,8.4,11.9,1.1,1.3,7.3
32,2004,47,1700,9.5,13.5,1.2,4.9,30
32,2004,48,1800,11.6,15.5,1.3,5.4,8.8
32,2004,49,15000,6.1,15.8,1.2,2.7,3.5
32,2004,50,12000,3.9,15.5,0.9,1.4,0
32,2004,51,9900,6.8,14.8,1,1.1,0
32,2004,52,5700,7.6,11.8,1.1,1,0.6
32,2004,53,6700,7.8,12.2,1.1,1.1,6.9
32,2004,54,13100,3.8,15.7,1,2,0.1
32,2004,55,13500,9,16,1,3.7,0.8
32,2004,56,5500,9.8,15.7,1.1,5.8,39.2
32,2004,57,3700,7.3,13.3,1,4.6,2.5
32,2004,58,14300,1.9,13.1,0.8,1.4,0
32,2004,59,13400,3.5,15.8,0.9,1.8,0
32,2004,60,13200,4.9,14.2,1,2.3,0
32,2004,61,9800,6.6,12.6,1,3.3,10.3
32,2004,62,18500,5.5,17.5,0.8,5.6,0
32,2004,63,9200,4.7,14.5,0.8,1.9,0
32,2004,64,16600,5.3,20.7,0.8,1.8,0
32,2004,65,10900,4.7,16.6,1,1.2,0.1
32,2004,66,17700,3.9,19.7,1.1,1.2,0
32,2004,67,19600,8.4,23.8,1.2,1.3,0
32,2004,68,17300,6.5,28.7,1.2,1.1,0
32,2004,69,19800,7.4,27.6,1.3,1.9,0.1
32,2004,70,20900,12.7,25,1,4.3,0
32,2004,71,20700,9.2,25.5,1,1.8,0
32,2004,72,20900,5.7,26.9,1.1,2.1,0
32,2004,73,18600,9.8,26.8,1.1,1.6,0
32,2004,74,18600,8.3,27.7,1.3,1.3,0
32,2004,75,20700,12.7,26.8,1,4.3,0
32,2004,76,21800,11.8,27.3,1,3.3,0
32,2004,77,21700,10.3,30.3,1,1.6,0
32,2004,78,19800,7.2,26.8,1.3,1.8,0
32,2004,79,22000,9.4,26.4,1.1,1.4,0
32,2004,80,21500,6.2,28.4,1,1.3,0
32,2004,81,17500,7.2,27.8,1.2,1.2,0
32,2004,82,19400,9.8,25.6,1.4,2.3,0
32,2004,83,23000,11.3,20.6,1.4,1.9,0
32,2004,84,11900,8,22.1,1,2.7,0
32,2004,85,5300,5.8,12.7,1,3.2,6.5
32,2004,86,9800,4.9,15.4,0.9,2.8,0
32,2004,87,20300,7.1,18.5,1.1,2.6,0
32,2004,88,23400,8.1,24.8,1.1,1.8,0
32,2004,89,18300,7.2,25.1,1.2,1.7,0
32,2004,90,18400,6.7,18,1.2,2.5,0
32,2004,91,24300,2.1,21.6,0.9,1.4,0
32,2004,92,24700,8,20.6,0.6,5.6,0
32,2004,93,24800,8.6,23,0.7,4.9,0
32,2004,94,22800,6,25.9,1.1,1.5,0
32,2004,95,20400,9.4,22.2,1.1,2.5,0
32,2004,96,9300,7.4,18.9,1.1,2.1,0
32,2004,97,22900,5.2,21.6,1,1.5,0
32,2004,98,23800,4.6,27.4,0.9,1.5,0
32,2004,99,21500,5.9,28,1.1,1.3,0
32,2004,100,24800,0,29.6,0.8,1.5,0
32,2004,101,25200,5.5,29.9,0.8,2.3,0
32,2004,102,19800,4.9,28.9,0.9,1.7,0
32,2004,103,17100,9,25.6,1.1,2.5,0
32,2004,104,16700,7.7,20.5,0.9,3.3,0
32,2004,105,10800,9,19.6,0.9,3.4,0
32,2004,106,18000,3.1,18.1,0.7,1.9,0
32,2004,107,18600,4.7,18.8,0.8,1.8,0
32,2004,108,20300,3.1,17,0.9,1.8,0.7
32,2004,109,8800,5.9,14.2,1,2.7,0
32,2004,110,8000,8.7,15.9,1.1,3.8,0
32,2004,111,10600,11.7,18.5,1.1,3.7,0
32,2004,112,20500,9.5,22.4,0.9,3.7,0
32,2004,113,29400,8.2,24.9,0.7,3.9,0
32,2004,114,28600,9.7,28.5,0.8,2.1,0
32,2004,115,28700,8.5,30.3,1,2.1,0
32,2004,116,29100,8.2,33.2,1.2,1,0
32,2004,117,27700,10.8,36,1.3,1.1,0
32,2004,118,28900,10.8,34.3,1.2,1.1,0
32,2004,119,30300,10.5,26.9,0.7,4.5,0
32,2004,120,29300,10.1,27,0.7,3.2,0
32,2004,121,26700,6.1,30.1,0.9,1.2,0
32,2004,122,28100,9.5,31.8,1.2,1.1,0
32,2004,123,29900,11.4,33.4,1.3,1.4,0
32,2004,124,29900,12.8,33.7,1.4,1.5,0
32,2004,125,29400,15.2,32.4,1.1,3.3,0
32,2004,126,26700,11,28.2,1,3.6,0
32,2004,127,23200,11.2,26,1,3.4,0
32,2004,128,11800,11.3,24.3,1.2,2.8,0
32,2004,129,25800,10,24.2,1.1,1.3,0
32,2004,130,29400,8,27.2,1,2.2,0
32,2004,131,25900,10.3,22.2,0.9,3,0
32,2004,132,27500,5.8,22.6,0.8,2.2,0
32,2004,133,31700,10.6,26.9,0.8,2.7,0
32,2004,134,31500,8.6,28.7,1.1,1.8,0
32,2004,135,29600,10.8,29.9,1.2,1.5,0
32,2004,136,30900,14.4,28.6,1.3,1.9,0
32,2004,137,29200,9.9,28.9,1,2.1,0
32,2004,138,14000,11.3,24.5,1.1,3.4,0
32,2004,139,24400,9.5,23.2,1.1,1.7,0
32,2004,140,28300,9.2,26.9,1.2,1.8,1
32,2004,141,17200,11.9,25.5,1.3,1.9,0
32,2004,142,22400,11.2,25.9,1.3,2.8,0
32,2004,143,18200,11.7,24.4,1.3,3.6,0
32,2004,144,33100,10.9,23.6,1.2,1.6,0
32,2004,145,30300,10.9,26.6,1.2,1.8,0
32,2004,146,27400,11.6,28.4,1.4,2.1,0
32,2004,147,26900,12.1,29.7,1.5,2.6,0
32,2004,148,20100,13.8,28.2,1.4,3.4,0
32,2004,149,23900,14.2,25.8,1.2,3.4,0
32,2004,150,32800,10.1,28.3,0.9,2.1,0
32,2004,151,32400,9.4,30.8,1.2,1.1,0
32,2004,152,31700,12.5,34.3,1.4,1.3,0
32,2004,153,32500,13.4,34.3,1.3,1.5,0
32,2004,154,32400,14.3,34.6,1.4,1.9,0
32,2004,155,30400,14.3,31.1,1.5,2.7,0
32,2004,156,30400,11.7,32.5,1.4,2.2,0
32,2004,157,30600,14.1,32.4,1.4,1.7,0
32,2004,158,31800,12.9,32.4,1.1,1.8,0
32,2004,159,29600,9.9,26.9,1,2.6,0
32,2004,160,23800,8.1,24.7,0.9,2.1,0
32,2004,161,28800,8.2,27.8,1.2,2.6,0
32,2004,162,31400,12.1,26.6,1.3,2.2,0
32,2004,163,31800,12.5,29.5,1.3,1.6,0
32,2004,164,31600,12.1,32,1.3,1.5,0
32,2004,165,31200,14.1,33,1.4,1.4,0
32,2004,166,32500,14.6,35.8,1.3,2.9,0
32,2004,167,33200,20.7,37.4,1.1,4,0
32,2004,168,32300,20.1,37.6,1.2,3,0
32,2004,169,30100,14.6,29.5,1.5,3,0
32,2004,170,24900,13.1,29.8,1.5,2.8,0
32,2004,171,25800,13.3,30.3,1.4,2.4,0
32,2004,172,26200,12.9,32,1.6,2.2,0
32,2004,173,31200,14.3,32.2,1.6,2.5,0
32,2004,174,31600,14.9,30.6,1.6,2.9,0
32,2004,175,28100,12.5,31.4,1.5,2.5,0
32,2004,176,28300,13.9,31.1,1.4,2.5,0
32,2004,177,32600,13.9,33.3,1.3,2,0
32,2004,178,33000,13.4,34.2,1.3,1.6,0
32,2004,179,32300,12.4,34.3,1.5,1.8,0
32,2004,180,24000,15.9,34.1,1.5,1.9,0
32,2004,181,22300,16,29.8,1.6,3.4,0
32,2004,182,23700,15.4,28.4,1.5,3.1,0
32,2004,183,28600,13.2,30.4,1.6,2.6,0
32,2004,184,30200,12.91,33.9,1.9,2.7,0
32,2004,185,30500,14.8,33.3,1.7,2.5,0
32,2004,186,30900,13.7,35,1.6,2,0
32,2004,187,28100,17.7,37.5,1.8,2,0
32,2004,188,27300,17.9,37,1.8,2.8,0
32,2004,189,28500,15.5,31.1,1.6,3,0
32,2004,190,24700,11.6,29.1,1.5,2.6,0
32,2004,191,26700,13.6,27.5,1.4,3.2,0
32,2004,192,31200,12.1,30.3,1.5,2.1,0
32,2004,193,29200,12.9,33.1,1.3,1.6,0
32,2004,194,27600,12.9,34.4,1.3,2,0
32,2004,195,27800,14.6,32.2,1.4,2.5,0
32,2004,196,27800,12.4,33.1,1.4,2.2,0
32,2004,197,31700,13,33.2,1.3,2.1,0
32,2004,198,28700,14.3,33.5,1.5,2.1,0
32,2004,199,29300,17.1,33.6,1.5,2.5,0
32,2004,200,24400,18.1,34.7,1.5,1.9,0
32,2004,201,26700,19.3,34.8,1.6,3,0
32,2004,202,29800,18.7,35.6,1.6,2.1,0
32,2004,203,28500,15.3,36.6,1.6,1.7,0
32,2004,204,26100,15.6,37,1.7,2.2,0
32,2004,205,26600,15.4,34.7,1.7,2.8,0
32,2004,206,24200,16.2,33.1,1.8,2.3,0
32,2004,207,25800,13.1,35.5,1.6,1.8,0
32,2004,208,26900,14,36.3,1.5,1.6,0
32,2004,209,26000,15.3,35.5,1.6,2.3,0
32,2004,210,24000,13.5,32.8,1.6,2.7,0
32,2004,211,25800,13.8,31.3,1.6,2.2,0
32,2004,212,25500,14.7,33,1.6,2.4,0
32,2004,213,27000,12.1,30.3,1.6,2.6,0
32,2004,214,22100,11.8,30.2,1.6,2.4,0
32,2004,215,18200,13.6,28.2,1.5,2.7,0
32,2004,216,28200,12.1,31.5,1.5,1.8,0
32,2004,217,29700,15.6,32.4,1.5,2.6,0
32,2004,218,25400,15.8,29.7,1.4,2.9,0
32,2004,219,28000,14.5,31.4,1.3,2.1,0
32,2004,220,29800,14,35.7,1.5,1.5,0
32,2004,221,29600,14,36.5,1.5,1.5,0
32,2004,222,28200,14.5,36.3,1.4,1.9,0
32,2004,223,29300,12.3,37.6,1.4,1.4,0
32,2004,224,26900,13.4,40,1.4,1.4,0
32,2004,225,28000,15.7,37.8,1.5,2.2,0
32,2004,226,27000,15.7,35.4,1.5,2.3,0
32,2004,227,23500,15.4,30.9,1.5,3.1,0
32,2004,228,28000,11,30.4,1.5,1.9,0
32,2004,229,28400,13,32.9,1.5,1.9,0
32,2004,230,26400,14,35.4,1.6,1.4,0
32,2004,231,24400,15.8,36.2,1.7,1.7,0
32,2004,232,21900,15.9,34.4,1.6,2.4,0
32,2004,233,22800,13.2,34.7,1.5,2.1,0
32,2004,234,23000,16.6,34.2,1.6,2.9,0
32,2004,235,14700,15.4,27.9,1.6,3.5,0
32,2004,236,24200,16.2,28.4,1.7,2.2,0
32,2004,237,24300,16.8,30.5,1.7,3.1,0
32,2004,238,17800,15.3,30.3,1.5,2.6,0
32,2004,239,26800,11.32,31,1,4.8,0
32,2004,240,26700,16.5,35.1,1.1,3.3,0
32,2004,241,26800,12.5,38.2,1.2,1.4,0
32,2004,242,23000,13.6,37.6,1.3,1.5,0
32,2004,243,22000,11.3,35.3,1.3,1.8,0
32,2004,244,23700,12.5,34.7,1.3,2.3,0
32,2004,245,22200,16.5,33.4,1.5,2,0
32,2004,246,26000,10.7,32.4,0.9,3.6,0
32,2004,247,25700,17.7,30.2,0.8,5.6,0
32,2004,248,25600,14,34.3,1,2.7,0
32,2004,249,25200,12,34.5,1.3,1.3,0
32,2004,250,25300,13,36.2,1.4,1.2,0
32,2004,251,25000,12.9,37.3,1.3,1.3,0
32,2004,252,25100,13.5,37.4,1.3,1.2,0
32,2004,253,24400,12.3,36,1.3,1.8,0
32,2004,254,24400,11.2,33.3,1.4,1.4,0
32,2004,255,22200,11.2,35.1,1.2,1.5,0
32,2004,256,21500,17.8,31.8,1.5,3,0
32,2004,257,22900,10.2,29.9,1.3,1.5,0
32,2004,258,23600,17.2,31.9,0.8,4.8,0
32,2004,259,21900,17.5,34.9,1.1,2.8,0
32,2004,260,22500,13,33.5,1.3,1.4,0
32,2004,261,19700,12.2,32.4,1.1,2.5,0
32,2004,262,20300,11.1,24,0.9,2,0
32,2004,263,16100,9.5,20.4,1.1,2.8,0
32,2004,264,22000,5.3,23.6,0.9,2,0
32,2004,265,21900,9.8,29,0.7,3.2,0
32,2004,266,21400,6.2,29.3,0.8,1.3,0
32,2004,267,21300,7.8,31.8,1,1.2,0
32,2004,268,19900,8.2,33.2,1,1.2,0
32,2004,269,20400,8,33.3,1,1.5,0
32,2004,270,16600,8.8,33,1,1.2,0
32,2004,271,19500,8.2,31.9,1,1.7,0
32,2004,272,14700,8.8,25.9,1.3,2.3,0
32,2004,273,16100,0,25.8,1.3,2.6,0
32,2004,274,19000,8.4,26.6,1.3,1.5,0
32,2004,275,16300,8.4,26.9,1.3,1.5,0
32,2004,276,16800,10,30.3,1.3,1.1,0
32,2004,277,15800,10.9,31.9,1.3,1.3,0
32,2004,278,14700,12.4,29.7,1.4,1.9,0
32,2004,279,17200,9.2,30.1,1.4,1.3,0
32,2004,280,18100,10.2,31,1.3,1.4,0
32,2004,281,18300,10.5,29.5,1.4,1.3,0
32,2004,282,11600,11.1,30.1,1.3,2.7,0
32,2004,283,18700,11.8,24.6,0.9,4.1,0
32,2004,284,18600,16.2,27.4,0.6,6.5,0
32,2004,285,18000,15.4,29.8,0.6,5.6,0
32,2004,286,16500,12.5,33.3,0.6,3,0
32,2004,287,18100,13.5,35.1,0.8,3,0
32,2004,288,17200,9.3,27.6,1,1.1,0
32,2004,289,15500,0,30.8,1,2.1,0
32,2004,290,11100,11.7,24.3,1.2,2.9,0
32,2004,291,3000,7.4,21.8,1.3,3.5,2.9
32,2004,292,6400,9.2,16.8,1.1,2.2,0.5
32,2004,293,6400,10.8,14.6,1.3,4.5,25.9
32,2004,294,10300,5.8,14.9,1.1,1.5,8.7
32,2004,295,15200,3.1,19.4,1,1.1,0.2
32,2004,296,11400,8.3,19.4,1.2,1.3,0
32,2004,297,8100,11.1,16,1.4,3.1,2.6
32,2004,298,15200,7.4,19.5,1.1,1.9,0
32,2004,299,11000,5.1,18.1,1.1,2.4,6.1
32,2004,300,11600,7.4,16.6,1,2.9,9.4
32,2004,301,14100,6.2,16.3,0.9,1.4,0.8
32,2004,302,14100,3.8,15,1,1.2,0
32,2004,303,11900,6.5,18.3,1.1,1.2,0
32,2004,304,8200,4.6,18.5,1.1,0.9,0.1
32,2004,305,15000,7.8,18.4,0.8,3.4,0
32,2004,306,14500,7.6,21.5,0.7,3.1,0
32,2004,307,12100,3.9,20.1,1,1.4,0
32,2004,308,8000,9.2,13.9,1,3.4,5.4
32,2004,309,8100,2.9,12.3,1,2.1,2.9
32,2004,310,13700,1.7,22.6,1,1.2,0.1
32,2004,311,12300,2.6,24.2,1,1.9,0.1
32,2004,312,10600,3.1,17.9,1.1,1.3,0.1
32,2004,313,4700,5.8,14.6,1.2,1.3,0
32,2004,314,6300,11,16,1.2,0.8,0.6
32,2004,315,4200,10.7,13,1.3,1.2,9.3
32,2004,316,7300,7.7,14,1.3,1.3,5
32,2004,317,8200,4.2,19.1,1.2,1.4,0.4
32,2004,318,9700,8.8,20.6,1.2,2.7,3
32,2004,319,9200,5.6,17.5,1.2,0.9,0
32,2004,320,8100,6.4,16.2,1.2,0.7,0.2
32,2004,321,8500,6.8,17.4,1.2,1,0
32,2004,322,11800,4.5,20.7,1.1,1.3,0.1
32,2004,323,11300,8.1,9.8,1.1,1,0.3
32,2004,324,11300,3.5,16.2,0.8,3.9,0
32,2004,325,11900,4.1,18,0.5,4.8,0
32,2004,326,12100,2.6,16,0.5,4.8,0
32,2004,327,11400,1.5,15.7,0.6,1.7,0
32,2004,328,11500,-1,16.2,0.8,1,0
32,2004,329,10000,1.1,16,0.8,1.2,0
32,2004,330,3900,0.8,10.6,0.9,1.2,1.3
32,2004,331,5100,1.3,12,1,1,0.1
32,2004,332,11200,6,13.9,0.8,5.1,17.2
32,2004,333,11500,2.9,12.4,0.5,3.6,0
32,2004,334,10200,-3,11.6,0.5,1.9,0
32,2004,335,7600,-3,10.4,0.6,1.1,0
32,2004,336,10900,-2.8,14,0.6,1.9,0
32,2004,337,10900,0,14.6,0.6,4.1,0
32,2004,338,10900,0.1,15.6,0.6,2.3,0
32,2004,339,5100,-3.4,8.6,0.6,1.3,0
32,2004,340,9000,-3.2,13.1,0.6,0.9,0
32,2004,341,2200,0.9,11.6,0.8,4.3,9.4
32,2004,342,5300,8,11.4,1.1,5.4,7.4
32,2004,343,2000,9.7,13.1,1.2,6.5,7.9
32,2004,344,7200,6.9,17,1.3,2.4,0
32,2004,345,9000,4.2,11.4,1.1,1,0.5
32,2004,346,7500,6.8,16.1,1.2,1.3,0.3
32,2004,347,7300,6.8,11,1.2,1.6,0.1
32,2004,348,4900,9.2,14.5,1.2,1,0
32,2004,349,7900,3.5,16.4,1.2,1.1,0
32,2004,350,9800,1.3,14.4,0.9,1,0.2
32,2004,351,9500,2.2,10.6,0.9,1,0.4
32,2004,352,9100,0,14.5,0.9,1,0
32,2004,353,9600,0.7,11.8,0.8,0.9,0.2
32,2004,354,8600,0.5,7,0.8,1,0.3
32,2004,355,7100,3.1,5.5,0.9,1.3,0.2
32,2004,356,9900,1.7,17.6,0.6,4.1,0
32,2004,357,10000,7.2,15.9,0.7,5,0
32,2004,358,10000,7.2,15.2,0.6,4.8,0
32,2004,359,9900,-1.4,10.1,0.7,1.7,0
32,2004,360,7600,-1.9,3.2,0.7,1.9,0.2
32,2004,361,1900,2.6,10.2,0.9,3.7,1.6
32,2004,362,2200,7.4,12.8,1,2.1,19.3
32,2004,363,6000,7.8,10.4,1.1,2.6,18.6
32,2004,364,6400,6.6,13.1,1,3.2,7.7
32,2004,365,5200,7.2,13.3,0.9,3.9,14.7
32,2004,366,3400,2.5,10.6,0.9,2.6,5.1
