*---------------------------------------------------------*
* Weather file for rice yield gap assessment using Oryza(v3)
*      Project: Global Yield Gap Atlas (www.yieldgap.org)
*      Country: USA
*  Station_num: 30
* Station_name: Nicolaus
*         Year: 2007
*       Source: http://www.cimis.water.ca.gov
*       Author: M. Espe
*         Date: 11-17-2015
*    Longitude: -121.54
*     Latitude: 38.87
*    Elevation: 32
*
*  Columns:
*  1. station number
*  2. year
*  3. day
*  4. average insolation incident on a horizontal surface (kJ m-2 d-1)
*  5. minimum temperature (degrees Celsius)
*  6. maximum temperature (degrees Celsius)
*  7. vapour pressure (kPa)
*  8. mean wind speed (m s-1)
*  9. precipitation (mm d-1)
*---------------------------------------------------------*
-121.54,38.87,32,0,0
30,2007,1,9900,-3.6,18.3,0.7,2.4,0.1
30,2007,2,5800,-0.5,13.1,0.8,1.3,0
30,2007,3,6600,-0.6,16.1,1,3.7,0.1
30,2007,4,7600,6.8,15.9,0.9,4.6,0
30,2007,5,11100,1.5,12.3,0.4,5.7,0
30,2007,6,9000,-2.9,12.9,0.6,1.7,0
30,2007,7,10900,-1.3,13.3,0.7,1.4,0
30,2007,8,11400,-3.8,15.3,0.7,1.4,0.1
30,2007,9,10900,-2.3,16.4,0.7,1,0.1
30,2007,10,8700,-0.1,16.6,0.8,2.4,0.1
30,2007,11,11800,-3.6,10.7,0.4,2.8,0
30,2007,12,12000,-4.6,7.8,0.3,4.6,0
30,2007,13,10800,-7.9,9.7,0.3,2.1,0
30,2007,14,12100,-8.2,11.6,0.4,2,0
30,2007,15,12400,-8.2,11.3,0.4,1.4,0
30,2007,16,11100,-7.4,10.2,0.5,1.5,0
30,2007,17,12500,-3.6,16.3,0.5,3.3,0
30,2007,18,11300,-5.7,14,0.5,1.6,0
30,2007,19,9000,-5,13,0.6,1.6,0
30,2007,20,10200,-5.1,15.7,0.5,2.4,0.1
30,2007,21,11200,1.7,16.3,0.4,5.4,0
30,2007,22,12500,-4.5,14.9,0.5,1.6,0
30,2007,23,12500,-4.5,15.9,0.6,1.1,0
30,2007,24,12400,-4.7,16.6,0.6,1.1,0.1
30,2007,25,12600,-4.4,16.8,0.7,1.1,0.1
30,2007,26,12000,-3.6,16,0.7,1.3,0.1
30,2007,27,10100,-3.5,16.2,0.7,1.4,0
30,2007,28,11900,-2.5,15,0.8,1.3,0.1
30,2007,29,12700,0.4,20,0.7,2.3,0
30,2007,30,13100,-1.2,17.2,0.7,1.9,0
30,2007,31,13200,0.2,13.8,0.8,2,0.1
30,2007,32,8900,-0.8,11.1,0.8,1.8,0
30,2007,33,11700,1,13.8,0.8,1.4,0
30,2007,34,11600,-2.8,15.7,0.7,1.4,0.1
30,2007,35,11800,-1.6,18.8,0.8,1.1,0
30,2007,36,9700,0.6,18.9,0.8,1.4,0
30,2007,37,11200,6.2,19.4,1,2.4,0
30,2007,38,3100,10.7,14.7,1.2,3.2,5.4
30,2007,39,2400,7.9,13.5,1.2,2,11.7
30,2007,40,3100,11.9,13.4,1.3,3.3,10.9
30,2007,41,2400,12,15.8,1.4,4.7,15.3
30,2007,42,12300,6.2,18.1,1.1,3.2,0.2
30,2007,43,6800,4.7,15.9,1,2.4,2.7
30,2007,44,15600,4.3,15.7,1,2.1,0.1
30,2007,45,13200,0.4,16.8,0.8,1.3,0.1
30,2007,46,12000,3.9,19.4,1,1.7,0
30,2007,47,15900,3.1,24.4,1,2.9,0.1
30,2007,48,15600,5.7,21.7,1.2,2.6,0
30,2007,49,15400,2.9,19,0.9,2.4,0
30,2007,50,17100,4.1,18.6,0.6,5.5,0
30,2007,51,11500,5.2,16.1,0.9,4.2,0
30,2007,52,5700,7.3,16.7,1,3.2,0
30,2007,53,9900,5.4,13.5,0.9,4,13.4
30,2007,54,16300,0.5,13.3,0.6,1.9,0
30,2007,55,4500,2.9,12.5,0.9,4.1,7.4
30,2007,56,12500,7.3,14.5,1,5.1,3.5
30,2007,57,9100,5.2,11.5,1,4,7.1
30,2007,58,8100,1.4,10.7,0.7,3.6,7.8
30,2007,59,14100,-1.3,11.6,0.7,1.9,0.2
30,2007,60,13500,-0.2,13.8,0.7,2,0
30,2007,61,17400,-1.2,18.6,0.8,2.7,0
30,2007,62,19000,0.1,19,0.9,1.5,0
30,2007,63,13400,3.3,20.8,1,1.3,0
30,2007,64,15900,4.9,22.3,1,1.5,0
30,2007,65,17600,2.7,23.2,1,1.5,0
30,2007,66,11600,7.8,21,1.1,3,0
30,2007,67,17300,3.1,19,1,1.8,0.1
30,2007,68,8700,6.5,17.3,1,2.3,0
30,2007,69,18400,1.4,22.9,1,1.6,0
30,2007,70,19800,3.5,25,1.2,1.4,0
30,2007,71,19400,0,28.2,1.3,1.2,0
30,2007,72,20400,6.8,27.5,1.3,1.5,0
30,2007,73,20400,8.6,25.8,1.2,1.6,0
30,2007,74,21000,5.6,27.1,1.1,1.6,0
30,2007,75,21500,6.3,29.2,1.2,1.3,0
30,2007,76,21700,6.7,28.2,1.3,1.6,0
30,2007,77,21700,7.9,24.7,1.3,2.1,0
30,2007,78,18500,7.4,23.9,1.2,2.7,0
30,2007,79,13400,8.9,17.7,1.2,2.4,4
30,2007,80,22100,6.1,20.3,0.8,4.4,0
30,2007,81,20600,0.4,22.9,0.9,1.7,0
30,2007,82,23000,3.4,27,1.1,1.5,0
30,2007,83,21000,7.1,24.5,1.3,3.1,0
30,2007,84,15600,9.7,21.8,1.2,3,0
30,2007,85,7400,4.5,16.9,1.1,3.7,6.2
30,2007,86,21000,0.5,17,0.7,2.4,0
30,2007,87,25100,4,19.7,0.6,4.9,0
30,2007,88,24400,-0.4,25.4,0.7,2,0
30,2007,89,23400,1.9,25.1,1,1.4,0
30,2007,90,22800,4.1,26.4,1.1,1.8,0
30,2007,91,18000,6.9,23.7,1.1,2.6,0
30,2007,92,22300,4.8,23.5,0.9,2,0
30,2007,93,23400,1.6,26.4,0.9,1.5,0
30,2007,94,19100,7.5,26.3,1,1.6,0
30,2007,95,18700,7.6,27.8,1.2,1.5,0
30,2007,96,24900,7.9,26.9,1.3,2.9,0
30,2007,97,19800,10.8,22.8,1.3,4,0
30,2007,98,22000,6.3,23.9,1,2.7,0
30,2007,99,24200,9.7,22,0.9,2.4,0
30,2007,100,23700,4.1,22.2,0.7,2.3,0
30,2007,101,15200,8.7,17.1,1.1,3,8
30,2007,102,27300,4.3,18.6,0.7,3.4,0
30,2007,103,24900,1.3,23.1,0.8,2,0
30,2007,104,7700,8.6,13.4,1.1,2.6,9.4
30,2007,105,26300,6.7,21.8,0.8,5.4,0
30,2007,106,27500,5.5,27.3,0.8,3.1,0
30,2007,107,21600,3.2,20,0.8,3.9,0
30,2007,108,25100,0.9,17.4,0.6,1.8,0
30,2007,109,14700,2.5,16.8,0.8,2.6,0
30,2007,110,26900,6,21.4,0.8,1.9,0
30,2007,111,6900,7.7,16.7,1,3.2,10.4
30,2007,112,20800,6.7,18.8,1.1,2.3,8.2
30,2007,113,28800,3.9,24.3,1,2.1,0
30,2007,114,29100,7,27.9,1.1,1.5,0
30,2007,115,21600,9.1,23.3,1.3,2,0
30,2007,116,28900,6.6,28.8,1.1,2.2,0
30,2007,117,27500,8.1,31.9,1.4,1.3,0
30,2007,118,25600,10.5,33.2,1.4,1.4,0
30,2007,119,26900,11,27.8,1.1,2.7,0
30,2007,120,28800,7.3,30.8,1.2,1.5,0
30,2007,121,15000,8.7,23.8,1,2.5,1.3
30,2007,122,19200,8.1,21,1.1,3,4.3
30,2007,123,20400,4.6,18,0.8,2.2,4.3
30,2007,124,23300,7.7,19.3,1,2,2.7
30,2007,125,28900,5.8,22.6,0.9,3.4,0
30,2007,126,30000,9.3,29.2,1.1,3.2,0
30,2007,127,30900,13.6,32.2,1.4,1.5,0
30,2007,128,30500,15.7,32.7,1.3,2,0
30,2007,129,30500,13.5,30.5,1.2,2.5,0
30,2007,130,30700,0,28.3,1.1,1.9,0
30,2007,131,27400,7.9,27.7,1.2,2.3,0
30,2007,132,29400,8.3,24,1,3.2,0
30,2007,133,30900,6.3,28.5,1.1,1.6,0
30,2007,134,31500,9.9,34.3,1.2,1.3,0
30,2007,135,29400,11.6,26.9,1.3,2.8,0
30,2007,136,30800,9.5,28.4,1.3,2.4,0
30,2007,137,30600,10,27.7,1.2,2.7,0
30,2007,138,29200,9.9,27.2,1.2,2.3,0
30,2007,139,27600,11,29,1.3,1.8,0
30,2007,140,28500,12.5,30.1,1.3,1.7,0
30,2007,141,32400,11.5,27.7,0.9,3.3,0
30,2007,142,32400,14.6,27.1,0.8,4.3,0
30,2007,143,31700,15.1,29.6,0.9,2.7,0
30,2007,144,31200,12.7,31.5,1,2.1,0
30,2007,145,28200,12.3,32.4,1.2,2.2,0
30,2007,146,30800,11.9,31.9,1.3,2.9,0
30,2007,147,31000,11.1,27.5,1.3,3.9,0
30,2007,148,31900,9.3,34,1.3,2.2,0
30,2007,149,32400,12.1,30,1.3,3.4,0
30,2007,150,31800,10.8,28.2,1.3,4,0
30,2007,151,30300,10.5,27.8,1.3,3.6,0
30,2007,152,31600,10.7,27.6,1.3,3.3,0
30,2007,153,31300,10.3,29.2,1.4,3.3,0
30,2007,154,28800,10.9,30.8,1.4,2.8,0
30,2007,155,20100,14.4,29.2,1.4,4.2,0
30,2007,156,18900,10.8,25.3,1.3,3.8,0
30,2007,157,30900,6.3,22.4,0.9,2.2,0
30,2007,158,31700,7.2,27.5,1,2.4,0
30,2007,159,32800,9.8,29.2,1,1.9,0
30,2007,160,26300,10.5,32.5,1.2,1.4,0
30,2007,161,29100,14.7,32,1.5,3,0
30,2007,162,32900,12.2,32.3,1.3,1.8,0
30,2007,163,33000,11.5,34.6,1.3,1.5,0
30,2007,164,32200,14.4,36.2,1.7,1.8,0
30,2007,165,32800,18.4,38.7,1.7,2.1,0
30,2007,166,32200,19,36.4,1.7,2.2,0
30,2007,167,32600,14.4,27.3,1.5,4.3,0
30,2007,168,31600,12.8,32.5,1.4,1.5,0
30,2007,169,32800,14.8,38.3,1.4,1.6,0
30,2007,170,32700,15.3,31.5,1.4,3.4,0
30,2007,171,32400,12.4,28.4,1.3,3.2,0
30,2007,172,33100,11.2,32.3,1.4,2,0
30,2007,173,29800,13.1,32.6,1.4,2.4,0
30,2007,174,33000,13.1,30.9,1.3,2.7,0
30,2007,175,33000,10.9,30.3,1.2,2,0
30,2007,176,33100,10.9,38,1.3,1.9,0
30,2007,177,32000,14.5,32.6,1.3,2.8,0
30,2007,178,32100,12.5,30.8,1.4,3.1,0
30,2007,179,31400,14.1,30.3,1.5,3.3,0
30,2007,180,30600,14.5,28.4,1.5,3.2,0
30,2007,181,32600,12.3,29.8,1.3,2.5,0
30,2007,182,29100,12.2,30.3,1.2,2.7,0
30,2007,183,29300,12.5,38.3,1.3,1.8,0
30,2007,184,29100,14.7,36.7,1.7,1.5,0
30,2007,185,29200,16.2,39.8,1.8,1.2,0
30,2007,186,28200,18.7,44.9,2,1.2,0
30,2007,187,28300,17.7,35.8,1.8,2.5,0
30,2007,188,28500,13.7,30.8,1.6,2.9,0
30,2007,189,28300,13.1,32.9,1.7,2.2,0
30,2007,190,28500,16,33.7,1.6,2.5,0
30,2007,191,21000,14.7,29.4,1.6,2.4,0
30,2007,192,27600,15.5,27.9,1.5,3.5,0.1
30,2007,193,28500,13.5,29.2,1.5,2.6,0
30,2007,194,29000,13.5,32.6,1.5,1.8,0
30,2007,195,28600,13.5,33.4,1.6,1.9,0
30,2007,196,28200,14.1,34.3,1.6,2.1,0
30,2007,197,28700,15.8,30.4,1.5,3.6,0
30,2007,198,27200,14.4,29.6,1.5,3,0
30,2007,199,21200,15.4,26.8,1.7,2.9,0.6
30,2007,200,28400,13,33.9,1.5,1.7,0
30,2007,201,27800,13.7,30.5,1.5,2.6,0
30,2007,202,27600,16.2,32.2,1.7,2.4,0
30,2007,203,27800,15.8,36.7,1.8,1.6,0
30,2007,204,26700,16.6,35.2,2,1.9,0
30,2007,205,21900,16.85,32.6,1.8,2.7,0
30,2007,206,28200,13.7,30.9,1.6,2.6,0
30,2007,207,28000,12.1,31.9,1.6,1.9,0
30,2007,208,28200,12.1,33.6,1.5,1.6,0
30,2007,209,28300,12.2,33.9,1.6,1.7,0
30,2007,210,28300,12.9,32.1,1.6,1.8,0
30,2007,211,28300,13.1,36.6,1.6,1.5,0
30,2007,212,27200,14.6,36.8,1.5,2,0
30,2007,213,27300,14,36.7,1.5,1.9,0
30,2007,214,26200,14.4,34.3,1.5,2.7,0
30,2007,215,27400,14.4,36.8,1.6,2.1,0
30,2007,216,27300,13.5,38.6,1.3,2.3,0
30,2007,217,26600,13.9,25.1,1.4,5.3,0
30,2007,218,21600,12.1,23.1,1.4,3.4,0
30,2007,219,27100,10.9,28.3,1.4,2.2,0
30,2007,220,26600,11.7,30.6,1.4,2.5,0
30,2007,221,26700,11.9,31.3,1.5,2.4,0
30,2007,222,26500,13.4,33.3,1.4,2,0
30,2007,223,26500,12.7,31.3,1.3,3.5,0
30,2007,224,27000,11.7,31.1,1.3,2.6,0
30,2007,225,26900,10.5,33.5,1.2,1.9,0
30,2007,226,26600,10.3,34.1,1.2,1.7,0
30,2007,227,26000,13.94,30.7,1.4,2.9,0
30,2007,228,26000,13.1,32.7,1.4,2.7,0
30,2007,229,26000,11.5,32.2,1.3,1.8,0
30,2007,230,26200,13.1,31.3,1.3,3.3,0
30,2007,231,24600,13.8,30.8,1.5,3,0
30,2007,232,24300,15.6,33.4,1.8,1.8,0
30,2007,233,24400,15.6,35.4,1.8,1.5,0
30,2007,234,24200,16.3,37.7,1.9,1.4,0
30,2007,235,24300,16.2,39.1,1.8,1.7,0
30,2007,236,24100,15.6,33.5,1.7,2.4,0
30,2007,237,23900,14.6,32.7,1.6,2.9,0
30,2007,238,24000,13.4,31.6,1.5,2.7,0
30,2007,239,23700,12.1,33.3,1.4,1.5,0
30,2007,240,23500,13.9,38.6,1.7,1.2,0
30,2007,241,23000,18,38.9,1.9,1.4,0
30,2007,242,22900,19.2,36.9,1.8,2.2,0
30,2007,243,5200,19.4,36.4,1.9,2.3,0
30,2007,244,23300,16.5,36.2,1.5,1.9,0
30,2007,245,23800,12.9,37.3,1.5,1.4,0
30,2007,246,23400,14.7,34.4,1.5,2.2,0
30,2007,247,23000,14.7,31.3,1.6,2.5,0
30,2007,248,22300,12.1,30.9,1.5,1.8,0
30,2007,249,22700,12.9,36.4,1.5,1.6,0
30,2007,250,22500,14.1,28.6,1.6,2.7,0
30,2007,251,22200,10.9,34.8,1.6,1.5,0
30,2007,252,22100,12,30,1.6,2.3,0
30,2007,253,21700,12.4,29.7,1.6,2,0
30,2007,254,21500,11.9,32.9,1.6,1.9,0
30,2007,255,21800,13.1,27.3,1.5,3.5,0
30,2007,256,21100,12.3,24.8,1.3,2.3,0
30,2007,257,21200,11.3,26.9,1.3,1.6,0
30,2007,258,21700,11.3,25.6,1.3,2.8,0
30,2007,259,21000,9.6,29,1.4,1.6,0
30,2007,260,20800,13.1,31,1.4,1.7,0
30,2007,261,20600,13.1,27.2,1.3,3.2,0
30,2007,262,17600,9,22,1.1,3.7,5.9
30,2007,263,14300,8.1,20.8,1.3,1.6,1.2
30,2007,264,16500,6.9,24.3,1.2,1.5,0
30,2007,265,5600,12.2,17.1,1.3,1.9,0.2
30,2007,266,13100,9.8,22.9,1.4,1.5,0.1
30,2007,267,19800,6.3,25.8,1.1,1.3,0.1
30,2007,268,20200,6.5,28.4,1.1,1.3,0
30,2007,269,19700,7.9,32.3,1,1.1,0
30,2007,270,19100,8,32.1,1.1,1.6,0
30,2007,271,16000,6.7,20.5,1.2,4.3,0
30,2007,272,19400,2.5,22.3,0.8,1.8,0
30,2007,273,19000,2.6,25.2,0.8,2,0
30,2007,274,16000,7.4,22.3,1.3,2,1
30,2007,275,18500,4.3,28.5,1,1.3,0
30,2007,276,18100,8.7,26.7,1.1,2.2,0
30,2007,277,17200,6.3,22.2,1,1.9,0
30,2007,278,13700,3.1,19,0.9,1.7,0
30,2007,279,18300,2,22.4,0.7,2.1,0
30,2007,280,17700,2.2,24.5,0.8,1.5,0
30,2007,281,17900,4.9,27.7,0.9,1.2,0
30,2007,282,15800,7.3,22.1,1.1,2.9,1.1
30,2007,283,14700,7.7,20.8,1.3,2.1,20.4
30,2007,284,11700,4.4,21.1,1.1,1.3,0.1
30,2007,285,6300,9.3,14.7,1.3,1.4,8.3
30,2007,286,16500,5.3,24.5,1.2,1.1,0.1
30,2007,287,16200,7.9,24.1,1.3,1.1,0
30,2007,288,11000,9.9,19.8,1.3,2.6,0.1
30,2007,289,6300,8.9,15.3,1.3,2.7,4.8
30,2007,290,14300,7.7,21.3,1.1,1.8,0.1
30,2007,291,10700,9.5,21.3,1.2,2.2,0
30,2007,292,9900,11.1,22.8,1.6,3.6,0.7
30,2007,293,14900,6.3,19,0.9,2.3,0
30,2007,294,15500,6.5,23.1,0.7,3.7,0
30,2007,295,15400,3.3,25.9,0.9,1.1,0
30,2007,296,15200,6.1,28.1,1,1.3,0
30,2007,297,15000,6.3,29.7,1.1,1,0
30,2007,298,14300,5.8,28.1,1.1,1,0
30,2007,299,13200,5.3,23.2,1,1.5,0
30,2007,300,12900,6,28.3,1,1.4,0
30,2007,301,13500,9.9,27.2,1.2,1.9,0
30,2007,302,11700,8.9,26,1.3,2.4,0
30,2007,303,11900,8.8,19.5,1.2,1.8,0
30,2007,304,13000,6.3,22.3,1.2,1.2,0.1
30,2007,305,13000,4.9,24.7,1.1,1.3,0.1
30,2007,306,13400,3.5,24.4,1,1.4,0
30,2007,307,13800,2.5,26.4,0.9,1.1,0
30,2007,308,12700,3,25.5,0.9,1.3,0
30,2007,309,13000,2,26.4,0.8,1,0
30,2007,310,12300,2.5,26.4,0.9,1,0
30,2007,311,12400,2.8,27.5,0.9,1,0
30,2007,312,11950,6.4,20.6,1.1,2.5,0
30,2007,313,11500,5.4,19.8,1.1,1.7,0
30,2007,314,5200,4,16.1,1.2,2.1,0.8
30,2007,315,11000,5.1,19.1,1.1,2.4,2
30,2007,316,9500,4.2,17.7,1.1,1.8,0.7
30,2007,317,11200,7.4,20.4,1.2,1.4,0.5
30,2007,318,11300,6,23.3,1.2,1.2,0.3
30,2007,319,10900,6.1,23.3,1.3,1.4,0.1
30,2007,320,8900,7,19.8,1.3,1.9,0
30,2007,321,9400,6.8,17.1,1.2,1.1,0.4
30,2007,322,9300,6.7,18.7,1.3,1.7,0.2
30,2007,323,6600,8.6,20.3,1.3,2.7,0.2
30,2007,324,11000,4.9,17,0.7,2.9,0
30,2007,325,11200,-1.6,18.2,0.7,1.2,0
30,2007,326,11100,-1.3,18.4,0.6,2,0
30,2007,327,11400,1,20.1,0.5,3.5,0
30,2007,328,9000,-3.4,17.5,0.6,1.1,0
30,2007,329,5700,2,13.8,0.8,1.1,0
30,2007,330,7600,-2.5,15.3,0.7,1.3,0.1
30,2007,331,10000,4.6,18.4,0.8,3.3,0
30,2007,332,10200,2.8,18.4,0.6,2,0
30,2007,333,9800,-1.3,16.5,0.7,1.3,0
30,2007,334,10100,-1,13.4,0.6,1.5,0
30,2007,335,9800,-2,12.6,0.6,3,0
30,2007,336,7200,1.7,15.4,0.6,3.4,0
30,2007,337,8500,7.6,18.8,0.7,2.7,1.1
30,2007,338,4900,0,13.1,1.2,1.4,0
30,2007,339,8200,5.3,15.1,1.1,1.1,0.2
30,2007,340,2600,6.9,11.4,1.2,2.2,26.9
30,2007,341,8700,6.8,15.3,1,3.2,14
30,2007,342,8900,-0.4,12.9,0.6,3.7,0
30,2007,343,9400,-1,14.3,0.6,2.8,0
30,2007,344,9600,-1.4,13.7,0.7,2,0
30,2007,345,9500,0.1,15.1,0.5,4.1,0
30,2007,346,6400,-1,11.9,0.6,1.4,0
30,2007,347,9200,-3.4,12.3,0.6,1.3,0
30,2007,348,8700,-3.6,12.4,0.7,1,0.1
30,2007,349,8400,-2.3,11.8,0.7,1.2,0
30,2007,350,6400,-2.9,11.9,0.8,2.1,1.1
30,2007,351,3300,7,10.6,1,3.3,5.7
30,2007,352,2400,5.9,11.9,1.1,4.9,10.9
30,2007,353,4500,4.7,12,1,3,4.9
30,2007,354,9200,3,13.5,0.8,1.7,2.5
30,2007,355,8600,-1.5,11.1,0.6,3,0
30,2007,356,5700,-4.1,8.9,0.6,1.3,0.1
30,2007,357,8600,-1.5,14.5,0.7,1.2,0
30,2007,358,9400,2.7,14.5,0.7,3.9,0
30,2007,359,9300,-0.7,10.9,0.6,3.2,0
30,2007,360,9100,-2.1,11.5,0.5,3.6,0.1
30,2007,361,5750,-3.3,8.2,0.5,2.7,0.9
30,2007,362,2400,3.2,5.3,0.7,1.4,2.4
30,2007,363,3300,3.9,6.9,0.9,0.5,2.8
30,2007,364,6300,3.1,10.9,0.8,1.9,0
30,2007,365,9200,-0.6,10.9,0.6,2,0
