*---------------------------------------------------------*
* Weather file for rice yield gap assessment using Oryza(v3)
*      Project: Global Yield Gap Atlas (www.yieldgap.org)
*      Country: USA
*  Station_num: 166
* Station_name: Lodi West
*         Year: 2004
*       Source: http://www.cimis.water.ca.gov
*       Author: M. Espe
*         Date: 11-16-2015
*    Longitude: -121.39
*     Latitude: 38.13
*    Elevation: 25
*
*  Columns:
*  1. station number
*  2. year
*  3. day
*  4. average insolation incident on a horizontal surface (kJ m-2 d-1)
*  5. minimum temperature (degrees Celsius)
*  6. maximum temperature (degrees Celsius)
*  7. vapour pressure (kPa)
*  8. mean wind speed (m s-1)
*  9. precipitation (mm d-1)
*---------------------------------------------------------*
-121.39,38.13,25,0,0
166,2004,1,2700,5.7,9.9,1.1,2.4,34.1
166,2004,2,5400,2.9,9.4,0.9,1.2,1.4
166,2004,3,10900,-1.8,10.1,0.6,0.9,0.1
166,2004,4,9800,-3.8,10.2,0.6,0.7,0.2
166,2004,5,10500,-2.6,11.3,0.7,0.7,0.1
166,2004,6,4300,2.3,9.4,0.8,0.8,3.7
166,2004,7,4600,7.1,14.9,1,1.2,2.7
166,2004,8,4800,5.7,17.9,1.1,1,0.2
166,2004,9,2600,8.2,13.7,1.2,1,0.2
166,2004,10,6900,7.7,17.4,1.2,1,0
166,2004,11,8900,6.8,11.1,1.1,0.9,0.3
166,2004,12,5000,7.9,9.9,1.1,0.8,0
166,2004,13,8600,7.7,10.7,1,0.4,0
166,2004,14,4000,6.5,8.7,1,0.4,0.3
166,2004,15,8800,7.7,11.4,1.1,0.4,0.1
166,2004,16,4800,8,10.8,1,0.4,0
166,2004,17,7000,6.3,10,0.9,0.4,0
166,2004,18,8200,1.9,11.2,0.9,0.4,0
166,2004,19,7700,2.1,9.4,0.9,0.8,0
166,2004,20,11900,1.8,12.3,1,0.5,0.1
166,2004,21,12700,-1.3,15.4,0.8,0.7,0.2
166,2004,22,12500,-1.3,14,0.8,0.7,0.1
166,2004,23,9200,0.5,7.8,0.8,0.7,1
166,2004,24,7400,6.3,12.7,1,0.7,2.7
166,2004,25,11100,1.9,14.4,0.8,1.2,0
166,2004,26,5000,1.4,11.8,0.8,0.9,0
166,2004,27,3800,8.7,13.2,1.1,1.9,4.5
166,2004,28,8400,4.4,14.2,1,1.1,0
166,2004,29,8300,1.5,13.7,0.9,0.6,0.1
166,2004,30,8200,5.2,15.5,1,1.2,0.4
166,2004,31,13900,3.9,14.8,0.7,1.6,0
166,2004,32,3700,2.3,12.4,0.8,1.3,0
166,2004,33,4600,7.4,12.4,1,1.9,17
166,2004,34,7600,6.3,11.8,1.1,1.5,2.8
166,2004,35,13200,3.6,14.6,1,1.2,0.1
166,2004,36,11300,-0.1,15.5,0.8,0.8,0.1
166,2004,37,7100,3.3,16.4,1,1.2,2
166,2004,38,13600,1.5,15,0.8,1.3,0.2
166,2004,39,15200,-0.6,14.7,0.8,0.8,0.1
166,2004,40,15500,-1.4,18.2,0.7,1.2,0.1
166,2004,41,15900,-0.9,16.6,0.7,0.7,0
166,2004,42,15800,-1.5,17.6,0.8,0.6,0.1
166,2004,43,15600,-1.5,19.1,0.8,0.6,0.1
166,2004,44,2800,1.7,16.3,0.8,1,0.2
166,2004,45,9000,0.9,18.6,1,0.7,0
166,2004,46,5300,5.4,18.3,1.1,0.8,0.8
166,2004,47,1600,10.5,15.4,1.2,2.8,16.3
166,2004,48,1800,11.6,20.7,1.2,1.9,11.2
166,2004,49,15700,8.2,17.5,1.2,1.8,13.7
166,2004,50,12300,0,14.8,1,0.7,0
166,2004,51,7100,7.8,14.3,1.1,0.7,0
166,2004,52,5200,8.9,13.9,1.1,0.9,1.1
166,2004,53,7200,8.9,14.3,1.2,0.9,3.7
166,2004,54,14000,6,16.5,1.1,0.8,0
166,2004,55,13300,9.6,17.3,1.2,1.3,0.7
166,2004,56,5900,9.1,14.2,1.1,3.1,0.2
166,2004,57,10700,6.5,12.6,1,1.7,0.2
166,2004,58,15200,5.2,14,0.9,1,0
166,2004,59,15700,2.7,16.5,0.9,1.1,0.1
166,2004,60,13800,4.1,16.1,1,0.8,0
166,2004,61,8600,6.4,14,1.1,1.5,0.1
166,2004,62,18700,4.5,19.2,0.9,2.1,13.9
166,2004,63,11500,1.5,16.3,0.8,0.8,0
166,2004,64,18400,3.9,19.9,0.9,1.6,0
166,2004,65,12700,4,19.2,1.1,0.9,0
166,2004,66,17100,6.8,19.9,1.2,1,0
166,2004,67,19800,4.6,22.9,1.3,0.6,0.1
166,2004,68,19300,6.6,26.1,1.4,0.6,0.2
166,2004,69,20100,7.3,26.2,1.4,1,0.1
166,2004,70,21200,10.7,26.6,1.2,2.3,0
166,2004,71,20800,6.3,25.2,1.3,0.8,4.6
166,2004,72,21200,7.6,25.5,1.2,0.9,0.5
166,2004,73,20800,6.4,26.5,1.2,0.7,1.3
166,2004,74,20100,7.9,26.5,1.4,0.7,0.6
166,2004,75,21300,10,27.9,1.2,1.2,1
166,2004,76,22000,8.5,28.2,1.1,1,0.1
166,2004,77,22200,7.4,28.5,1.3,0.6,0.5
166,2004,78,21400,8.1,28.9,1.4,0.8,0
166,2004,79,21600,6.2,26.4,1,0.8,0
166,2004,80,21700,4.8,28.3,1.1,0.8,0
166,2004,81,18600,8.1,25.5,1.4,1.2,0
166,2004,82,19000,8,23.6,1.3,1,0
166,2004,83,22200,6.6,21.1,1.2,1.1,0
166,2004,84,20700,8.8,21.6,1.2,1.4,0
166,2004,85,5600,7.8,16.2,1.2,1,0
166,2004,86,13800,4.1,16.1,1,1.2,0
166,2004,87,20700,9.1,20.1,1.2,1.1,0
166,2004,88,23900,4.7,23.9,1.2,0.7,0
166,2004,89,20200,8.1,28.1,1.3,1.1,0
166,2004,90,14500,9.4,16.7,1.2,1.5,0
166,2004,91,24400,6.1,20.2,1,1.2,0
166,2004,92,24600,5.8,21.1,0.7,2.6,0
166,2004,93,24600,9.2,23.1,0.7,2,0
166,2004,94,23300,6.2,25.7,0.9,1.2,0
166,2004,95,17900,5.2,20,1.1,1.2,0
166,2004,96,17400,3.4,18.9,1,1.2,0
166,2004,97,23800,3.4,19.7,1,1.1,0
166,2004,98,24600,4.9,24.5,1.1,1,0
166,2004,99,22700,6.7,26.9,1.2,1.1,0
166,2004,100,24000,7.6,28.5,1.2,0.9,0
166,2004,101,24300,7.4,30.9,1,1.2,0
166,2004,102,20200,4.8,25.9,1.1,1.1,0
166,2004,103,24200,8.7,24.4,1.2,1.3,0
166,2004,104,22000,4.9,19.5,1,1.6,0
166,2004,105,16000,5.8,19.9,1,1.2,0
166,2004,106,20500,8.1,17.6,0.8,1.2,0
166,2004,107,21700,5.2,18.9,0.9,1.2,0
166,2004,108,21600,7,18.8,0.9,1.4,0
166,2004,109,11200,4.6,16.4,1,0.9,0
166,2004,110,10400,9.4,19.5,1.1,1.1,0
166,2004,111,17200,12.2,19.9,1.3,1.3,0
166,2004,112,23100,9.4,20.9,1.1,1.5,0
166,2004,113,29700,7,24.4,0.8,2,0
166,2004,114,29100,5.6,27.8,0.9,0.9,0
166,2004,115,29000,6.8,29.8,1.1,0.9,0
166,2004,116,29100,9.6,32.6,1.3,0.7,0
166,2004,117,28700,12.2,33.1,1.4,0.8,0
166,2004,118,29600,11.7,33.2,1.2,1,0
166,2004,119,29800,11.1,27.4,0.9,1.8,0
166,2004,120,29400,11,26,0.7,1.8,0
166,2004,121,28200,6.8,27.7,1.1,1,0
166,2004,122,27900,8.4,30,1.3,0.8,0
166,2004,123,30000,9.5,32.7,1.4,0.8,0
166,2004,124,29700,9.9,33.8,1.5,0.7,0
166,2004,125,30300,9.4,29,1.2,1.3,0
166,2004,126,29700,7.4,24.6,1.1,1.2,0
166,2004,127,24200,8.5,26.6,1.1,1,0
166,2004,128,19100,8.9,24.3,1.3,1.1,0
166,2004,129,27300,11.2,23.3,1.2,1.2,0
166,2004,130,30300,6.9,25.7,1.1,1.3,0
166,2004,131,29400,10.9,22.1,1,1.6,0
166,2004,132,29600,7.4,22.2,1,1.2,0
166,2004,133,31600,9.4,26.4,1,1.2,0
166,2004,134,31600,6.2,28.5,1.1,0.8,0
166,2004,135,31200,6.4,28.4,1.2,1,0
166,2004,136,29800,8.8,26.4,1.2,1.1,0
166,2004,137,29200,10.1,26.4,1.2,1.3,0
166,2004,138,28700,7.7,22,1.1,1.6,0
166,2004,139,26000,9,23.4,1.1,1.1,0
166,2004,140,28100,6.7,26,1.2,1.1,0
166,2004,141,26300,6.4,23.4,1.2,1.3,0
166,2004,142,22600,8.2,22.3,1.2,1.3,0
166,2004,143,25300,6.2,21.8,1.2,1.2,0
166,2004,144,30100,7.2,23.7,1.2,1.1,0
166,2004,145,27400,7.5,25.4,1.2,1,0
166,2004,146,26100,10.1,25.4,1.3,1.4,0
166,2004,147,25700,12.9,27.8,1.5,1.5,0
166,2004,148,21200,10.9,26.7,1.4,1.4,0
166,2004,149,24900,10.1,23,1.4,1.4,0
166,2004,150,32800,7.7,27.1,1.1,1.2,0
166,2004,151,32700,8.9,30.5,1.3,0.9,0
166,2004,152,28600,9.8,32.2,1.4,0.8,0
166,2004,153,32200,14,32.6,1.4,1,0
166,2004,154,32700,11.9,31.8,1.4,1.1,0
166,2004,155,29700,7.6,28.2,1.3,1.1,0
166,2004,156,29200,10.6,29.7,1.3,1.2,0
166,2004,157,29900,10.5,29.6,1.4,1.3,0
166,2004,158,32600,15.5,29.3,1.3,1.9,0
166,2004,159,32400,12.9,24.9,1.2,1.9,0
166,2004,160,27300,10.9,23.3,1.1,1.5,0
166,2004,161,29500,8.3,25.7,1.3,1.1,0
166,2004,162,29800,7.8,26.2,1.3,0.9,0
166,2004,163,31400,7.7,27.8,1.2,1,0
166,2004,164,30800,9,29.7,1.4,1.2,0
166,2004,165,32600,14.2,30.4,1.4,1.4,0
166,2004,166,30100,14.5,32.8,1.5,1.2,0
166,2004,167,32300,15.7,34,1.5,1.1,0
166,2004,168,30400,13.5,32.6,1.5,1.4,0
166,2004,169,20400,13.2,24.4,1.5,1.7,0
166,2004,170,25100,13.8,26.3,1.5,1.6,0
166,2004,171,24600,13.3,26.3,1.5,1.5,0
166,2004,172,28600,12.3,28.6,1.5,1.3,0
166,2004,173,31100,9.5,30.2,1.5,1,0
166,2004,174,31800,10.4,27,1.5,1,0
166,2004,175,29700,9.2,27.8,1.4,1.3,0
166,2004,176,32400,11,28.9,1.3,1.2,0
166,2004,177,32800,11.4,30.4,1.4,1.5,0
166,2004,178,32800,14.1,30.3,1.5,1.4,0
166,2004,179,32300,10.7,33,1.5,1,0
166,2004,180,26500,12.2,29.2,1.6,1.4,0
166,2004,181,23500,14.9,24.5,1.5,2.1,0
166,2004,182,22000,13.8,24.8,1.5,1.5,0
166,2004,183,28000,11.3,28.8,1.6,1.1,0
166,2004,184,30700,12.1,31.7,1.7,1,0
166,2004,185,28700,11.4,31.5,1.6,0.9,0
166,2004,186,29100,11.5,32.4,1.7,1.1,0
166,2004,187,28900,12.1,33.3,1.7,1.2,0
166,2004,188,27200,14.5,31,1.6,1.4,0
166,2004,189,24300,13.6,25.6,1.6,1.5,0
166,2004,190,24000,11.04,25.8,1.6,1.6,0
166,2004,191,19700,13.2,24.1,1.5,1.5,0
166,2004,192,29200,9.4,28.5,1.5,1,0
166,2004,193,29800,10.1,32.8,1.5,0.9,0
166,2004,194,30200,11,31.7,1.4,1.1,0
166,2004,195,28800,11,29.8,1.4,1.1,0
166,2004,196,30100,9.9,30,1.4,1.3,0
166,2004,197,31800,8.3,32.4,1.4,1.2,0
166,2004,198,28100,12.6,31.9,1.5,1.2,0
166,2004,199,27600,12.5,31.2,1.4,1.4,0
166,2004,200,28800,17.1,32.5,1.5,1.4,0
166,2004,201,27900,15.4,31.6,1.6,1.5,0
166,2004,202,29200,16.3,32.2,1.6,1.2,0
166,2004,203,29300,13.3,34.8,1.8,0.9,0
166,2004,204,28500,14.9,32.5,1.8,1.1,0
166,2004,205,25300,12.4,29.5,1.7,1.2,0
166,2004,206,23100,15.6,28.4,1.8,1.4,0
166,2004,207,26900,13.1,34.5,1.9,1.1,0
166,2004,208,27500,12.9,33.6,1.8,1,0
166,2004,209,25700,13.5,30.6,1.6,1.2,0
166,2004,210,24700,13.6,27.8,1.6,1.5,0
166,2004,211,24800,14,28.2,1.7,1.5,0
166,2004,212,25100,12.8,29.1,1.7,1.2,0
166,2004,213,24000,12.1,27.2,1.6,1.2,0
166,2004,214,26200,10.9,26.7,1.6,1.3,0
166,2004,215,22100,11.1,23.9,1.5,1.3,0
166,2004,216,27600,9,30,1.5,1,0
166,2004,217,29000,10.5,29.5,1.6,1.1,0
166,2004,218,27600,10.7,28.8,1.4,1.3,0
166,2004,219,28000,9.5,29.5,1.5,1.1,0
166,2004,220,28400,11.9,33.3,1.7,0.9,0
166,2004,221,26800,13,35.5,1.6,1,0
166,2004,222,26100,14.6,30.2,1.6,1.4,0
166,2004,223,26900,11.2,34.8,1.6,1,0
166,2004,224,24900,11.7,36.6,1.7,1,0
166,2004,225,23400,16.1,31.5,1.6,1.2,0
166,2004,226,24000,13.8,30.1,1.6,1.4,0
166,2004,227,22000,11.5,24.9,1.5,1.5,0
166,2004,228,25600,9.2,28.9,1.5,1,0
166,2004,229,26500,12.4,31.4,1.6,0.9,0
166,2004,230,26900,12.1,33.8,1.7,0.9,0
166,2004,231,26000,13.1,35.3,1.8,0.8,0
166,2004,232,21200,14.5,30.6,1.7,1.2,0
166,2004,233,23900,14.2,31.5,1.7,1.2,0
166,2004,234,22800,14.3,26.2,1.6,1.7,0
166,2004,235,17200,15.8,25.3,1.7,1.6,0
166,2004,236,21900,15,28.1,1.8,1.1,0
166,2004,237,23500,13.1,27.9,1.7,1.2,0
166,2004,238,23800,11.7,28.5,1.7,1.4,0
166,2004,239,26500,13.2,28.8,1.6,1.4,0
166,2004,240,27100,13.9,33,1.4,1,0
166,2004,241,26900,12.2,36.1,1.5,0.8,0
166,2004,242,23800,13.1,34.4,1.6,1.1,0
166,2004,243,23100,13.8,33,1.6,1.1,0
166,2004,244,23900,12.2,31.7,1.6,1.1,0
166,2004,245,24600,14.3,31.2,1.6,1.2,0
166,2004,246,26300,13.6,30.8,1.4,1.3,0
166,2004,247,26100,14.4,28.6,1,2.6,0
166,2004,248,24700,12.6,32.8,1.2,1,0
166,2004,249,24700,11.8,35.8,1.3,0.8,0
166,2004,250,25200,12.8,35.7,1.5,0.7,0
166,2004,251,24900,11.4,37.3,1.5,0.7,0
166,2004,252,25000,11.1,36.8,1.5,0.7,0
166,2004,253,24500,11.4,35,1.5,0.8,0
166,2004,254,24600,9.1,33.1,1.3,0.8,0
166,2004,255,23200,9.4,33.8,1.5,0.9,0
166,2004,256,22600,13.7,28.4,1.5,1.3,0
166,2004,257,22200,13.3,28.8,1.4,1.2,0
166,2004,258,23600,12.2,29.5,1.2,1.5,0
166,2004,259,22900,8.8,32.8,1.2,0.9,0
166,2004,260,22800,13.2,32.5,1.6,0.9,0
166,2004,261,20900,11.1,29.9,1.4,1.5,0
166,2004,262,16800,10.6,21.4,1.1,1.4,0
166,2004,263,16300,8.2,17.8,1.3,1.2,0
166,2004,264,20700,5.4,22.2,1.1,1.1,0
166,2004,265,22100,8,26.9,1,0.9,0
166,2004,266,21900,7.4,31.6,1.2,0.7,0
166,2004,267,21000,10.77,31.1,1.3,0.6,0
166,2004,268,20400,8.8,33,1.3,0.7,0
166,2004,269,19000,8.7,31.7,1.2,0.8,0
166,2004,270,20400,7.6,31.6,1.2,0.7,0
166,2004,271,19200,7.4,27.1,1.3,1.1,0
166,2004,272,14800,10.2,24,1.4,1.4,0
166,2004,273,14100,10.7,23.2,1.4,1,0
166,2004,274,13900,8,23.8,1.3,0.9,0
166,2004,275,15800,10.6,23.7,1.3,1.1,0
166,2004,276,17700,8.5,28.8,1.4,0.8,0
166,2004,277,15300,8.8,28.2,1.4,0.9,0
166,2004,278,16100,11.4,24.7,1.4,1.3,0
166,2004,279,16600,8.6,28.2,1.4,0.8,0.1
166,2004,280,18300,8.6,30.4,1.4,0.7,0
166,2004,281,17600,10.5,28.7,1.5,0.9,0
166,2004,282,16100,9.8,27.9,1.5,1.1,0
166,2004,283,18200,11.9,24,1.3,1.3,0.1
166,2004,284,18300,11.2,27.1,0.8,1.9,0
166,2004,285,18100,5.7,32.1,0.8,0.9,0
166,2004,286,17600,6,31.8,0.9,1.1,0
166,2004,287,17300,7.8,31.7,1.2,0.6,0
166,2004,288,15200,8.1,28.7,1.3,0.7,0
166,2004,289,14000,7.9,27,1.3,0.6,0
166,2004,290,7600,10.9,22,1.3,1.2,0.1
166,2004,291,4400,10.4,22.5,1.5,1.5,2.1
166,2004,292,9800,7.6,18.4,1.2,0.8,0.2
166,2004,293,6100,11.2,14.5,1.3,2,37.8
166,2004,294,11200,7.9,17.4,1.2,0.9,10.6
166,2004,295,16500,4.9,19.7,1.1,0.8,0.2
166,2004,296,13800,6.2,20.6,1.2,0.6,0.2
166,2004,297,5100,10.9,15.8,1.4,0.7,5.4
166,2004,298,15000,8.8,19.7,1.3,0.9,0.2
166,2004,299,13400,5.3,18.9,1.2,0.8,1
166,2004,300,13000,8.3,15.5,1.2,1.5,19.2
166,2004,301,12900,4.1,16.4,1,0.8,0.1
166,2004,302,13400,3.7,15.9,0.9,0.7,0.2
166,2004,303,13500,3.4,18.3,1,0.6,0.1
166,2004,304,13400,3.9,20.2,1.1,0.6,0.1
166,2004,305,15500,6.7,19.4,0.9,1.6,0.2
166,2004,306,15000,2.7,19.7,0.9,0.7,0
166,2004,307,13900,2.3,21.4,1,0.6,0.1
166,2004,308,6100,8.5,12.5,1.2,0.8,13.3
166,2004,309,6200,4.2,16.1,1,0.9,0.3
166,2004,310,14400,2.3,19.3,1,0.6,0.2
166,2004,311,12400,2.2,20.1,1.1,0.6,0.1
166,2004,312,10800,3.2,18.1,1.1,0.7,0.2
166,2004,313,4600,8.5,15.1,1.3,0.6,0
166,2004,314,4800,10.1,17,1.3,0.5,0
166,2004,315,2600,10.3,16.5,1.4,0.8,3.1
166,2004,316,3500,8.26,14.89,1.59,1.02,1.04
166,2004,317,11900,11.1,19,1.4,1.2,6
166,2004,318,12500,10.1,21.4,1.4,0.9,3.4
166,2004,319,10100,6.8,16.7,1.2,0.7,0.3
166,2004,320,8300,9.7,13.2,1.3,0.6,0.3
166,2004,321,7600,7.18,19.04,1.15,0.9,1.1
166,2004,322,12500,6.97,21.16,1.15,0.79,0.46
166,2004,323,9900,5.89,19.75,1.14,0.85,0.4
166,2004,324,11800,5.28,18.24,1.16,1.1,0.4
166,2004,325,12400,5.14,17.45,0.86,1.58,0.4
166,2004,326,12700,3.58,15.95,0.77,1.75,0.4
166,2004,327,11300,0,15.8,0.7,0.9,0
166,2004,328,12100,-0.3,16.1,0.8,0.7,0
166,2004,329,11400,-0.3,17.6,0.9,0.6,0.1
166,2004,330,5500,0.8,13.7,1.1,0.7,0.6
166,2004,331,6900,4.7,13.7,1.1,0.8,0.1
166,2004,332,11300,6.4,14.9,1,2.5,10.2
166,2004,333,12100,1.6,13.4,0.6,2.1,0
166,2004,334,10500,-4.2,12.1,0.6,0.7,0
166,2004,335,10400,-3.6,12,0.7,0.7,0.1
166,2004,336,11300,-3,12.7,0.6,0.6,0.1
166,2004,337,11400,-2.9,14.4,0.6,0.7,0.2
166,2004,338,11500,-4.3,14.8,0.6,0.7,0.1
166,2004,339,7200,-3.5,12.8,0.7,0.8,0.1
166,2004,340,10100,0,14.7,0.7,0.8,0
166,2004,341,3600,2.3,14.1,0.8,1.8,0.3
166,2004,342,6800,8.5,13,1.1,2.4,11.1
166,2004,343,2200,10.7,13.7,1.3,2.6,8
166,2004,344,6400,6.3,19,1.3,0.7,0.1
166,2004,345,8900,6,19.3,1.3,0.7,0.2
166,2004,346,8500,8.9,12.5,1.3,0.6,0.2
166,2004,347,5000,6.1,12.9,1.2,0.8,0
166,2004,348,5600,6.3,16.4,1.2,0.7,0
166,2004,349,6600,7.5,14,1.3,0.6,0.1
166,2004,350,9100,6.5,17,1.2,0.6,0
166,2004,351,10100,1.8,15.8,0.9,0.7,0.3
166,2004,352,9600,1.6,12.5,0.8,0.6,0.3
166,2004,353,10000,2.6,7.3,0.9,0.8,0.2
166,2004,354,9200,4.6,7.9,0.9,0.7,0.1
166,2004,355,5800,5,7.2,0.9,0.8,0.2
166,2004,356,10500,0.9,15.3,0.9,1,0
166,2004,357,10400,0.4,14.8,0.8,0.8,0
166,2004,358,10100,-2.6,14.1,0.8,0.9,0.3
166,2004,359,10200,0.3,8.2,0.8,0.9,0.1
166,2004,360,8300,1.6,5,0.7,0.7,0.1
166,2004,361,3300,3.4,15.2,0.9,2.1,0.1
166,2004,362,2400,8.2,15.4,1.1,2.4,6
166,2004,363,3300,8.4,12.2,1.2,1.2,16.8
166,2004,364,6500,7.7,15.4,1.1,1.5,1.7
166,2004,365,7000,9.2,12.8,1.2,2.5,28.3
166,2004,366,6000,7.7,14.7,1.1,1.3,7.5
