*---------------------------------------------------------*
* Weather file for rice yield gap assessment using Oryza(v3)
*      Project: Global Yield Gap Atlas (www.yieldgap.org)
*      Country: USA
*  Station_num: 166
* Station_name: Lodi West
*         Year: 2000
*       Source: http://www.cimis.water.ca.gov
*       Author: M. Espe
*         Date: 11-16-2015
*    Longitude: -121.39
*     Latitude: 38.13
*    Elevation: 25
*
*  Columns:
*  1. station number
*  2. year
*  3. day
*  4. average insolation incident on a horizontal surface (kJ m-2 d-1)
*  5. minimum temperature (degrees Celsius)
*  6. maximum temperature (degrees Celsius)
*  7. vapour pressure (kPa)
*  8. mean wind speed (m s-1)
*  9. precipitation (mm d-1)
*---------------------------------------------------------*
-121.39,38.13,25,0,0
166,2000,1,8000,-1.05,13.53,1.01,0.96,2.33
166,2000,2,9900,-1.42,9.22,1.07,0.85,2.33
166,2000,3,10300,0.22,13.89,1.09,0.75,2.33
166,2000,4,6500,2.96,14.25,1.12,0.88,5.29
166,2000,5,11400,0.81,14.43,0.97,1.27,2.33
166,2000,6,8100,1.7,16.94,0.85,0.83,2.33
166,2000,7,10000,1.92,16.04,0.87,0.64,2.33
166,2000,8,8900,1.55,14.16,1,0.75,2.33
166,2000,9,7200,-0.01,12.9,1.12,0.8,2.33
166,2000,10,4500,1.77,12.18,1.33,0.85,2.33
166,2000,11,2100,3.33,11.2,1.4,1.48,3.71
166,2000,12,5900,0.36,10.66,1.23,0.83,8.84
166,2000,13,4800,2.66,14.16,1.32,1.27,2.33
166,2000,14,4000,4,12.54,1.38,0.88,2.33
166,2000,15,4200,6.15,14.79,1.46,1.35,70.81
166,2000,16,8900,2.66,11.2,1.35,1.4,2.33
166,2000,17,7000,0.96,14.7,1.38,0.9,146.98
166,2000,18,5600,3.33,14.34,1.6,1.14,31.34
166,2000,19,3100,5.63,16.31,1.62,1.17,2.33
166,2000,20,8000,2.81,12.9,1.4,0.77,2.92
166,2000,21,5500,1.85,12.81,1.39,0.75,2.33
166,2000,22,7600,3.04,13.26,1.38,0.9,2.33
166,2000,23,1400,5.86,11.74,1.48,1.3,131.59
166,2000,24,3300,5.56,13.08,1.58,1.27,5.49
166,2000,25,6500,4.22,11.74,1.46,0.85,21.08
166,2000,26,12400,2.96,11.92,1.32,0.75,2.33
166,2000,27,13000,2,14.88,1.22,0.9,2.33
166,2000,28,10500,1.18,13.98,1.19,1.12,2.33
166,2000,29,12000,2,13.08,1.15,1.17,2.33
166,2000,30,5100,3.33,11.02,1.29,1.51,75.15
166,2000,31,3900,2.52,11.02,1.33,0.98,13.97
166,2000,32,6700,3.48,16.4,1.41,0.75,2.33
166,2000,33,13700,5.34,18.28,1.32,1.22,2.33
166,2000,34,2400,4.97,14.88,1.25,1.48,7.26
166,2000,35,5900,2.52,12.99,1.33,1.01,12.79
166,2000,36,3800,3.48,15.05,1.38,1.12,7.66
166,2000,37,12500,4.3,16.85,1.33,1.04,2.73
166,2000,38,10700,4.37,18.55,1.12,1.06,2.33
166,2000,39,10000,4,17.3,1.21,0.85,15.75
166,2000,40,4400,4.97,14.7,1.43,1.14,2.33
166,2000,41,6100,4.45,14.52,1.48,1.4,19.1
166,2000,42,2700,4.97,10.57,1.4,1.51,31.93
166,2000,43,5600,2.89,11.11,1.38,1.22,43.77
166,2000,44,2800,5.34,13.35,1.51,1.85,94.49
166,2000,45,6600,3.78,12.72,1.46,2.01,16.34
166,2000,46,10300,2.81,12.36,1.32,0.69,2.33
166,2000,47,4000,4.22,10.21,1.38,0.96,62.52
166,2000,48,10700,2.66,11.38,1.29,0.72,2.33
166,2000,49,16900,2.07,15.5,1.2,0.96,2.33
166,2000,50,13100,3.18,17.66,1.28,1.17,2.33
166,2000,51,4200,7.12,14.52,1.46,1.85,10.22
166,2000,52,13600,3.33,13.17,1.38,1.22,48.9
166,2000,53,2600,4.45,10.12,1.38,1.64,61.33
166,2000,54,12200,2.22,10.12,1.26,1.14,73.77
166,2000,55,7300,0.51,9.4,1.17,0.77,2.33
166,2000,56,8200,-0.82,11.92,1.27,0.85,4.11
166,2000,57,4100,4.67,13.53,1.46,1.51,8.45
166,2000,58,10300,4.74,11.65,1.44,1.64,80.67
166,2000,59,12900,2.59,11.92,1.28,0.72,2.33
166,2000,60,14200,2.96,11.11,1.32,1.06,12.4
166,2000,61,17000,1.11,14.61,1.18,0.75,2.33
166,2000,62,9600,1.85,12.36,1.29,0.72,6.08
166,2000,63,19400,2.22,17.21,1.24,0.8,2.33
166,2000,64,8500,1.85,17.03,1.37,0.88,2.33
166,2000,65,5800,4.97,13.44,1.38,1.04,25.62
166,2000,66,7900,1.18,10.48,1.28,0.83,3.32
166,2000,67,5800,0.81,9.22,1.26,1.27,12.2
166,2000,68,6300,0.81,8.78,1.27,1.35,25.62
166,2000,69,11500,1.33,12.18,1.32,1.22,2.33
166,2000,70,10800,1.4,15.68,1.25,0.85,2.33
166,2000,71,16200,3.18,15.68,1.31,0.77,2.33
166,2000,72,21000,2.96,18.64,1.23,0.9,2.33
166,2000,73,20200,2.15,19.27,1.24,0.8,2.33
166,2000,74,18800,3.85,20.26,1.38,0.83,2.33
166,2000,75,21300,3.56,20.26,1.25,0.85,2.33
166,2000,76,20700,3.93,16.67,1.35,1.01,2.33
166,2000,77,21600,2.52,19.45,1.15,1.04,17.53
166,2000,78,21700,4.3,21.51,1.29,1.06,2.33
166,2000,79,19800,4.52,15.14,1.28,1.04,10.42
166,2000,80,22900,2.22,14.25,1.07,1.62,2.33
166,2000,81,23500,2.44,18.46,1.01,1.38,2.33
166,2000,82,21000,2.96,18.73,1.07,1.01,2.33
166,2000,83,19200,2.37,17.75,1.22,0.72,5.69
166,2000,84,22200,2.07,16.76,1.2,0.83,4.5
166,2000,85,21100,2.15,17.03,1.29,0.77,2.33
166,2000,86,22200,3.04,18.82,1.33,0.83,2.33
166,2000,87,18000,3.48,15.95,1.29,0.93,3.32
166,2000,88,18600,1.77,15.68,1.22,0.85,2.33
166,2000,89,24300,2.66,17.66,1.24,0.83,3.12
166,2000,90,25500,5.11,19.99,1.04,1.43,2.33
166,2000,91,24900,6.08,22.59,0.95,1.72,2.33
166,2000,92,23200,6.53,25.19,1.02,1.27,2.33
166,2000,93,24700,8.53,25.73,1.28,0.9,2.33
166,2000,94,22100,8.08,24.92,1.28,1.01,2.33
166,2000,95,19200,5.56,20.8,1.22,0.8,2.33
166,2000,96,20900,4.74,21.33,1.15,0.83,2.33
166,2000,97,24100,3.48,22.14,1.11,0.75,2.33
166,2000,98,24300,5.34,26.81,1.05,0.93,2.33
166,2000,99,19300,2.96,19.27,1.2,0.83,2.33
166,2000,100,24600,3.18,19.81,1.27,0.77,2.33
166,2000,101,25400,5.26,23.4,1.25,0.85,2.33
166,2000,102,20700,7.64,25.82,1.25,1.06,2.53
166,2000,103,13300,9.05,23.4,1.29,1.12,5.49
166,2000,104,15800,5.78,16.31,1.51,1.12,29.76
166,2000,105,15600,3.33,15.86,1.4,0.85,8.05
166,2000,106,11900,3.18,14.96,1.39,0.98,3.52
166,2000,107,6600,5.11,13.17,1.48,1.83,26.6
166,2000,108,17400,5.19,15.5,1.42,1.09,31.14
166,2000,109,24100,0.88,15.41,1.23,1.04,3.32
166,2000,110,21700,2.59,16.85,1.31,0.75,2.53
166,2000,111,25300,6.15,19.27,1.43,0.88,2.33
166,2000,112,26800,5.93,22.23,1.42,1.12,2.33
166,2000,113,23100,4.6,18.19,1.32,0.9,2.92
166,2000,114,28600,3.93,18.19,1.09,1.01,2.33
166,2000,115,28900,4.82,21.6,1.12,1.01,2.33
166,2000,116,24400,5.78,21.78,1.29,0.88,2.33
166,2000,117,29200,6.82,26.81,1.25,0.83,2.33
166,2000,118,17200,5.78,19.09,1.22,1.04,2.33
166,2000,119,27300,3.41,17.12,1.09,1.22,6.67
166,2000,120,29600,4.15,21.69,1.08,0.83,2.33
166,2000,121,29400,6.97,25.91,1.11,1.01,2.33
166,2000,122,24300,6.3,25.73,1.17,0.98,2.33
166,2000,123,23500,8.01,22.95,1.38,0.85,6.87
166,2000,124,28800,7.79,23.49,1.17,0.9,2.33
166,2000,125,25100,8.6,22.41,1.22,1.01,2.92
166,2000,126,24700,4.22,21.06,1.09,0.9,17.72
166,2000,127,10800,4.97,19.72,1.13,0.93,7.86
166,2000,128,6600,5.41,14.61,1.53,1.09,25.22
166,2000,129,20500,7.05,18.55,1.59,0.93,2.33
166,2000,130,20700,3.93,17.3,1.45,0.83,2.33
166,2000,131,26600,4.74,15.32,1.16,1.35,2.33
166,2000,132,30900,2.89,17.84,1.05,1.04,2.33
166,2000,133,25500,3.85,20.35,1.03,1.12,2.33
166,2000,134,18900,3.7,20.17,1.19,1.06,12.79
166,2000,135,8200,5.41,19.45,1.38,1.51,2.53
166,2000,136,16600,5.78,15.77,1.52,1.14,4.7
166,2000,137,20300,5.56,16.58,1.48,1.27,8.84
166,2000,138,29600,4.45,21.24,1.4,0.93,2.92
166,2000,139,30500,8.08,25.82,1.29,0.77,2.33
166,2000,140,29600,10.46,29.59,1.38,0.77,2.33
166,2000,141,29800,12.98,30.93,1.4,0.8,2.33
166,2000,142,31200,14.47,33.53,1.43,0.83,2.33
166,2000,143,29500,15.21,33.71,1.53,0.96,2.33
166,2000,144,23400,15.58,33.44,1.59,0.96,2.53
166,2000,145,27900,16.03,29.05,1.56,1.12,2.92
166,2000,146,30100,10.83,24.92,1.43,1.27,2.33
166,2000,147,29200,10.76,26.36,1.43,1.12,2.33
166,2000,148,31400,11.35,27.88,1.42,1.04,2.33
166,2000,149,31400,11.65,27.34,1.38,0.98,2.33
166,2000,150,32600,9.72,24.56,1.14,1.09,2.33
166,2000,151,32900,8.75,23.04,1.08,1.17,2.33
166,2000,152,32700,9.05,26.81,1.09,1.01,2.33
166,2000,153,32300,11.5,28.6,1.11,1.19,2.33
166,2000,154,30300,7.71,27.34,1.2,0.8,2.33
166,2000,155,29200,9.72,28.87,1.17,0.85,2.33
166,2000,156,27600,9.87,26.18,1.23,1.04,2.33
166,2000,157,28000,7.94,24.65,1.31,0.85,2.33
166,2000,158,31600,10.09,27.16,1.25,0.98,2.33
166,2000,159,19700,8.38,21.78,1.45,1.09,2.33
166,2000,160,17300,7.56,18.46,1.54,1.27,4.9
166,2000,161,28500,5.19,21.6,1.38,1.06,2.33
166,2000,162,30500,6.82,23.67,1.25,1.04,2.33
166,2000,163,27800,8.75,27.25,1.21,1.01,2.53
166,2000,164,28600,11.5,27.61,1.5,1.22,10.03
166,2000,165,32400,14.54,35.95,1.47,1.35,2.33
166,2000,166,32700,17.51,38.02,1.4,1.19,2.33
166,2000,167,30300,17.88,36.49,1.43,1.01,2.33
166,2000,168,29300,16.92,33.26,1.3,1.14,2.33
166,2000,169,24900,15.21,31.38,1.37,1.22,2.33
166,2000,170,21300,11.72,26.98,1.52,0.9,2.33
166,2000,171,30000,9.42,29.32,1.58,0.75,2.33
166,2000,172,31000,14.1,33.26,1.2,0.96,2.33
166,2000,173,28900,13.36,32.01,1.28,0.98,2.33
166,2000,174,28800,13.28,28.24,1.37,0.9,2.33
166,2000,175,27900,11.43,28.6,1.48,0.77,2.33
166,2000,176,27400,11.87,29.41,1.51,0.83,2.33
166,2000,177,28000,11.35,32.46,1.48,1.17,2.33
166,2000,178,28700,12.24,33.71,1.56,1.12,2.33
166,2000,179,28800,13.87,35.06,1.38,1.01,2.33
166,2000,180,27500,11.5,31.56,1.3,1.01,2.33
166,2000,181,25500,12.02,29.86,1.48,0.93,2.33
166,2000,182,27400,13.36,27.61,1.37,1.04,2.33
166,2000,183,29500,10.91,26.9,1.35,1.04,2.33
166,2000,184,27400,10.39,25.73,1.34,1.14,2.33
166,2000,185,28800,8.38,25.46,1.26,1.12,2.33
166,2000,186,30200,9.64,25.91,1.25,1.06,2.33
166,2000,187,25800,9.35,23.22,1.48,1.01,2.33
166,2000,188,24200,8.31,25.01,1.45,0.93,2.33
166,2000,189,25800,8.9,24.11,1.51,0.96,2.73
166,2000,190,26200,8.83,25.91,1.51,0.83,2.33
166,2000,191,30200,10.24,28.87,1.38,0.83,2.33
166,2000,192,27500,11.35,28.33,1.33,0.98,2.33
166,2000,193,28200,10.91,28.06,1.38,0.83,2.33
166,2000,194,25700,10.16,28.69,1.5,0.77,2.33
166,2000,195,28100,9.49,27.07,1.45,0.9,2.33
166,2000,196,30000,9.27,30.3,1.23,0.8,2.33
166,2000,197,25500,11.5,28.96,1.24,0.85,2.33
166,2000,198,16700,11.57,26.72,1.31,0.83,2.33
166,2000,199,21200,8.9,26.18,1.48,0.9,2.33
166,2000,200,31400,10.09,29.32,1.38,0.85,2.33
166,2000,201,32000,11.87,31.11,1.26,0.88,2.33
166,2000,202,28300,11.87,31.65,1.3,0.96,2.33
166,2000,203,28900,10.46,29.5,1.3,0.83,2.33
166,2000,204,30100,10.61,30.21,1.43,0.9,2.33
166,2000,205,30500,12.09,31.56,1.18,0.9,2.33
166,2000,206,28400,11.72,31.56,1.22,0.9,2.33
166,2000,207,30300,13.06,32.73,1.23,0.98,2.33
166,2000,208,31200,12.98,29.5,1.28,1.14,2.33
166,2000,209,29800,11.28,30.57,1.21,0.83,2.33
166,2000,210,29200,12.02,31.56,1.25,0.77,2.33
166,2000,211,28600,12.61,32.9,1.34,0.77,2.33
166,2000,212,25200,12.98,33.35,1.3,0.83,2.33
166,2000,213,29100,14.25,37.21,1.23,1.09,2.33
166,2000,214,22300,16.18,36.4,1.46,1.04,2.33
166,2000,215,28300,15.21,32.55,1.52,0.93,2.33
166,2000,216,24800,12.54,30.21,1.51,0.88,2.33
166,2000,217,24900,12.69,31.11,1.56,0.88,2.33
166,2000,218,27300,13.8,32.82,1.41,0.93,2.33
166,2000,219,26700,13.28,32.01,1.5,1.01,2.33
166,2000,220,23600,12.02,27.16,1.57,0.88,2.33
166,2000,221,22900,10.24,28.15,1.47,0.83,2.33
166,2000,222,26900,9.27,28.15,1.41,0.85,2.33
166,2000,223,26100,8.75,27.43,1.43,0.83,2.33
166,2000,224,28600,12.32,31.2,1.27,0.88,2.33
166,2000,225,28900,12.09,30.93,1.28,0.9,2.33
166,2000,226,29300,11.35,30.84,1.24,0.88,2.33
166,2000,227,29600,12.91,32.01,1.22,0.98,2.33
166,2000,228,29100,13.06,31.56,1.23,0.9,2.33
166,2000,229,29000,13.21,32.82,1.2,0.93,2.33
166,2000,230,28100,11.72,32.37,1.24,0.96,2.33
166,2000,231,28100,10.31,28.78,1.25,0.85,2.33
166,2000,232,26400,9.64,26.72,1.35,1.01,2.33
166,2000,233,28200,10.53,29.68,1.17,0.88,2.33
166,2000,234,25100,12.02,29.5,1.35,0.88,2.33
166,2000,235,23400,10.91,26.81,1.56,0.75,2.33
166,2000,236,21400,9.79,27.07,1.52,0.93,2.33
166,2000,237,26400,11.05,30.48,1.43,0.93,2.33
166,2000,238,26600,12.54,30.66,1.29,0.98,2.33
166,2000,239,23500,10.83,29.23,1.35,0.88,2.33
166,2000,240,23300,11.43,29.41,1.28,0.8,2.33
166,2000,241,23400,11.35,28.06,1.27,0.8,2.33
166,2000,242,7200,11.65,27.43,1.31,0.85,3.91
166,2000,243,6100,11.28,24.2,1.57,1.04,3.71
166,2000,244,18400,10.98,23.13,1.66,0.85,2.33
166,2000,245,7000,7.49,17.75,1.56,1.25,2.33
166,2000,246,18000,7.56,19.36,1.47,0.9,2.33
166,2000,247,23300,6.15,21.42,1.32,0.96,2.33
166,2000,248,23300,6.67,22.05,1.22,0.93,2.33
166,2000,249,25600,7.34,23.67,1.28,0.88,2.33
166,2000,250,25500,10.98,28.6,1.28,1.12,2.33
166,2000,251,25200,12.09,29.86,1.26,0.93,2.33
166,2000,252,24500,11.2,28.87,1.3,0.88,2.33
166,2000,253,24000,10.31,27.61,1.22,0.85,2.33
166,2000,254,23500,10.09,27.07,1.17,0.75,2.33
166,2000,255,22600,10.09,30.39,1.24,0.83,2.33
166,2000,256,17900,12.39,31.74,1.33,0.9,5.09
166,2000,257,12500,16.7,34.2,1.6,0.7,0
166,2000,258,17400,15.3,28,1.7,1.5,0
166,2000,259,20600,13.3,27.2,1.6,1.6,0
166,2000,260,20300,11,29.7,1.6,1,0
166,2000,261,22800,10.7,34.3,1.5,0.7,0
166,2000,262,22000,13.7,36.6,1.6,0.7,0
166,2000,263,21900,14.7,37.8,1.7,0.8,0
166,2000,264,19100,16,36.7,1.7,1.2,0
166,2000,265,11300,14.9,24.9,1.6,1.7,0
166,2000,266,10300,14.6,23.4,1.6,1.2,0
166,2000,267,21600,11,27,1.3,1.1,0
166,2000,268,20200,8.3,29.3,1.3,0.8,0
166,2000,269,21300,10.6,32.3,1.3,0.7,0
166,2000,270,20100,10.4,32.3,1.4,1,0
166,2000,271,15900,11.3,25.2,1.4,1.7,0
166,2000,272,14200,8.9,22.4,1.3,1,0
166,2000,273,19700,8.5,30.6,1.4,0.7,0
166,2000,274,18800,11.4,33.8,1.6,0.7,0
166,2000,275,18800,11.7,33.5,1.6,0.8,0
166,2000,276,19700,9.8,28.9,1.4,1,0
166,2000,277,18500,8.3,28.1,1.3,1.1,0
166,2000,278,16700,8.7,26.3,1.3,1.1,0
166,2000,279,16600,8.4,28.5,1.4,1,0
166,2000,280,16400,10.8,29.2,1.4,1.3,0
166,2000,281,14600,9.5,23.6,1.4,1.5,0
166,2000,282,18200,7.5,27.3,1.3,0.9,0
166,2000,283,6700,8.1,21.4,1.4,1.1,1
166,2000,284,8000,9.6,15.5,1.3,1.1,83
166,2000,285,6700,8.2,15.2,1.3,0.8,30
166,2000,286,14000,7.4,19.3,1.2,0.6,2
166,2000,287,17100,5.8,22,1.3,0.8,1
166,2000,288,15700,6.2,24.3,1.3,0.7,0
166,2000,289,16000,6.1,24.8,1.3,0.7,0
166,2000,290,17900,5.9,26.4,1.3,0.6,0
166,2000,291,15900,6.6,26.9,1.4,0.7,0
166,2000,292,15200,9.1,26.5,1.3,1,0
166,2000,293,15200,6.1,25.4,1.3,0.8,0
166,2000,294,8300,7.6,22.8,1.4,1.4,0
166,2000,295,16500,9.8,21.6,0.9,3,0
166,2000,296,17000,7.3,22.6,0.5,3.2,0
166,2000,297,15900,2.9,24.7,0.8,0.9,0
166,2000,298,15100,5.2,26.3,1,0.9,0
166,2000,299,3500,8.8,19,1.3,1.1,33
166,2000,300,4000,11.2,15.7,1.3,1.5,93
166,2000,301,13500,10.1,19.5,1.3,0.9,27
166,2000,302,4100,9.2,15.2,1.3,1.2,188
166,2000,303,9900,8.1,17.2,1.2,1,11
166,2000,304,8400,7.3,16.3,1.2,1.1,48
166,2000,305,13800,5.1,19.2,1,1,1
166,2000,306,9300,5.2,17.6,1.2,0.7,1
166,2000,307,13400,5.5,20.3,1.2,0.6,0
166,2000,308,14900,4,21.5,1.2,0.5,1
166,2000,309,12100,5.3,21.2,1.2,0.7,1
166,2000,310,11400,6.3,19.7,1.2,0.8,1
166,2000,311,14400,4.8,19.4,0.9,2.1,0
166,2000,312,14000,6.7,20.3,0.9,1.3,0
166,2000,313,12700,7.8,20.9,1.1,1.6,0
166,2000,314,11700,5.1,15.2,0.8,1.2,0
166,2000,315,10300,0.5,13.5,0.8,0.7,0
166,2000,316,13000,-0.4,13.7,0.7,1,0
166,2000,317,13700,-2.8,14.9,0.6,0.6,0
166,2000,318,4500,-3,12.2,0.7,0.8,24
166,2000,319,10600,0,10.5,0.8,0.9,2
166,2000,320,7200,-1.6,9.8,0.8,0.7,1
166,2000,321,12800,-0.5,13.2,0.8,0.7,1
166,2000,322,12700,-2.7,15.8,0.7,0.6,1
166,2000,323,12100,-1.7,17.2,0.7,0.6,0
166,2000,324,10700,-0.9,16.4,0.7,0.7,0
166,2000,325,11800,-1.8,16.7,0.8,0.6,1
166,2000,326,2700,0.8,8.7,0.9,0.7,76
166,2000,327,11400,4,13.4,0.9,0.6,0
166,2000,328,5400,1.5,12.9,1,0.7,0.1
166,2000,329,9800,5,14.6,1,0.9,0
166,2000,330,8600,0.4,8,0.9,0.7,0.2
166,2000,331,9800,7,9.1,1,0.7,0
166,2000,332,5700,7.3,9.1,1,0.8,0
166,2000,333,6900,7.8,9,1.1,0.9,0
166,2000,334,6700,4.6,14.5,1.1,1.3,2.6
166,2000,335,10800,1.4,15.1,0.9,0.7,0.2
166,2000,336,8400,0.3,13.6,0.9,0.5,0.2
166,2000,337,11100,0.3,13.2,0.9,0.7,0.2
166,2000,338,8400,4.6,13.8,1.9,0.7,0.3
166,2000,339,7800,6.9,14.3,2.6,0.8,0.1
166,2000,340,10900,6.3,13.8,0.91,0.8,0.1
166,2000,341,6300,2.6,13.9,1.02,0.7,0.1
166,2000,342,5900,4.6,16.5,1.2,0.6,0
166,2000,343,10100,5.5,18.5,1.7,0.6,0
166,2000,344,3200,3.5,14.4,1.1,0.6,0
166,2000,345,4900,10.6,19.8,2.9,0.9,0
166,2000,346,2700,11.6,20.2,3.4,0.7,9.1
166,2000,347,10000,4.5,15.8,1.8,1,0.1
166,2000,348,3400,5.5,13.2,1,1.8,1
166,2000,349,2900,8.8,19.6,2.3,1.5,2.5
166,2000,350,9800,7.2,19.5,2.5,1.4,0
166,2000,351,10300,4,15.2,1.2,0.9,0
166,2000,352,10700,1.8,15.7,0.8,1.6,0.2
166,2000,353,10300,-0.1,14.8,0.8,0.6,0.2
166,2000,354,9500,1,13.4,0.9,0.6,0.1
166,2000,355,7200,-0.1,14.1,0.8,0.6,0.1
166,2000,356,3600,-0.2,15.2,0.9,0.7,0.2
166,2000,357,6100,1.8,15,1,0.6,0
166,2000,358,5700,-0.2,12.6,0.9,0.5,0.2
166,2000,359,9000,2.4,13.4,0.8,1,0.1
166,2000,360,7500,-2.4,10.9,0.7,0.6,0
166,2000,361,10700,-0.6,15.5,0.8,0.7,0.2
166,2000,362,9400,-1.2,13.4,0.7,0.5,0.1
166,2000,363,10500,3.48,14.9,0.99,0.5,0
166,2000,364,8600,-2.8,13.6,0.7,0.5,0.1
166,2000,365,10800,-2.5,13.3,0.7,0.5,0.1
166,2000,366,8800,-2,12.9,0.7,0.5,0.2
