*---------------------------------------------------------*
* Weather file for rice yield gap assessment using Oryza(v3)
*      Project: Global Yield Gap Atlas (www.yieldgap.org)
*      Country: USA
*  Station_num: 32
* Station_name: Colusa
*         Year: 2008
*       Source: http://www.cimis.water.ca.gov
*       Author: M. Espe
*         Date: 11-16-2015
*    Longitude: -122.02
*     Latitude: 39.23
*    Elevation: 55
*
*  Columns:
*  1. station number
*  2. year
*  3. day
*  4. average insolation incident on a horizontal surface (kJ m-2 d-1)
*  5. minimum temperature (degrees Celsius)
*  6. maximum temperature (degrees Celsius)
*  7. vapour pressure (kPa)
*  8. mean wind speed (m s-1)
*  9. precipitation (mm d-1)
*---------------------------------------------------------*
-122.02,39.23,55,0,0
32,2008,1,8400,-1.9,12.4,0.6,1.1,0
32,2008,2,8300,-0.3,12.9,0.7,0.9,0
32,2008,3,1900,6,10,0.9,3.5,10.3
32,2008,4,1700,7.5,10.2,1,6.6,47.9
32,2008,5,4900,2.9,10.5,0.9,3.4,10.2
32,2008,6,6300,4.5,10.8,0.8,2.9,0.5
32,2008,7,8300,0.7,10.6,0.8,1.7,0
32,2008,8,2500,5.9,8,0.9,3.4,10.7
32,2008,9,4100,5.9,8.3,0.9,1.3,1.8
32,2008,10,3900,6.8,9.8,1.1,1.2,2
32,2008,11,5200,7.8,10.4,1.1,1.3,0.2
32,2008,12,7200,6.3,12.6,1.1,1,0.7
32,2008,13,9600,2.3,13.6,0.9,0.9,0.1
32,2008,14,7000,1.3,8.1,0.8,0.9,0.2
32,2008,15,10100,-0.4,14.8,0.7,3.6,0.3
32,2008,16,9400,5.1,12.5,0.4,7.5,0
32,2008,17,10300,1.7,15.8,0.5,4.8,0
32,2008,18,10300,-1.3,15.6,0.7,1,0
32,2008,19,10400,-0.9,13.4,0.7,1,0
32,2008,20,7800,-1.2,7.6,0.8,1.1,0
32,2008,21,6100,0.6,7.9,0.8,1.7,10
32,2008,22,4600,3.1,5.7,0.7,2.6,15.3
32,2008,23,4300,3.2,6,0.8,2,11.1
32,2008,24,3900,4.2,7.9,0.8,4,3.4
32,2008,25,2000,5.6,7.1,0.9,3,54.7
32,2008,26,5700,5.1,13,1,1.4,5.6
32,2008,27,5300,6.2,12.2,1.1,3.8,10.6
32,2008,28,10700,0,11,0.6,1.3,0
32,2008,29,5300,2.1,7.2,0.7,3.7,0.2
32,2008,30,7100,-0.2,10.5,0.7,1.4,0
32,2008,31,2400,2.8,8.6,0.8,4.8,6.4
32,2008,32,7500,0.4,10.1,0.8,1.3,0.1
32,2008,33,3700,0.6,7.6,0.8,5.1,5.7
32,2008,34,9800,6,14.6,0.8,3.1,0.1
32,2008,35,12600,3.6,11.7,0.6,4.4,0
32,2008,36,11700,2.6,13.9,0.6,2.5,0
32,2008,37,11600,3.1,11.3,0.8,1.6,0
32,2008,38,11000,0.8,12.1,0.9,1.2,0
32,2008,39,12000,1,18.8,0.8,2,0.1
32,2008,40,12600,2.1,17.4,0.8,1.2,0
32,2008,41,12500,1.7,18.2,0.9,1.1,0
32,2008,42,12700,5.6,21.3,1,1.6,0
32,2008,43,13500,3.9,20.3,1,1,0
32,2008,44,13900,5.7,15,0.7,4.8,0
32,2008,45,14300,4.8,14.8,0.5,5.1,0
32,2008,46,14100,3.1,15.9,0.6,2.1,0
32,2008,47,14200,0.5,17.3,0.8,1,0
32,2008,48,14300,0.6,17.9,0.8,1.1,0
32,2008,49,14000,1.6,18.2,0.9,1.3,0
32,2008,50,6800,4.5,11.7,1,2,6.1
32,2008,51,11600,5,14.5,1,1.1,0
32,2008,52,5000,4,10.6,1,2.3,6.7
32,2008,53,12000,4.9,14.2,1,2.4,1.2
32,2008,54,2100,4,9.5,0.9,2.6,16.4
32,2008,55,6600,9.1,15.2,1.1,5.7,13.9
32,2008,56,14500,5.7,16.1,1,1.9,0
32,2008,57,14500,3.3,17.3,1,0.9,0
32,2008,58,15500,3.6,20,1.1,1,0
32,2008,59,16500,5.3,24.7,1,2.2,0
32,2008,60,15000,5.6,20.2,1.2,2.1,0
32,2008,61,13700,7.2,16.6,0.8,3.1,0
32,2008,62,17000,7.2,17.5,0.6,6.5,0
32,2008,63,17200,1.4,18.5,0.7,1.6,0
32,2008,64,17800,3.3,20.7,0.8,1.8,0
32,2008,65,18000,4.8,19.3,0.6,3.5,0
32,2008,66,11400,1.7,17.1,0.7,1.2,0
32,2008,67,15200,0.6,18.7,0.9,1.2,0
32,2008,68,17900,3.7,20.1,0.8,1.9,0
32,2008,69,17700,2.7,23.9,0.8,1.6,0
32,2008,70,15300,6.3,21.7,1.1,1.4,0
32,2008,71,16600,5.7,21.7,1.1,1.2,0
32,2008,72,14000,6.5,20.3,1.2,2.1,0
32,2008,73,15400,7.1,20.7,1,3.2,0
32,2008,74,13400,0,15.6,0.7,4.8,0
32,2008,75,14500,3.3,14.9,0.7,2.2,0.1
32,2008,76,20100,4.4,16.7,0.6,3.9,0
32,2008,77,19400,0.4,22.9,0.8,2,0
32,2008,78,17500,5.7,22.3,1,1.2,0
32,2008,79,8100,5,19.2,1.1,2.7,0
32,2008,80,20300,4.5,18.3,0.8,1.6,0
32,2008,81,21200,2.2,19.3,0.7,2.1,0
32,2008,82,21200,3,24.9,0.7,1.7,0
32,2008,83,21200,3.4,24.3,0.9,1,0
32,2008,84,18500,4.7,24.1,1,1.6,0
32,2008,85,21000,8.9,22.3,0.9,3.2,0
32,2008,86,13400,4.3,17,0.8,3.5,0
32,2008,87,21600,0.7,16.9,0.5,2.3,0
32,2008,88,10200,3.5,17.4,0.9,2.8,0
32,2008,89,17500,5.6,15.4,0.7,2.5,0
32,2008,90,22700,3.2,17.1,0.5,1.9,0
32,2008,91,22300,3.5,18.1,0.5,2.3,0
32,2008,92,17800,4.2,20.8,0.7,1,0
32,2008,93,21300,1,22.8,0.7,1.4,0
32,2008,94,23100,3,23.8,0.9,1.6,0
32,2008,95,22000,8.4,21.6,0.8,3.2,0
32,2008,96,22600,5.3,20,0.8,2,0
32,2008,97,19900,2.4,19.5,0.8,2.1,0
32,2008,98,23900,3,19.7,0.6,1.5,0
32,2008,99,18300,3.4,17.7,0.8,1.5,0
32,2008,100,23400,1.6,20.1,0.8,1.2,0
32,2008,101,24300,2.5,24.2,0.7,2.8,0
32,2008,102,24600,8.6,28.5,0.7,3.3,0
32,2008,103,24700,5.7,30.4,0.9,1.1,0
32,2008,104,24400,6.7,30.6,1,1.7,0
32,2008,105,23900,4.9,21.4,0.7,4.2,0
32,2008,106,25100,0.8,19.3,0.5,1.8,0
32,2008,107,25300,4.7,23.2,0.6,3.5,0
32,2008,108,25300,4.6,26.9,0.8,1.9,0
32,2008,109,25200,5.7,26.1,0.9,2.3,0
32,2008,110,26000,5,20.2,0.7,2.7,0
32,2008,111,24000,-2.3,16.8,0.5,1.6,0
32,2008,112,25500,2.2,17.6,0.6,1.9,0
32,2008,113,7400,7.3,17.9,0.9,2.9,0.9
32,2008,114,22400,4.9,17.8,0.8,3.1,0
32,2008,115,26600,0.8,21.7,0.6,2,0
32,2008,116,25600,0,26.6,0.8,1.3,0
32,2008,117,25900,6.7,31.3,1,2,0
32,2008,118,25400,9.3,32.7,1.1,1.5,0
32,2008,119,26800,8.8,30.3,1,2.2,0
32,2008,120,21700,8.9,21.3,0.8,2.7,0
32,2008,121,27200,5,19.8,0.5,2.6,0
32,2008,122,26700,8.8,24.8,0.6,3.1,0
32,2008,123,22800,5.7,24.5,0.9,1.5,0
32,2008,124,26200,5.9,27.1,1,1.3,0
32,2008,125,26400,8,27.6,1.1,1.4,0
32,2008,126,26800,10.2,33.1,1.1,2.3,0
32,2008,127,26700,8.6,29.5,1.2,1.6,0
32,2008,128,27400,9.1,26.1,1.1,1.5,0
32,2008,129,27600,7.6,27.4,1,2.1,0
32,2008,130,27800,8.5,27.1,0.9,1.6,0
32,2008,131,27300,8,29.5,1.1,2,0
32,2008,132,27500,13.5,27.1,1.1,2.6,0
32,2008,133,27700,11.4,25.6,0.6,5.1,0
32,2008,134,27400,8.8,31.1,0.9,1.8,0
32,2008,135,25600,18.5,32.7,1.3,4.4,0
32,2008,136,27600,18.7,35.9,1.5,4,0
32,2008,137,28000,15.7,36.9,1.7,1.2,0
32,2008,138,28400,17.1,38.4,2,1.3,0
32,2008,139,28200,18.9,37.1,1.7,2.2,0
32,2008,140,25400,14,34.2,1.4,1.7,0
32,2008,141,22800,14.2,29,1.2,2.6,0
32,2008,142,29100,11.6,26,0.7,6.3,0
32,2008,143,29400,13.4,25.2,0.6,6.2,0
32,2008,144,14600,14,21.3,0.8,4.1,0
32,2008,145,11700,8.8,16.4,1,3,0.1
32,2008,146,19300,8.8,23.9,1.1,1.8,0
32,2008,147,18300,11.9,23.2,1.1,3,0
32,2008,148,21600,10.6,24.9,1.1,2.2,0
32,2008,149,24900,10.2,23.5,1.1,2.5,0
32,2008,150,24100,10.8,24.9,1.1,2.2,0
32,2008,151,28200,0,27.8,1.1,2.1,0
32,2008,152,26600,11.4,27.3,1.2,2.6,0
32,2008,153,28900,11.5,27.9,1.2,2,0
32,2008,154,29400,11.6,29.6,1.2,1.9,0
32,2008,155,26100,14.1,28.3,1.1,2.2,0
32,2008,156,29900,13.6,26.3,0.7,3.9,0
32,2008,157,28900,10.9,30,0.9,2.3,0
32,2008,158,29800,9.5,27.2,0.8,2.2,0
32,2008,159,30200,15.4,29.3,0.8,4.8,0
32,2008,160,29800,15.2,33.6,0.9,2.8,0
32,2008,161,29500,12.3,35.8,1.2,1.9,0
32,2008,162,31000,18.7,28.4,0.6,5.8,0
32,2008,163,30600,14.9,30.2,0.7,5.2,0
32,2008,164,30900,17.4,34.5,0.8,3.9,0
32,2008,165,30100,13,36.7,1,1.5,0
32,2008,166,30000,15.4,33.3,1.4,2.4,0
32,2008,167,30500,13.3,32.8,1.4,2.3,0
32,2008,168,30200,11.5,32.1,1.3,2.2,0
32,2008,169,30300,10.9,36.3,1.2,1.5,0
32,2008,170,30300,10.9,34.9,1,1.5,0
32,2008,171,28700,13.6,35.8,1.1,1.6,0
32,2008,172,29100,14.5,37.1,1.4,1.3,0
32,2008,173,24600,17.2,39.4,1.2,1.8,0
32,2008,174,30300,13.4,34.3,1.2,1.7,0
32,2008,175,29800,12.9,33.1,1.3,1.6,0
32,2008,176,28100,13.3,32.8,1.4,1.6,0
32,2008,177,26700,13,30.2,1.5,1.6,0
32,2008,178,27600,14.4,32.5,1.6,1.4,0
32,2008,179,27500,16.4,33.1,1.8,1.8,0
32,2008,180,27400,17.5,31.1,1.6,2.3,0
32,2008,181,29400,14.4,32.5,1.4,2.1,0
32,2008,182,26400,14.1,32.7,1.4,2.4,0
32,2008,183,29100,12.7,33.3,1.5,1.9,0
32,2008,184,28900,14.4,34.1,1.5,2.3,0
32,2008,185,28700,13.69,34.2,1.6,3.2,0
32,2008,186,28500,15.7,29.5,1.6,2.3,0
32,2008,187,26600,16.1,33.8,1.7,1.4,0
32,2008,188,29400,17,38.4,1.8,1.3,0
32,2008,189,29300,18,40.9,2,1.2,0
32,2008,190,28700,19.7,41,1.8,1.9,0
32,2008,191,28300,17.5,40.6,2,1.4,0
32,2008,192,27400,19.1,37.7,2.1,1.3,0
32,2008,193,28000,17.2,32,1.8,2.1,0
32,2008,194,27600,17.3,30.8,1.9,1.4,0
32,2008,195,27100,18.2,35.4,1.8,1.7,0
32,2008,196,28500,19.7,35.6,1.8,2.8,0
32,2008,197,29100,16.3,31.8,1.6,2.6,0
32,2008,198,29000,14.6,33.6,1.6,2,0
32,2008,199,29300,15.2,34.7,1.6,1.9,0
32,2008,200,29400,13.1,35.5,1.7,1.3,0
32,2008,201,29200,15.4,36.3,1.6,2.3,0
32,2008,202,29100,13.4,31.5,1.4,2.8,0
32,2008,203,28900,10.3,29.5,1.3,2.2,0
32,2008,204,27100,9.2,31.6,1.5,1.2,0
32,2008,205,28400,14.2,34.7,1.6,1.1,0
32,2008,206,28400,14.1,35.9,1.4,1.5,0
32,2008,207,27700,13.52,35.8,1.6,1.3,0
32,2008,208,28600,15.9,36.3,1.5,1.7,0
32,2008,209,28400,17.3,33.6,1.5,3,0
32,2008,210,27700,13.6,32.1,1.5,2.5,0
32,2008,211,27600,14.9,32.1,1.4,2.7,0
32,2008,212,27700,12.8,33,1.4,2,0
32,2008,213,27700,13.3,33.4,1.4,2.6,0
32,2008,214,27300,13.4,33.6,1.3,1.9,0
32,2008,215,27600,14.8,36,1.4,2,0
32,2008,216,27600,15.4,32.4,1.3,2.2,0
32,2008,217,27700,11,34,1.3,2,0
32,2008,218,26700,11.9,33.3,1.3,2.1,0
32,2008,219,25300,17.1,36.3,1.6,2,1.5
32,2008,220,26000,18.3,35,1.4,2.9,0
32,2008,221,27400,14.3,32.2,1.3,3.4,0
32,2008,222,26500,12.9,30.7,1.4,2.3,0
32,2008,223,26400,13.2,34.4,1.5,1.5,0
32,2008,224,26200,14.8,37,1.5,1.5,0
32,2008,225,26100,15.9,37.3,1.6,1.5,0
32,2008,226,26200,16.9,40.3,1.7,1.6,0
32,2008,227,25400,17.5,40,1.8,1.9,0
32,2008,228,25100,17,40.2,1.5,2.2,0
32,2008,229,21700,17.9,36,1.6,2.6,0
32,2008,230,24200,15.2,31.2,1.6,3,0
32,2008,231,24400,14.7,30.1,1.5,3.4,0
32,2008,232,23100,15.1,29.4,1.5,2.7,0
32,2008,233,23900,15.9,32.2,1.6,2.5,0
32,2008,234,24800,18.8,33.6,1.8,1.7,0
32,2008,235,24300,15.7,35,1.7,1.7,0
32,2008,236,24600,15.8,35.1,1.6,2,0
32,2008,237,24200,15.1,37.3,1.5,2,0
32,2008,238,24000,16.9,35.9,1.3,2.9,0
32,2008,239,24300,12.3,35.2,1.2,1.9,0
32,2008,240,24100,13.5,39.4,1.3,1.9,0
32,2008,241,24500,20.1,40.6,1.2,3,0
32,2008,242,22800,15.3,38.5,1.5,1.8,0
32,2008,243,24300,15.9,34.8,1.3,2.4,0
32,2008,244,24800,10.9,28.3,0.9,2.7,0
32,2008,245,24500,15.2,29.5,0.7,5.5,0
32,2008,246,23700,9.4,33.9,0.8,1.4,0
32,2008,247,23700,11.3,36.5,1.2,1.5,0
32,2008,248,23600,12.9,38.4,1.2,1.4,0
32,2008,249,23100,13.4,38.6,1.3,1.6,0
32,2008,250,23100,14,38.2,1.4,1.4,0
32,2008,251,23100,14.5,35.9,1.4,1.5,0
32,2008,252,23100,12.1,34.5,1.2,1.8,0
32,2008,253,22200,12.4,28.3,1.4,2.6,0
32,2008,254,22100,9.8,33.2,1.4,1.8,0
32,2008,255,22500,11.2,34.1,1.4,1.7,0
32,2008,256,22200,14,30.2,1.4,1.7,0
32,2008,257,20700,8,30.9,1.3,1.6,0
32,2008,258,21800,9.6,33.1,1.3,1.3,0
32,2008,259,21200,10.3,34.5,1.3,1.4,0
32,2008,260,14400,12.2,31,1.4,1.7,0
32,2008,261,21500,12.7,27.3,1.2,3,0
32,2008,262,21200,5.8,26.7,1.1,1.6,0
32,2008,263,12600,12.1,25.2,1.2,2,0
32,2008,264,18500,14.5,26.5,1.5,1.8,0
32,2008,265,20100,10.8,27.9,1.4,1.7,0
32,2008,266,20600,10.4,30,1,2.2,0
32,2008,267,20500,6.8,32,0.9,1.2,0
32,2008,268,20100,8.2,32.7,1,1.5,0
32,2008,269,18900,9.3,32.6,0.9,1.4,0
32,2008,270,19200,9.8,33.4,1.1,1.4,0
32,2008,271,19300,10.5,34.8,1.2,1.4,0
32,2008,272,18800,12.3,36.5,1.1,1.6,0
32,2008,273,18300,14.2,32.1,1.3,2,0
32,2008,274,18300,12.4,33.4,1.3,1.5,0
32,2008,275,15700,11.3,32.9,1.2,1.5,0
32,2008,276,12000,16.8,27.2,1.3,2.8,0
32,2008,277,3900,14.2,20.1,1.5,2.9,5.9
32,2008,278,13200,11.7,24.5,1.4,3.3,0.1
32,2008,279,14500,12,23.6,1.3,1.8,0
32,2008,280,17600,8.6,27.2,1.3,1.2,0
32,2008,281,17200,8.5,31,1.2,1.3,0
32,2008,282,17400,9.4,28.8,1,1.9,0
32,2008,283,17800,0,22.5,0.4,5.6,0
32,2008,284,17200,9.8,18.7,0.5,6,0
32,2008,285,17500,7.4,19.5,0.4,5,0
32,2008,286,16900,6.5,21.7,0.4,3.1,0
32,2008,287,16500,5.4,28.2,0.6,3.2,0
32,2008,288,16300,5,26.9,0.7,1.1,0
32,2008,289,15700,5.3,28.5,0.9,1.2,0
32,2008,290,15500,6.8,30.9,0.9,1.7,0
32,2008,291,14300,6.9,29.7,1.1,0.8,0
32,2008,292,15200,8.3,27.9,1,1.3,0
32,2008,293,15100,8.6,26.5,1,1.4,0
32,2008,294,14900,7.5,23.5,1.2,1.2,0
32,2008,295,14900,7.6,25.6,0.7,4.3,0
32,2008,296,15200,8.7,30.6,0.6,2.5,0
32,2008,297,15100,4.9,29.4,0.8,1.2,0
32,2008,298,14600,5.5,29.1,0.9,1.2,0
32,2008,299,14500,5.2,28.8,0.9,1,0
32,2008,300,14500,6.1,29.5,1,0.8,0
32,2008,301,10100,6.6,26.8,1,1,0
32,2008,302,13400,6.7,27.8,1,0.9,0
32,2008,303,13600,5.9,26.8,0.9,1.5,0
32,2008,304,3500,10.9,20.5,1.2,1.4,1.9
32,2008,305,7300,13.4,18.4,1.6,2.5,11.5
32,2008,306,3100,13.6,15.8,1.5,3.7,29.2
32,2008,307,8800,12.4,19.3,1.3,2.9,0
32,2008,308,3300,11.2,14.3,1.2,3.7,4.9
32,2008,309,12000,4.3,17.2,0.9,1.2,0
32,2008,310,6700,3.5,12.9,0.9,1.7,0
32,2008,311,12000,5.4,20,1.1,1.6,0
32,2008,312,12300,6.7,20.6,1.2,0.9,0
32,2008,313,6600,8.4,17.6,1.3,1.8,1.6
32,2008,314,11900,5.6,19.3,1,1.2,0
32,2008,315,9500,5.1,16.6,1.1,0.9,0.1
32,2008,316,6200,6.6,15.2,1.2,0.7,0
32,2008,317,8900,7.4,20,1.2,0.9,0
32,2008,318,10200,7.4,24.1,1.3,1.8,0.1
32,2008,319,11500,15.9,25.9,0.8,6.2,0
32,2008,320,11300,8.9,25.7,0.9,1.6,0
32,2008,321,11100,5.5,23,1.1,0.8,0
32,2008,322,10800,6.8,24.2,1.1,0.9,0.2
32,2008,323,10900,6.2,23.5,1.1,0.8,0.1
32,2008,324,9500,5.5,19.9,1.1,0.9,0.1
32,2008,325,8200,8.8,18,1.2,2.2,0
32,2008,326,10700,5.5,18.4,0.8,2.6,0
32,2008,327,8700,2.8,16.4,1,0.9,0.1
32,2008,328,10500,1.4,18.8,0.9,0.9,0.1
32,2008,329,8100,1.9,20.4,0.9,1.2,0.1
32,2008,330,4100,6.6,14.6,1.1,1.1,0
32,2008,331,7000,7.9,13,1.2,1.7,0.7
32,2008,332,9900,5.5,18.4,1.1,0.9,0.1
32,2008,333,8100,4.1,14.6,1.1,1,0.2
32,2008,334,9500,4.7,24.5,1,2.5,0.3
32,2008,335,9500,3.3,17.8,1.1,0.9,0.2
32,2008,336,8400,0,18.4,1.2,1.6,0
32,2008,337,8100,3.1,14.1,1.1,1.7,0.1
32,2008,338,7800,5,8.5,1,1.5,0.1
32,2008,339,9300,2.9,11.8,0.9,1.4,0.3
32,2008,340,9100,1.7,14.6,0.8,1.1,0.2
32,2008,341,9000,1.7,12.3,0.8,1.4,0.2
32,2008,342,8000,4.3,5.9,0.9,1.3,0.2
32,2008,343,8600,4.4,12.1,0.8,2.3,0.2
32,2008,344,9200,0.6,12.4,0.7,2.2,0
32,2008,345,9000,-1.3,19.8,0.7,1.2,0.1
32,2008,346,8900,-0.7,16,0.8,0.8,0
32,2008,347,5100,-1.3,13.1,0.9,1.7,0
32,2008,348,7400,-0.2,13.6,0.6,1.5,0
32,2008,349,3200,1.1,6.4,0.7,3.6,6
32,2008,350,7600,0.4,10.8,0.7,3.6,0
32,2008,351,6400,-2.7,5.5,0.6,2,2.1
32,2008,352,9300,-3.5,9.6,0.5,2.3,0
32,2008,353,3800,0,7.7,0.8,5.4,0.2
32,2008,354,7600,0.3,12.7,0.7,2.5,0
32,2008,355,7900,-2.3,11,0.6,1.1,0.5
32,2008,356,3200,4.8,6.9,0.9,3.1,4
32,2008,357,7600,-0.6,12.2,0.7,2.2,0.1
32,2008,358,5800,-1.6,8.3,0.7,0.9,0.4
32,2008,359,3500,4.8,8.5,0.9,2,15.7
32,2008,360,7500,-0.7,12,0.7,2.6,4.5
32,2008,361,8500,-2.2,9.5,0.6,1.1,0
32,2008,362,4600,0.4,8.7,0.8,1.5,0
32,2008,363,3400,4.7,11.1,0.9,1.5,0
32,2008,364,5100,1.7,11.7,0.9,1.3,0
32,2008,365,9100,-0.2,16.3,0.8,1.7,0.2
32,2008,366,8300,3.5,6.4,0.8,1.4,0.2
