*---------------------------------------------------------*
* Weather file for rice yield gap assessment using Oryza(v3)
*      Project: Global Yield Gap Atlas (www.yieldgap.org)
*      Country: USA
*  Station_num: 30
* Station_name: Nicolaus
*         Year: 2009
*       Source: http://www.cimis.water.ca.gov
*       Author: M. Espe
*         Date: 11-17-2015
*    Longitude: -121.54
*     Latitude: 38.87
*    Elevation: 32
*
*  Columns:
*  1. station number
*  2. year
*  3. day
*  4. average insolation incident on a horizontal surface (kJ m-2 d-1)
*  5. minimum temperature (degrees Celsius)
*  6. maximum temperature (degrees Celsius)
*  7. vapour pressure (kPa)
*  8. mean wind speed (m s-1)
*  9. precipitation (mm d-1)
*---------------------------------------------------------*
-121.54,38.87,32,0,0
30,2009,1,3900,3.1,6,0.8,1.6,0
30,2009,2,2400,1.9,8.6,0.9,3.6,0.2
30,2009,3,9600,-2.2,11.3,0.6,2.8,0.2
30,2009,4,9000,-5.6,9.7,0.6,1.4,0.1
30,2009,5,4300,4,8.2,0.9,1.8,1.1
30,2009,6,8100,-0.2,11.5,0.8,1.3,0
30,2009,7,4900,-2,7.5,0.8,1.3,0.2
30,2009,8,4000,-0.3,8.1,0.9,1.8,0
30,2009,9,10100,-2.5,17.3,0.7,1.6,0.2
30,2009,10,10300,-4.4,15.2,0.7,1.1,0.1
30,2009,11,9800,-4.7,14.4,0.7,1.1,0.2
30,2009,12,10100,-0.7,24.3,0.9,2.9,0
30,2009,13,10400,-1.5,18.7,0.9,1.2,0
30,2009,14,10400,-3.4,18.2,0.8,1,0.2
30,2009,15,10600,-2,18.8,0.8,1,0.2
30,2009,16,10700,-2.9,18.6,0.9,1.2,0.2
30,2009,17,10800,-1.9,19.7,0.8,1.1,0.2
30,2009,18,10900,-1.5,19.5,0.8,1.2,0.1
30,2009,19,11100,-2.3,19.8,0.7,1.1,0.1
30,2009,20,11000,-1.2,20.3,0.8,1.3,0
30,2009,21,5000,2.8,13.9,1,1.1,3.5
30,2009,22,3900,6.7,12.1,1.2,1.4,17.7
30,2009,23,4400,8.7,12.7,1.3,1.4,3.3
30,2009,24,7100,6.3,16.4,1.3,3.5,0.1
30,2009,25,8900,2.5,11.6,0.9,2,1.1
30,2009,26,11600,-1,13.5,0.7,2.8,0.1
30,2009,27,11900,-3.1,12.4,0.5,2,0
30,2009,28,11900,-1.8,16,0.7,1.9,0.1
30,2009,29,12500,-3,16.8,0.8,1.4,0
30,2009,30,12300,-2.3,17.8,0.8,1.2,0.1
30,2009,31,12200,-0.9,18.8,0.9,1.2,0.2
30,2009,32,12900,-1.9,19.6,0.8,1.6,0.1
30,2009,33,12800,-0.5,20.1,0.9,1.1,0
30,2009,34,12800,-0.6,19.9,0.9,1.1,0.2
30,2009,35,9000,0,18,0.9,1.1,0.1
30,2009,36,7900,7.1,14.9,1.1,3,2
30,2009,37,7100,6.3,15.1,1.1,2,5.7
30,2009,38,10300,1.1,20.6,1,1.8,0.2
30,2009,39,7200,0.7,13.3,0.9,3.9,1.4
30,2009,40,13200,-0.8,12,0.7,1.9,0
30,2009,41,11600,-4.3,11.1,0.7,2.7,3.6
30,2009,42,7500,3.3,11,0.9,3.3,6.1
30,2009,43,7900,4.4,10.5,0.9,1.9,0.3
30,2009,44,10100,4.1,10.7,0.9,4.2,9.8
30,2009,45,9700,3.3,12.9,0.8,4.3,0
30,2009,46,4600,6.3,10.6,0.9,6.1,9
30,2009,47,6600,6.5,11.7,1,4.6,11.4
30,2009,48,5900,7.5,10.5,1,6.2,7.6
30,2009,49,13100,2.8,14.2,1,1.8,0.2
30,2009,50,15000,-0.1,17.4,0.9,1.3,0.1
30,2009,51,14800,1.8,18,0.9,1.8,0
30,2009,52,10500,1.3,16.6,1,1.5,0.1
30,2009,53,3400,10.7,13.1,1.3,4.2,34
30,2009,54,6800,12,16.2,1.4,4.3,2.6
30,2009,55,15800,7.9,17.4,1.1,2,0
30,2009,56,12700,7.1,17.3,1.1,3,0.1
30,2009,57,15300,6.8,17.7,1.2,3.5,0.1
30,2009,58,16700,3.3,17.2,0.9,1.5,0.1
30,2009,59,10300,2.9,17.4,1.1,1.3,0
30,2009,60,3000,10.3,15.2,1.3,3.6,18.2
30,2009,61,6200,9.9,15.3,1.3,4.6,15.9
30,2009,62,7100,7.9,11.9,1.1,3.9,11.6
30,2009,63,13200,4,12.3,0.9,2.6,0.4
30,2009,64,16500,0.6,15,0.8,1.7,0
30,2009,65,16700,3.3,15.1,0.8,1.8,0
30,2009,66,18300,0.1,16.9,0.8,1.4,0
30,2009,67,17600,3.2,16,1,2.7,0
30,2009,68,19000,0.4,13.5,0.6,2.3,0
30,2009,69,19200,-2.9,15.9,0.6,1.6,0
30,2009,70,19200,-1.8,17.8,0.8,1.3,0
30,2009,71,19500,-0.9,21.2,0.9,1.5,0
30,2009,72,19600,0.9,20.8,1,1.9,0
30,2009,73,17700,6.4,15.2,0.9,4.3,0
30,2009,74,10900,8.1,15.3,1.1,4.1,0
30,2009,75,13100,9.5,20,1.3,3.6,0
30,2009,76,18800,6.1,20,1.2,1.7,0
30,2009,77,19000,3.4,22.7,1.1,1.6,0
30,2009,78,20200,7.1,25.2,1.2,1.3,0
30,2009,79,20200,5.8,25.2,1.3,1.6,0
30,2009,80,9000,8.2,15.2,1.1,4.3,0.7
30,2009,81,18500,2.3,16,0.7,2.8,0.3
30,2009,82,21400,-0.3,16.6,0.6,3.1,0
30,2009,83,21300,-1.3,21.9,0.8,1.6,0
30,2009,84,19000,2.1,22,1,1.5,0
30,2009,85,20900,3.5,24.1,1,2.7,0
30,2009,86,21900,5.5,27.2,1,2.2,0
30,2009,87,22000,3.9,25.5,1.2,2.2,0
30,2009,88,22700,2.4,17.6,0.5,5.4,0
30,2009,89,23200,5,21.3,0.6,4.7,0
30,2009,90,21700,0.8,24.3,0.8,1.7,0
30,2009,91,22400,6.5,25.1,0.9,3.2,0
30,2009,92,22500,6.3,22.4,1,2.3,0
30,2009,93,23900,2,18.8,0.5,4.5,0
30,2009,94,24300,0.1,21.3,0.5,1.8,0
30,2009,95,24000,-0.6,24.6,0.7,1.5,0
30,2009,96,23900,2,28.6,0.7,1.5,0
30,2009,97,5800,4.7,18.6,1,2.7,4.7
30,2009,98,15600,8.1,17.5,1.1,2.9,3.3
30,2009,99,9800,9.5,13.1,1.2,2.6,4.9
30,2009,100,18500,4.7,18.3,1.1,1.5,0.6
30,2009,101,23900,1.5,21.1,1,1.7,0
30,2009,102,23900,5.7,24.1,1.2,1.7,0
30,2009,103,23900,6.3,24.6,1.2,1.8,0
30,2009,104,23300,4.1,17,0.5,5.6,0
30,2009,105,25700,1.3,19,0.6,3.2,0
30,2009,106,25200,1,23.4,0.8,2.3,0
30,2009,107,24800,4.3,26.6,1,1.4,0
30,2009,108,25300,7.4,30.3,1.2,1.3,0
30,2009,109,25300,9.5,33.8,1.4,1,0
30,2009,110,26000,10.3,35,1.4,1.1,0
30,2009,111,24700,11.9,36.3,1.5,1.3,0
30,2009,112,25800,10.5,33.9,1.3,1.9,0
30,2009,113,19400,10.7,23.1,1.1,4,0
30,2009,114,25900,5.5,20.4,0.9,3.3,4.4
30,2009,115,26300,3,22.9,0.9,2.1,0
30,2009,116,26300,4.7,23.4,0.9,1.8,0
30,2009,117,26700,7,18.7,1,4.6,0
30,2009,118,24100,5.4,17.5,0.8,2.4,0
30,2009,119,26500,5.1,20.6,0.9,2.5,0
30,2009,120,21000,6.2,20,1,1.6,0.1
30,2009,121,8500,12.3,16.6,1.3,2.1,15.4
30,2009,122,9000,10.5,15.3,1.5,2,8.3
30,2009,123,15300,10.7,19.9,1.5,3,1.3
30,2009,124,14600,10,20.5,1.4,3.3,0
30,2009,125,21000,13.3,24.1,1.6,3.4,0.4
30,2009,126,23900,11.1,25.3,1.6,2.9,0
30,2009,127,27600,9.9,25.6,1.2,2.3,0.1
30,2009,128,28100,9.5,28.2,1.1,2.1,0
30,2009,129,27600,8.1,29.2,1.3,1.2,0
30,2009,130,27800,8.5,32,1.3,1.3,0
30,2009,131,28000,9.9,30,1.2,1.8,0
30,2009,132,28000,9.6,26.7,1,1.6,0
30,2009,133,25800,9.2,29.4,1,1.9,0
30,2009,134,27200,10.3,28.5,1.3,1.4,0
30,2009,135,27800,11.7,31.8,1.6,1.5,0
30,2009,136,28400,12.9,35.7,1.7,1.1,0
30,2009,137,28400,14.5,38.8,1.8,1.2,0
30,2009,138,26100,14.4,35.4,1.6,2.3,0
30,2009,139,28000,11.7,30.2,1.3,2.8,0
30,2009,140,29100,10,27.9,1.1,1.5,0
30,2009,141,28700,7.7,32.1,1.2,1.4,0
30,2009,142,28900,10.2,31.2,1.3,1.9,0
30,2009,143,28300,9.5,25.3,1.3,3.4,0
30,2009,144,29000,9.6,24.7,1.3,2.8,0
30,2009,145,28800,8.1,30.2,1.4,1.7,0
30,2009,146,28400,10.3,33.7,1.5,1.3,0
30,2009,147,28200,14,36.7,1.7,1.4,0
30,2009,148,28000,15,35.2,1.6,1.6,0
30,2009,149,28200,13.1,32.9,1.5,2.7,0
30,2009,150,27900,12.3,29.4,1.4,4.1,0
30,2009,151,28100,11.4,29.5,1.4,3.6,0
30,2009,152,24100,11.7,27.7,1.4,3.6,0
30,2009,153,23100,12.7,27.2,1.4,2.9,0
30,2009,154,22500,0,28.6,1.5,2.4,2.4
30,2009,155,25900,12.7,24.9,1.4,3.4,1.4
30,2009,156,22100,11.4,22.7,1.2,3.9,0
30,2009,157,28200,12.7,25.8,1.2,2.7,0
30,2009,158,28900,11.9,27.8,1.4,3.4,0
30,2009,159,29400,12.6,27.7,1.3,3.5,0
30,2009,160,28400,12.3,24.9,1.3,4.4,0
30,2009,161,25000,13.7,24.5,1.4,3.3,0
30,2009,162,28800,12.3,26.4,1.4,3.6,0
30,2009,163,22100,12.2,24.7,1.4,3.2,0
30,2009,164,27800,13.5,25,1.3,3.7,0
30,2009,165,29000,11.9,26.4,1.3,3.1,0
30,2009,166,26400,12.8,27.7,1.4,2.9,0
30,2009,167,25700,10.7,29.2,1.5,2.6,0
30,2009,168,28600,14.2,30.9,1.5,2.7,0
30,2009,169,29000,13.3,36,1.6,1.7,0
30,2009,170,23900,16.9,33.2,1.5,2.5,0
30,2009,171,23700,13.7,27.1,1.4,3.9,0
30,2009,172,29800,11.4,27.1,1.3,2,0
30,2009,173,30200,12.1,31.5,1.3,1.6,0
30,2009,174,29700,12.5,34.8,1.4,1.3,0
30,2009,175,29300,15.7,36.2,1.5,2.2,0
30,2009,176,29500,13.5,30.6,1.5,3.2,0
30,2009,177,30300,12.5,37.7,1.5,1.5,0
30,2009,178,29400,14.9,37.9,2,1.1,0
30,2009,179,29300,18.2,42.1,2,1.2,0
30,2009,180,29800,17.4,36.8,1.6,2.4,0
30,2009,181,27700,14.7,35,1.5,2.5,0
30,2009,182,29300,14.9,35.7,1.6,2,0
30,2009,183,29600,13.9,32.6,1.5,2.8,0
30,2009,184,29800,13.3,32.7,1.6,2.4,0
30,2009,185,29600,13.4,30.4,1.5,3,0
30,2009,186,30000,12.8,27.7,1.4,4,0
30,2009,187,30200,11,29.4,1.3,2.8,0
30,2009,188,30000,11.7,28.4,1.4,3,0
30,2009,189,29900,11.8,31.5,1.4,1.6,0
30,2009,190,29700,13,31.9,1.4,2.1,0
30,2009,191,28900,12.1,30.7,1.4,2.3,0
30,2009,192,26700,13.6,31.3,1.3,2.3,0
30,2009,193,29000,14.5,31.3,1.3,2.7,0
30,2009,194,30200,10.7,32.1,1.5,2.1,0
30,2009,195,29900,15.6,41.3,1.7,1.4,0
30,2009,196,29300,16.9,37,1.6,1.9,0
30,2009,197,29700,14.7,38.8,1.8,1.4,0
30,2009,198,28700,14.2,40.5,1.8,1.5,0
30,2009,199,28200,16.9,39.7,1.7,1.3,0
30,2009,200,27800,16.5,41.9,1.9,1.3,0
30,2009,201,28300,16.7,33.5,1.6,3,0
30,2009,202,28400,13.7,31.9,1.6,2.9,0
30,2009,203,28200,13.4,31.8,1.6,2.3,0
30,2009,204,28200,12.8,33.2,1.6,2.3,0
30,2009,205,28200,12.2,28.7,1.6,3.1,0
30,2009,206,28700,11.5,34.8,1.6,1.6,0
30,2009,207,28100,11.7,40.1,1.7,1.4,0
30,2009,208,27900,13.3,37.1,1.8,1.6,0
30,2009,209,27200,15.5,32.7,1.8,3.2,0
30,2009,210,27000,14.7,30.4,1.8,3.2,0
30,2009,211,27300,14.2,30.2,1.8,3.1,0
30,2009,212,27200,13.6,31.6,1.7,2.6,0
30,2009,213,27400,13.7,31.7,1.7,2.5,0
30,2009,214,27300,12.7,30.4,1.5,3,0
30,2009,215,27500,12.8,29,1.4,2.9,0
30,2009,216,27300,12.7,30.4,1.5,2.4,0
30,2009,217,27200,13.4,28.6,1.5,3.2,0
30,2009,218,23100,13.9,25,1.5,3.2,0
30,2009,219,26500,12.5,28.1,1.5,1.5,0
30,2009,220,26800,12.7,32.1,1.6,1.5,0
30,2009,221,26200,13.1,35,1.7,1.2,0
30,2009,222,26400,14.5,38.4,1.7,1.3,0
30,2009,223,26300,17.2,31.6,1.7,2.3,0
30,2009,224,26100,12.7,38.2,1.7,1.5,0
30,2009,225,26000,16.5,34.6,1.6,2,0
30,2009,226,26500,14.7,30.1,1.4,2.4,0
30,2009,227,26400,11.5,34.4,1.4,1.4,0
30,2009,228,26100,11.3,35.1,1.4,1.4,0
30,2009,229,25900,12.9,36.1,1.5,1.5,0
30,2009,230,25500,13.3,35.6,1.7,1.4,0
30,2009,231,25100,14.5,33.3,1.7,2.2,0
30,2009,232,24900,13.6,30,1.7,2.6,0
30,2009,233,24900,12.9,35.7,1.8,1.3,0
30,2009,234,24100,14.6,32.9,1.6,3.1,0
30,2009,235,23700,12.4,27.6,1.4,3.4,0
30,2009,236,25600,8.9,30.5,1.3,1.6,0
30,2009,237,25200,8.9,32.2,1.3,1.1,0
30,2009,238,25300,13.2,33,1.3,0.5,0
30,2009,239,24700,9.6,34,1.4,0.5,0
30,2009,240,23000,11.6,33.6,1.6,0.6,0
30,2009,241,23400,16.7,37.3,1.7,1,0
30,2009,242,24000,16.1,31.1,1.4,3.4,0
30,2009,243,23200,13.1,28.8,1.5,2.8,0
30,2009,244,23400,13.4,33.5,1.6,1.6,0
30,2009,245,20000,14.7,35.5,1.8,1.4,0
30,2009,246,23100,16.2,37.1,1.5,1.4,0
30,2009,247,23700,13.5,32.1,1.3,2.4,0
30,2009,248,22300,11.8,29.7,1.5,2.7,0
30,2009,249,23000,12.1,27.2,1.4,1.9,0
30,2009,250,23000,10.5,31.4,1.3,1.5,0
30,2009,251,22900,9.1,30.9,1.3,1.3,0
30,2009,252,22500,10.3,35.4,1.3,1.3,0
30,2009,253,21700,11.9,36.7,1.5,1.2,0
30,2009,254,21700,13.4,38.3,1.5,1.5,0
30,2009,255,12200,14.8,28.8,1.6,2.6,0
30,2009,256,19300,13.4,23.3,1.5,3.7,2
30,2009,257,20200,12.3,26.4,1.6,1.7,2.8
30,2009,258,21300,11.3,30.5,1.6,1.4,0.1
30,2009,259,21200,11.6,31.3,1.7,1.4,0.1
30,2009,260,20500,12.7,31.7,1.8,1.4,0
30,2009,261,20900,13.1,34.6,1.6,1.5,0
30,2009,262,20200,16.7,31.3,1.6,2.6,0
30,2009,263,20700,12.3,35.1,1.6,1.3,0
30,2009,264,20700,11.8,34.5,1.4,1.4,0
30,2009,265,20400,12.8,34.7,1.3,1.3,0
30,2009,266,20300,11.5,38,1.3,1,0
30,2009,267,20300,12.2,33,1.5,1.3,0
30,2009,268,20000,10.4,37.5,1.5,1.2,0
30,2009,269,19900,13.2,38.5,1.5,1,0
30,2009,270,19500,12.8,38.9,1.5,1.1,0
30,2009,271,18200,13.5,28.8,1.3,3.1,0
30,2009,272,14100,9.5,23,1,2.3,0
30,2009,273,19500,6,23.4,0.8,3,0
30,2009,274,19200,4.9,26,0.8,1.4,0
30,2009,275,18600,5.3,28.3,0.9,1.6,0
30,2009,276,18800,7.2,23.1,0.9,2.2,0
30,2009,277,18500,3.5,19.9,0.8,1.6,0
30,2009,278,18200,1.5,21.3,0.8,1.5,0
30,2009,279,18300,3.4,25.4,0.8,1.5,0
30,2009,280,17800,2.8,26.6,0.9,1.4,0.1
30,2009,281,17500,8.1,24.5,1.1,2,0
30,2009,282,17300,5.7,27.1,1.1,1.4,0
30,2009,283,17100,5,25.8,1.1,1.5,0
30,2009,284,16300,7.3,20.2,1.1,3,0
30,2009,285,9700,7.4,17.4,1.2,2.1,0
30,2009,286,3000,13.3,17.1,1.5,7.1,44.6
30,2009,287,12000,14.7,22.9,1.7,3.2,8.3
30,2009,288,14700,14.2,23.7,1.9,2.2,1.2
30,2009,289,15800,11.3,27.5,1.7,1.2,0.2
30,2009,290,14900,11.7,28,1.8,1,0.1
30,2009,291,7600,12,21.5,1.6,2.9,0
30,2009,292,8000,10.7,17.4,1.3,2.6,2.1
30,2009,293,15300,6.3,22.9,1.2,1.4,0.1
30,2009,294,14500,8.6,22.1,1.4,1.4,0.1
30,2009,295,14800,7.4,23.5,1.3,1.3,0.1
30,2009,296,14600,8.6,25.4,1.5,1,0.1
30,2009,297,14300,8.1,24.1,1.4,1.4,0.1
30,2009,298,14400,7.5,27.6,1.1,2,0
30,2009,299,13900,8.5,25.8,1.2,2.5,0
30,2009,300,14300,10.9,18,0.6,7.2,0
30,2009,301,14600,3.3,16.8,0.5,4.8,0
30,2009,302,13700,1.3,20.9,0.7,2,0
30,2009,303,13800,3.7,22.1,0.9,1.3,0
30,2009,304,13700,3.6,24.1,1.1,0.9,0
30,2009,305,13500,5.1,24.5,1.2,1.2,0
30,2009,306,13500,4.4,26.4,1.2,0.9,0.1
30,2009,307,13300,4.9,26.2,1.2,0.9,0.2
30,2009,308,12900,4.6,23.8,1.2,1.6,0.1
30,2009,309,11600,7.7,20.6,1.2,2,0
30,2009,310,8600,9.4,19.6,1.4,2.2,0.4
30,2009,311,12700,5,19.5,0.9,2.1,0
30,2009,312,12500,2,18.1,0.8,1.2,0
30,2009,313,8900,1,16.6,0.9,1.1,0
30,2009,314,9000,6.3,18.2,1.1,1,0
30,2009,315,7900,7.5,18,1.1,1.2,0.1
30,2009,316,11900,1.1,17,0.9,2,0.4
30,2009,317,10200,-0.7,15.1,0.7,1.4,0
30,2009,318,11800,1.1,16.9,0.7,1.8,0
30,2009,319,11700,-2.7,16.8,0.7,1.4,0
30,2009,320,11800,-0.9,18.2,0.8,1.2,0
30,2009,321,11300,-0.7,18.6,0.9,2.2,6.2
30,2009,322,11500,-0.1,15.2,0.8,2.3,0
30,2009,323,11300,-1.7,14.8,0.8,1.3,0.1
30,2009,324,4600,0.9,13,1,3.4,3.1
30,2009,325,10400,-0.4,13.9,0.8,2.2,0.1
30,2009,326,6300,3.9,14,1,2.7,0
30,2009,327,10500,-1.6,18.8,0.8,1.4,0.1
30,2009,328,10400,-0.2,18,0.9,0.9,0
30,2009,329,10700,-0.3,19.5,0.9,0.9,0.2
30,2009,330,9500,-0.2,18.5,0.9,1.1,0.1
30,2009,331,5800,6.2,15.4,1.1,3.3,3.6
30,2009,332,10700,7.1,18.1,0.5,7.3,0
30,2009,333,10600,1.3,20.4,0.6,3.7,0
30,2009,334,10200,-1.1,15.7,0.8,1.1,0
30,2009,335,8600,-2,15.6,0.8,1,0.1
30,2009,336,10000,-1.9,16.3,0.8,1,0.1
30,2009,337,9700,-3.5,14.3,0.8,1.3,0.2
30,2009,338,9000,-2.5,14.2,0.8,1.1,0.2
30,2009,339,7500,-0.7,13.2,0.6,3.4,0
30,2009,340,5400,-4.3,10.1,0.6,3.7,0
30,2009,341,7800,-4.8,7.5,0.6,2.3,2.6
30,2009,342,9500,-6.8,7.4,0.5,1.7,0
30,2009,343,9800,-7.1,6.8,0.5,1.3,0
30,2009,344,6200,-5.5,8.4,0.5,1.8,4.6
30,2009,345,2900,3.1,5.6,0.8,1.6,19.9
30,2009,346,2200,5.1,12,1.1,2.7,10.2
30,2009,347,4000,8.1,10.1,1.1,2.2,6.6
30,2009,348,7000,4.8,12.8,1.1,1.2,0
30,2009,349,4400,7.2,12.9,1.1,1.7,0
30,2009,350,5900,5.8,15.5,1.1,1.6,6.4
30,2009,351,7600,3.1,14.4,1,1.2,0.3
30,2009,352,6000,3.6,8.6,1,1.2,0.2
30,2009,353,5000,5.6,9.7,1,1.1,0
30,2009,354,5100,7.5,11.5,1.1,1.6,0.4
30,2009,355,5100,7.5,13.5,1.2,2.9,1.3
30,2009,356,9400,2,12.5,0.6,3.5,0
30,2009,357,9400,0.4,13.5,0.6,2.6,0
30,2009,358,9200,-2.9,12.5,0.7,1.2,0
30,2009,359,9300,-4.3,15.1,0.7,1.1,0.1
30,2009,360,4000,-0.4,9,0.8,1.1,0.1
30,2009,361,6300,3.3,11,1,2,4
30,2009,362,4000,1.9,8.9,0.9,1.3,0.1
30,2009,363,4500,0,9,0.9,1.9,1.6
30,2009,364,5400,4.1,11.1,1,2.3,0.3
30,2009,365,5500,5.4,11.8,1.1,1.4,0
