*---------------------------------------------------------*
* Weather file for rice yield gap assessment using Oryza(v3)
*      Project: Global Yield Gap Atlas (www.yieldgap.org)
*      Country: USA
*  Station_num: 32
* Station_name: Colusa
*         Year: 2014
*       Source: http://www.cimis.water.ca.gov
*       Author: M. Espe
*         Date: 11-16-2015
*    Longitude: -122.02
*     Latitude: 39.23
*    Elevation: 55
*
*  Columns:
*  1. station number
*  2. year
*  3. day
*  4. average insolation incident on a horizontal surface (kJ m-2 d-1)
*  5. minimum temperature (degrees Celsius)
*  6. maximum temperature (degrees Celsius)
*  7. vapour pressure (kPa)
*  8. mean wind speed (m s-1)
*  9. precipitation (mm d-1)
*---------------------------------------------------------*
-122.02,39.23,55,0,0
32,2014,1,8900,-1.6,16.8,0.6,0.8,0
32,2014,2,9000,-0.5,19.9,0.7,0.9,0
32,2014,3,9400,-0.2,18.3,0.7,1,0
32,2014,4,9700,-0.3,19.6,0.5,4.1,0
32,2014,5,10000,1.1,21.4,0.3,2.6,0
32,2014,6,5000,-0.5,15.8,0.5,0.9,0
32,2014,7,8500,-0.9,17.5,0.5,1,0
32,2014,8,7900,-1.5,14.3,0.7,1.2,0
32,2014,9,6700,2.7,15.2,0.9,1.3,0
32,2014,10,9200,-1.1,16.3,0.8,1,0
32,2014,11,4600,4.4,16.7,0.9,3.4,0.1
32,2014,12,9900,0.3,16,0.7,3.1,0.1
32,2014,13,10400,0.9,18.2,0.7,3.1,0
32,2014,14,10800,-0.1,23.8,0.5,2.5,0
32,2014,15,10800,0,22.9,0.6,1.2,0
32,2014,16,11100,-2.2,24.5,0.6,1.1,0
32,2014,17,10900,-0.4,23.4,0.6,0.9,0
32,2014,18,11100,-1.7,21.2,0.6,0.9,0
32,2014,19,11100,-1.7,20.9,0.6,0.9,0
32,2014,20,11400,-2.3,22.5,0.6,1.1,0
32,2014,21,11100,-2.3,21.4,0.5,1.2,0
32,2014,22,11100,1.9,21.2,0.6,1.5,0
32,2014,23,11500,-0.4,22.8,0.6,3.4,0
32,2014,24,11400,4.6,23.4,0.5,1.7,0
32,2014,25,11400,2.7,23.9,0.6,1.3,0
32,2014,26,11400,1.2,21.6,0.6,1.1,0
32,2014,27,6900,1,16.5,0.7,0.9,0
32,2014,28,6800,8.1,20.2,0.9,0.8,0
32,2014,29,4000,7,17.2,1.4,2.4,0.6
32,2014,30,10000,8,17.6,1,1.4,0
32,2014,31,12500,1.2,16.5,0.6,2.5,0
32,2014,32,12800,-1.2,16.8,0.5,1.9,0
32,2014,33,5700,2.7,10,0.7,2,0
32,2014,34,12500,-1.4,14.6,0.7,1.1,0
32,2014,35,11800,-2.3,14.4,0.6,1,0
32,2014,36,9900,-2.9,12.3,0.7,1.3,2.9
32,2014,37,5200,5.9,8.9,1,2.1,8.1
32,2014,38,3600,7.6,10.5,1.1,5.4,8.1
32,2014,39,3100,10.2,13.2,1.4,5.7,29.5
32,2014,40,2200,13.1,15.8,1.6,4.7,4.7
32,2014,41,13600,9.6,18.7,1.4,1.6,0
32,2014,42,10800,6.3,16.9,1.2,1.4,0.2
32,2014,43,10700,9.7,17.8,1.3,3.1,0
32,2014,44,4600,10.2,16.2,1.4,1.9,0
32,2014,45,8000,11.5,19.8,1.5,3.7,0
32,2014,46,3700,11.5,17.7,1.4,4.3,0
32,2014,47,15400,3.9,18.2,1,1.7,0
32,2014,48,13500,1,17.1,0.8,1.2,0
32,2014,49,12100,3.2,16.9,1,1.5,0.1
32,2014,50,15800,6.1,18.2,0.8,2.7,0
32,2014,51,15700,5.7,20.5,0.8,2.8,0
32,2014,52,15900,2.8,22,0.9,1.5,0
32,2014,53,16500,2.9,23.3,0.8,1.4,0
32,2014,54,16500,2.5,22.5,0.9,1,0
32,2014,55,16300,3.9,23.7,0.9,1.1,0
32,2014,56,16500,3.6,22.8,1,1.5,0
32,2014,57,4300,11.2,14.4,1.3,2.8,15.8
32,2014,58,10500,10.1,17.8,1.3,3.6,0.1
32,2014,59,5000,10.2,15.4,1.3,2.4,17.9
32,2014,60,9400,9.8,18.1,1.3,1.6,0.4
32,2014,61,5900,8.2,15.9,1.3,2.8,0
32,2014,62,4000,10.9,13.4,1.3,3.1,13.2
32,2014,63,10700,10.3,16.8,1.4,1.8,0.2
32,2014,64,5100,11.9,18.3,1.5,2.9,2.7
32,2014,65,11800,9.1,19.9,1.2,3.1,0.4
32,2014,66,18800,7.8,21,1.1,3,0
32,2014,67,17900,4,20.1,1.1,1.1,0
32,2014,68,4500,12.6,16.4,1.5,1.6,0.2
32,2014,69,19500,9.5,19.6,1.1,2.9,1.1
32,2014,70,20200,8,20.1,0.7,6.4,0
32,2014,71,20500,9.3,22.7,0.8,3.6,0
32,2014,72,20400,2.8,24.9,0.8,1.4,0
32,2014,73,19900,5,23.4,1,1.1,0
32,2014,74,20500,8,27,1,1.6,0
32,2014,75,20700,6.2,25.9,1.1,2.5,0
32,2014,76,21100,6.1,19.5,0.7,4.4,0
32,2014,77,21300,9.3,21.5,0.6,5.3,0
32,2014,78,21100,1.8,23.8,0.8,1.1,0
32,2014,79,21300,5.8,24.4,1,1.2,0
32,2014,80,21700,4.8,25.2,0.9,1.2,0
32,2014,81,22000,5.1,25.9,0.8,1.6,0
32,2014,82,22400,5.5,26.1,1,1.2,0
32,2014,83,22700,4.8,25.9,1,1.4,0
32,2014,84,9600,9.4,17.7,1.1,2.8,2.8
32,2014,85,13900,9.3,16.1,1.1,3.5,7.7
32,2014,86,13900,8.7,18.2,1.1,2.9,0
32,2014,87,10700,11.3,19.1,1.3,3.8,0
32,2014,88,7000,6.4,16,1.2,3.2,4.4
32,2014,89,15400,2.9,16,1,2.1,0.4
32,2014,90,2000,6.1,12.1,1,2.8,11.2
32,2014,91,9800,6.7,12.1,1,3,4.7
32,2014,92,21700,6.7,17.7,1,1.2,0.9
32,2014,93,17000,7.2,18,1,2.3,0
32,2014,94,12500,5,14.7,1.1,1.5,2.8
32,2014,95,23700,3.5,22.3,1,1.5,0.1
32,2014,96,23900,5.9,25.8,1.2,2.3,0
32,2014,97,24700,8.4,27.9,1.3,1.1,0
32,2014,98,23700,8.5,28,1.4,1.2,0
32,2014,99,24800,10.9,27.9,1.4,1.2,0
32,2014,100,25500,7.9,29.5,1.3,1,0
32,2014,101,24600,8.9,28.2,1.4,1.5,0
32,2014,102,25400,10.1,25,1.4,2.7,0
32,2014,103,26200,7.3,26.3,1,2.5,0
32,2014,104,26400,6,27.9,1.1,1.4,0
32,2014,105,25800,8,28.1,1.3,1,0
32,2014,106,24700,7.7,27.8,1.1,2.1,0
32,2014,107,25500,8.4,29.3,1.3,2.5,0
32,2014,108,24900,13.9,28.6,1,3.3,0
32,2014,109,26400,11.1,27.4,1.2,2.5,0
32,2014,110,27000,7.5,30.6,1,1.7,0
32,2014,111,15600,13.6,25.1,1,2.6,0
32,2014,112,25200,9.1,20.5,0.8,2.1,0
32,2014,113,25700,5.4,22.8,0.9,1.7,0
32,2014,114,19300,11.2,23.7,1.2,2.8,0
32,2014,115,10300,5.2,16.3,1.1,3.1,4.4
32,2014,116,21500,3,17.8,1,1.8,0
32,2014,117,16500,9.3,19,1.2,2.4,0.1
32,2014,118,27600,8.3,24,1,2,0
32,2014,119,28100,11,31,1,3.9,0
32,2014,120,28300,15,33.1,1.1,1.4,0
32,2014,121,26700,10.1,32.8,1.2,1.3,0
32,2014,122,27100,9.1,31.6,1.1,1.9,0
32,2014,123,27900,13.5,26.8,1.2,3.2,0
32,2014,124,23800,11.2,23.6,1.2,2.7,0
32,2014,125,19900,9.9,21.1,1.2,1.7,1.1
32,2014,126,28300,9,24,1,2.2,0.1
32,2014,127,28700,7.2,24.7,1,1.6,0
32,2014,128,13700,12.3,22.6,1.3,3.2,0
32,2014,129,26700,11.7,24.1,1.2,2.1,0
32,2014,130,27100,6.8,22,0.8,3.3,0
32,2014,131,29800,10.5,26.6,0.8,2.7,0
32,2014,132,29400,7.2,31.5,1,1.3,0
32,2014,133,29800,12.5,34,1.1,1.4,0
32,2014,134,29700,12,35.6,1.3,1.1,0
32,2014,135,25600,13.2,33.7,1.2,1.5,0
32,2014,136,30000,16,31.8,1.1,1.9,0
32,2014,137,29700,14.7,28.1,1.3,2.3,0
32,2014,138,28300,13.4,26.1,1.2,1.7,0
32,2014,139,23400,13.1,24.4,1.3,2.4,0
32,2014,140,27100,10.3,24.8,1.3,1.6,0
32,2014,141,30000,10.1,30.1,1.4,1.6,0
32,2014,142,28900,12,32.3,1.4,1.5,0
32,2014,143,29100,14,33.2,1.7,1.4,0
32,2014,144,29700,15.5,34.4,1.4,1.7,0
32,2014,145,29900,14.1,35.4,1.5,1.4,0
32,2014,146,30600,14,33.1,1.3,1.8,0
32,2014,147,29700,16.2,30.7,1.2,2.4,0
32,2014,148,31800,10.9,26.3,0.7,3.3,0
32,2014,149,31500,16.4,29.8,0.8,3.5,0
32,2014,150,31500,9.6,28.8,1.1,2.2,0
32,2014,151,31400,7.4,29.5,1.1,1.3,0
32,2014,152,31400,11.7,31.4,1.3,1.5,0
32,2014,153,32000,14.2,31,1.3,3.1,0
32,2014,154,31600,11.5,29.3,1.3,1.5,0
32,2014,155,31700,12.3,36.8,1.4,1.4,0
32,2014,156,31600,15.1,34.3,1.5,2,0
32,2014,157,31500,15.3,34.8,1.5,1.8,0
32,2014,158,31700,15.2,37.9,1.7,1.3,0
32,2014,159,31700,19,38.1,1.5,2.6,0
32,2014,160,32000,15.9,39.1,1.6,1.5,0
32,2014,161,31600,17.6,37.6,1.6,2.4,0
32,2014,162,31900,15.5,30,1.7,3.3,0
32,2014,163,32000,12.5,29.3,1.4,2.9,0
32,2014,164,32200,11.3,29,1.2,1.9,0
32,2014,165,20900,13.7,30.2,1.1,2.3,0
32,2014,166,30500,12.5,28.2,1.3,2.4,0
32,2014,167,31400,13.8,26.1,1.3,3.1,0
32,2014,168,31800,10,28,0.9,2.7,0
32,2014,169,32100,13.2,32,1.1,1.9,0
32,2014,170,31700,13.2,32,1.1,1.9,0
32,2014,171,31400,13.6,33.2,1.3,1.6,0
32,2014,172,30800,15.8,32.1,1.3,2.3,0
32,2014,173,31300,11,32.1,1.4,1.8,0
32,2014,174,31100,13.6,32.9,1.5,1.8,0
32,2014,175,30800,14.2,33.5,1.6,1.8,0
32,2014,176,18500,17.9,29.8,1.6,3.3,0
32,2014,177,26900,16.9,27.3,1.6,2.7,0
32,2014,178,30200,16.4,30.8,1.7,2.7,0
32,2014,179,31500,16.3,31.8,1.8,1.8,0
32,2014,180,31200,16.2,35.8,1.5,1.5,0
32,2014,181,31500,15.2,39.4,1.7,1.7,0
32,2014,182,30800,19.7,34.4,1.7,2.5,0
32,2014,183,31000,15.6,32.9,1.8,2.2,0
32,2014,184,31500,15.4,33.3,1.8,2.3,0
32,2014,185,32400,14.1,34.7,1.6,2.3,0
32,2014,186,32400,12.6,34.3,1.4,1.7,0
32,2014,187,32400,13.7,37,1.4,1.3,0
32,2014,188,27800,18.2,34,1.7,1.9,0
32,2014,189,23600,21.9,35.5,1.8,1.4,0
32,2014,190,30600,17.9,34.1,1.8,2.4,0
32,2014,191,30500,16.9,32.1,1.8,2.5,0
32,2014,192,30300,16.8,31.8,1.7,2.4,0
32,2014,193,30700,13.4,33.4,1.7,2.1,0
32,2014,194,30600,16.7,36.6,1.9,1.5,0
32,2014,195,30200,18.4,38.9,1.9,2.1,0
32,2014,196,22200,24.7,34.6,1.9,2,0
32,2014,197,21700,20.1,31.8,1.9,2.7,0
32,2014,198,28900,17.3,30.4,1.9,2.9,0
32,2014,199,29700,16.1,30.9,1.8,2.4,0
32,2014,200,29500,15.2,33.5,1.8,2.6,0
32,2014,201,27000,17.9,28.7,1.8,3,0
32,2014,202,14300,19.2,30.9,1.9,2.6,0
32,2014,203,26400,17.2,30.6,1.8,2.3,0
32,2014,204,29800,15.1,30,1.7,1.6,0
32,2014,205,30900,14.6,34.9,1.4,2.1,0
32,2014,206,30600,13,38.3,1.3,1.1,0
32,2014,207,30100,15.4,37.4,1.4,1.1,0
32,2014,208,25800,20.3,37.9,1.6,1.6,0
32,2014,209,28900,17.4,34.5,1.7,2.6,0
32,2014,210,28700,16.5,35.7,1.6,1.7,0
32,2014,211,28400,17.9,36.4,1.7,2.1,0
32,2014,212,28500,18,38.1,1.9,1.7,0
32,2014,213,29100,16.3,39.2,1.6,1.5,0
32,2014,214,29500,18.7,36,1.6,2.3,0
32,2014,215,27900,13.3,30.3,1.8,2.1,0
32,2014,216,18300,16.8,27,1.8,1.5,0
32,2014,217,5400,18.8,24.1,2.3,1.4,2.3
32,2014,218,24100,19.9,31.3,2.3,1.2,0
32,2014,219,27600,17.1,34.8,2,1.7,0
32,2014,220,27800,16.9,33.7,1.9,1.9,0
32,2014,221,28300,16.2,32.1,1.7,2.1,0
32,2014,222,28200,12.7,32.2,1.7,1.5,0
32,2014,223,27600,13.3,35.1,1.5,1.4,0
32,2014,224,24600,16.4,30.8,1.5,3.1,0
32,2014,225,26800,14.5,31.1,1.6,2.7,0
32,2014,226,27000,13.1,32.2,1.6,1.6,0
32,2014,227,27300,12.9,33.8,1.5,1.4,0
32,2014,228,27800,13.5,34.8,1.4,1.6,0
32,2014,229,27500,11.6,34.5,1.3,1.5,0
32,2014,230,26800,14.6,32.4,1.6,1.9,0
32,2014,231,27000,14.4,31.2,1.7,2.7,0
32,2014,232,26100,15.5,28.7,1.8,2.5,0
32,2014,233,25900,13.6,31.1,1.8,1.7,0
32,2014,234,26700,17.9,30.8,1.8,2.5,0
32,2014,235,26400,12.1,33.4,1.6,1.2,0
32,2014,236,26100,16.6,32.6,1.6,2.5,0
32,2014,237,25400,15,29.6,1.7,1.9,0
32,2014,238,25500,15.7,32.7,1.7,0.8,0
32,2014,239,25500,17,33.7,1.6,0.8,0
32,2014,240,25100,15.6,35.2,1.6,1.1,0
32,2014,241,17400,20.2,28,1.9,0.9,0
32,2014,242,24400,13.7,34.1,1.7,0.9,0
32,2014,243,24900,13.8,34.5,1.5,0.7,0
32,2014,244,25100,14.7,36.9,1.5,1.3,0
32,2014,245,25100,14.7,34.2,1.6,1.9,0
32,2014,246,25400,12.2,34.8,1.5,1.4,0
32,2014,247,25100,11.2,37.1,1.2,1.6,0
32,2014,248,24800,11.8,32.9,1.6,1.4,0
32,2014,249,24600,13.1,32.9,1.5,1.6,0
32,2014,250,24400,11.5,33.3,1.3,1.6,0
32,2014,251,24200,10.9,30.4,1.4,2.5,0
32,2014,252,23900,9.8,30.9,1.3,0.9,0
32,2014,253,23800,11.2,34.2,1.3,1,0
32,2014,254,23400,11.4,35.5,1.4,0.8,0
32,2014,255,23100,13.3,36.6,1.4,1.2,0
32,2014,256,21700,15,37.5,1.4,1.2,0
32,2014,257,22500,14.3,34.6,1.5,1.6,0
32,2014,258,22200,15,35.1,1.4,2.2,0
32,2014,259,22000,13,30.9,1.4,1.5,0
32,2014,260,20800,16.6,32.6,1.4,2.4,0
32,2014,261,15900,15.6,28.3,1.8,2.1,0
32,2014,262,20800,12.8,31.9,1.7,1.8,0
32,2014,263,20700,15.2,29.8,1.8,1.7,0
32,2014,264,19700,17.6,27.3,1.7,2.2,0
32,2014,265,19200,12.8,30.1,1.8,1.7,0
32,2014,266,20200,15.9,31.4,1.5,2.7,0
32,2014,267,13700,16.9,30.1,1.9,3.5,0
32,2014,268,15300,14.3,22.2,1.8,2.9,9.8
32,2014,269,15600,12.7,24.2,1.5,1.2,1.1
32,2014,270,19400,11.4,25.9,1.5,1.3,0.5
32,2014,271,9300,11.8,21.3,1.7,1.5,0
32,2014,272,19300,9.5,26.8,1.6,1.2,0.2
32,2014,273,19500,12.1,27.9,1.5,2.2,0
32,2014,274,20100,15.6,28.5,0.9,4.2,0
32,2014,275,19500,6.8,31.5,1,0.9,0
32,2014,276,19400,8.7,32.4,1.2,0.9,0
32,2014,277,19200,10,35.2,1.3,0.8,0
32,2014,278,18900,10.7,35.2,1.3,0.8,0
32,2014,279,18800,10.5,35.7,1.4,0.7,0
32,2014,280,18500,11.4,36,1.4,0.6,0
32,2014,281,18400,11.3,33.2,1.2,1.1,0
32,2014,282,17600,10.2,33.1,1.3,0.7,0
32,2014,283,17600,10,31.8,1.3,0.7,0
32,2014,284,17200,10.1,30.3,1.4,0.8,0
32,2014,285,17600,17.4,30.6,0.7,4.3,0
32,2014,286,16000,11.2,30.6,0.9,1.5,0
32,2014,287,4300,14.3,22.2,1.3,3.2,0
32,2014,288,13500,12.8,22.5,1.4,2.2,0.3
32,2014,289,16000,9.3,23.4,1.3,1,0
32,2014,290,10100,12.2,23,1.2,1.5,0
32,2014,291,15500,9.1,27.6,1.3,1.2,0
32,2014,292,15400,10.7,26.7,1.5,1.5,0
32,2014,293,10600,10.3,23.4,1.4,3.4,0
32,2014,294,14300,5.2,22,1,1.5,0
32,2014,295,10700,7.2,22.6,1.1,1.1,0
32,2014,296,3700,11.7,19.6,1.5,1.5,0
32,2014,297,14800,7.5,24,1.4,1.3,0
32,2014,298,7600,13.3,22.4,1.5,3.7,1.1
32,2014,299,14300,7.2,20.9,1,1.9,0.2
32,2014,300,14200,4.6,21.3,0.9,1,0
32,2014,301,14000,4.8,25,1,0.7,0
32,2014,302,13600,12.1,26.8,1.4,1.1,0
32,2014,303,11400,9.1,24.7,1.3,1.6,0
32,2014,304,5800,11.4,17.9,1.5,2.2,1.9
32,2014,305,12000,10,18,1.3,1.9,0.9
32,2014,306,13800,6.1,19.2,1,2.4,0.5
32,2014,307,13100,6,21.6,0.9,1.1,0.4
32,2014,308,12700,4.2,21.5,1,0.9,0.2
32,2014,309,12600,5.5,23.3,1.2,0.9,0.1
32,2014,310,12900,6.8,23.8,1.3,0.9,0
32,2014,311,12500,7.1,24.9,1.3,1.1,0
32,2014,312,12300,6.9,24.1,1.3,0.9,0
32,2014,313,11400,6.4,25.4,1.3,0.7,0.1
32,2014,314,12700,5.1,24.1,1.1,1.4,0.1
32,2014,315,10000,3.6,19,1.1,1.4,0
32,2014,316,9400,8.9,17.9,1.2,1.1,0.1
32,2014,317,6200,11.7,17.1,1.5,1.8,9.4
32,2014,318,10300,8.1,17.5,1.4,1.1,2
32,2014,319,11100,7.6,19.8,1.3,0.8,0.5
32,2014,320,10200,2.4,17.2,0.7,2.5,0.3
32,2014,321,11600,1.5,18.3,0.6,1.5,0
32,2014,322,6600,-0.2,15.9,0.8,0.8,0.1
32,2014,323,1800,7.4,10.2,1.1,1.2,3.9
32,2014,324,2300,6.7,11.7,1.3,1.1,2.1
32,2014,325,5700,7.7,13.6,1.3,1.8,1.1
32,2014,326,8100,6.9,17.1,1.4,3.5,0.9
32,2014,327,7200,3.4,15.4,1,1.9,0.6
32,2014,328,10300,1.4,19.3,0.9,1.5,0.5
32,2014,329,10200,2.9,18.2,1,0.9,0.5
32,2014,330,9900,2.3,18.8,1,0.8,0.4
32,2014,331,7600,4.8,20,1.1,0.7,0.4
32,2014,332,3600,3.6,12.5,1.1,1.6,0.4
32,2014,333,3900,11.7,14.8,1.4,3.4,0.4
32,2014,334,3100,11.1,13.5,1.4,1.5,0.5
32,2014,335,5300,11.2,16.2,1.4,1.6,0.5
32,2014,336,2200,10.2,13.3,1.4,1.1,0.4
32,2014,337,1400,12.1,17.8,1.6,3.5,0.5
32,2014,338,5700,11.1,18.7,1.6,2.3,1
32,2014,339,3500,11.1,17.4,1.6,2.4,0.5
32,2014,340,6100,9.8,18.7,1.6,2.3,0.5
32,2014,341,5100,8.3,15.8,1.4,1.1,0.4
32,2014,342,2700,11.6,15.4,1.5,1.5,0.4
32,2014,343,3100,11.6,16.4,1.5,1,0
32,2014,344,1200,11.6,13.6,1.4,3.4,11.1
32,2014,345,2100,9.6,14.7,1.4,3.6,67.4
32,2014,346,3000,9,11.6,1.1,2.2,4.5
32,2014,347,7500,6.1,14.1,1.1,1,0
32,2014,348,2800,6.5,10.6,1.1,0.9,0.2
32,2014,349,1000,8.5,10,1.1,1.5,28
32,2014,350,3200,8.8,14.6,1.2,2.3,6.3
32,2014,351,5100,9.6,15.4,1.2,3,2
32,2014,352,4200,10.2,14.8,1.3,1.6,0.1
32,2014,353,3700,11,12.1,1.3,4,15.5
32,2014,354,2100,11.6,13.7,1.4,3.6,0
32,2014,355,4100,13.5,15.2,1.6,2,0
32,2014,356,8500,12,19.2,1.6,1.8,0
32,2014,357,9000,7.6,18,1.3,1.3,0
32,2014,358,5400,7.4,18.6,1.1,3,0.2
32,2014,359,9300,3.6,14.6,0.8,2.9,0
32,2014,360,9500,3.4,14.1,0.7,4.2,0
32,2014,361,9100,-0.6,11.7,0.8,1,0
32,2014,362,9300,1.3,13.3,0.8,0.9,0
32,2014,363,7800,-0.8,10.2,0.8,1,0.1
32,2014,364,9800,3.1,12.1,0.5,6.6,0
32,2014,365,9500,2.9,12.3,0.4,5.4,0
