*---------------------------------------------------------*
* Weather file for rice yield gap assessment using Oryza(v3)
*      Project: Global Yield Gap Atlas (www.yieldgap.org)
*      Country: USA
*  Station_num: 166
* Station_name: Lodi West
*         Year: 2006
*       Source: http://www.cimis.water.ca.gov
*       Author: M. Espe
*         Date: 11-16-2015
*    Longitude: -121.39
*     Latitude: 38.13
*    Elevation: 25
*
*  Columns:
*  1. station number
*  2. year
*  3. day
*  4. average insolation incident on a horizontal surface (kJ m-2 d-1)
*  5. minimum temperature (degrees Celsius)
*  6. maximum temperature (degrees Celsius)
*  7. vapour pressure (kPa)
*  8. mean wind speed (m s-1)
*  9. precipitation (mm d-1)
*---------------------------------------------------------*
-121.39,38.13,25,0,0
166,2006,1,1900,7.7,14.4,1.1,3.1,11.5
166,2006,2,1300,7.8,11.4,1.2,1.4,29.5
166,2006,3,2700,5.2,12.9,1.1,1.6,0.2
166,2006,4,9700,7,16.8,1.1,1,0
166,2006,5,8700,4.2,16.7,1.1,0.7,0.2
166,2006,6,10200,5.1,14.5,1.1,0.6,0.3
166,2006,7,8100,8.5,17.8,1.3,1.1,2.5
166,2006,8,10700,3.6,14.3,1,1.1,0.1
166,2006,9,11200,1.3,15.5,0.9,0.6,0.1
166,2006,10,8100,1.3,15.3,1,0.7,0.1
166,2006,11,5700,5,13.2,1.1,1.4,0.2
166,2006,12,10200,6.5,10,1.1,0.9,0.2
166,2006,13,9000,6.7,14.7,1.1,1.1,0.1
166,2006,14,4100,7.6,12.5,1.1,2,8.3
166,2006,15,12100,1.9,13.4,0.7,1.2,0
166,2006,16,7500,2.4,13.2,0.8,0.7,0
166,2006,17,7400,5.5,14.6,0.9,1.7,3.5
166,2006,18,9100,3.9,13.8,1,1.6,7.4
166,2006,19,11000,1,13.1,0.8,1,0.2
166,2006,20,11900,-0.5,13.8,0.8,0.7,0.2
166,2006,21,8500,4.4,12.4,1,0.9,0.2
166,2006,22,12600,2.5,16.4,0.8,1.7,0.1
166,2006,23,12600,-0.7,14.4,0.8,1,0
166,2006,24,12900,0.5,14.3,0.9,0.6,0.2
166,2006,25,7300,0.1,15.1,0.9,0.8,0.4
166,2006,26,10500,3.7,14.9,0.9,1.3,0.5
166,2006,27,7800,3.3,14.8,1,1,0.3
166,2006,28,4600,6.8,14.6,1.1,1.8,2.5
166,2006,29,9100,8.3,16.4,1.2,1,0.4
166,2006,30,4600,5.9,15.1,1.2,1.3,3.2
166,2006,31,6900,3.9,13.6,0.9,0.8,0.1
166,2006,32,2800,9.5,16.4,1.2,1.4,1.2
166,2006,33,6600,9.9,19.6,1.4,1.2,0
166,2006,34,7700,8.8,19.1,1.4,0.8,0.3
166,2006,35,12000,6.2,17.6,1.1,1.2,0.8
166,2006,36,14800,2.7,16.5,0.8,1.1,0
166,2006,37,11700,2.2,19,1,0.7,0
166,2006,38,14500,1.8,21.4,1,0.6,0.1
166,2006,39,14700,2,21.5,1,0.6,0.1
166,2006,40,15000,2.5,21.3,1,0.6,0.2
166,2006,41,11300,2.5,21.7,1.1,0.7,0.2
166,2006,42,10100,4.7,22.1,1.1,0.8,0.1
166,2006,43,11600,3.9,21.8,1.1,0.8,0.2
166,2006,44,12200,5.4,22.2,1.1,0.7,0
166,2006,45,15900,4.2,20.6,0.8,1.8,0.2
166,2006,46,15800,1.1,13.3,0.6,1.5,0
166,2006,47,14400,-2.2,12.8,0.6,0.9,0
166,2006,48,5000,2.2,11.1,0.8,0.9,0.3
166,2006,49,8300,1.5,12.1,0.8,1.1,3.6
166,2006,50,14800,1.1,11.4,0.8,0.9,0.1
166,2006,51,17300,-1.5,14.4,0.7,0.8,0.2
166,2006,52,16900,-2.3,14.8,0.6,0.6,0.1
166,2006,53,17300,-1.5,17.2,0.7,0.7,0
166,2006,54,17800,-0.1,19.3,0.8,0.7,0
166,2006,55,17100,1.2,20.6,0.9,0.7,0
166,2006,56,10800,2.7,22,1,0.8,0
166,2006,57,2900,4.8,17.8,1,1.8,4.6
166,2006,58,3600,10.9,16.6,1.3,3.5,17.5
166,2006,59,13200,4.6,15.4,1,1.8,1.2
166,2006,60,16400,1,16.6,0.9,1,0.1
166,2006,61,17400,6,14.3,1,1.3,3.8
166,2006,62,15500,4.2,12.9,0.9,1.8,4.5
166,2006,63,12800,1,13.3,0.8,1.4,0
166,2006,64,4500,8.9,13.5,1,2.2,10.6
166,2006,65,13300,6.6,16.9,1.1,1.4,8.5
166,2006,66,15800,4.6,15.3,1,1.3,2.3
166,2006,67,15000,2.6,16,0.9,1.2,0.1
166,2006,68,18000,4.9,14,0.9,2.3,0
166,2006,69,11100,1.3,11,0.7,1.2,3
166,2006,70,19800,1.5,11.3,0.7,0.9,0.1
166,2006,71,12300,4.1,10.5,0.9,1.9,2.3
166,2006,72,12500,3.8,14.3,0.8,1.6,0.2
166,2006,73,17000,6.6,13.8,1,1.8,9.7
166,2006,74,17400,4.4,15.5,0.9,1.2,0
166,2006,75,8400,5.3,15.8,1,1.1,2
166,2006,76,18100,6.4,14.9,1.1,1.1,2.3
166,2006,77,21700,3.1,16.7,0.8,1.9,0
166,2006,78,22400,4.3,16.4,0.7,1.8,0
166,2006,79,10300,5.2,10.5,0.9,1.6,7.4
166,2006,80,16700,3.2,14.4,0.9,1,0
166,2006,81,17200,2,16.9,0.9,0.6,0.1
166,2006,82,19800,4.4,21.3,1.1,1.1,0
166,2006,83,7400,9.1,20.6,1.2,1.1,2.1
166,2006,84,18500,5.9,15.9,1.2,2.2,20.4
166,2006,85,21100,2.3,17.7,1,0.9,0
166,2006,86,9400,3.9,18.4,1.1,1.9,8.4
166,2006,87,10400,6.5,17.2,1.2,2.4,4.7
166,2006,88,16000,6.5,14.9,1,1.9,1.4
166,2006,89,7300,9.7,15.3,1.2,1.8,0.9
166,2006,90,6700,6.8,16.2,1.1,3.1,13.6
166,2006,91,20500,4.7,16.7,1,2,0
166,2006,92,7000,8.7,15.7,1.2,2.3,6.7
166,2006,93,11800,10.6,14.2,1.4,3.1,10.8
166,2006,94,9100,8.4,13,1.2,2.5,24.1
166,2006,95,23600,6,16.1,1.1,2.3,0.4
166,2006,96,17200,6.1,17.9,1.1,1.3,0
166,2006,97,10300,5.1,18.8,1.1,2.3,3.3
166,2006,98,21900,4.8,19.1,1.1,1.6,0
166,2006,99,12400,9.6,17.2,1.2,1.7,3.1
166,2006,100,18300,10.1,15.3,1.3,2,28.3
166,2006,101,4900,10.1,16.7,1.3,4.4,2.4
166,2006,102,4100,10.7,17.6,1.4,2,8.7
166,2006,103,23900,8.5,22.4,1.4,2,0.1
166,2006,104,12500,10.6,22.8,1.5,2.7,0
166,2006,105,12200,9,16.5,1.2,3.3,0
166,2006,106,17000,5.5,15.8,1.1,2.7,5.9
166,2006,107,24800,3.1,16,0.9,2.4,0
166,2006,108,26800,2.3,20,0.9,1.7,0
166,2006,109,27300,5.6,23.7,1.1,1.6,0
166,2006,110,21800,5.5,24.2,1.3,1.7,0
166,2006,111,19100,8.7,20.6,1.3,2,0
166,2006,112,19700,6.7,19.1,1.2,1.7,0
166,2006,113,14500,10.7,19.4,1.3,3.1,0
166,2006,114,9000,10.1,16.9,1.3,1.9,0
166,2006,115,11000,10.4,17.9,1.2,2.5,0
166,2006,116,21000,7.5,24.6,1.4,2.1,0
166,2006,117,27300,9.8,29.9,1.6,2.3,0
166,2006,118,15500,10.9,26.4,1.6,1.9,0
166,2006,119,14800,10.9,23.5,1.5,2.2,0
166,2006,120,28200,11,29.4,1.5,2.2,0
166,2006,121,28900,8.1,29.6,1.3,1.9,0
166,2006,122,27900,8.1,28.8,1.3,2.1,0
166,2006,123,13100,8.7,22,1.3,2.6,0
166,2006,124,20400,6.6,22.3,1.3,2.1,0
166,2006,125,13100,8.3,21.7,1.3,2.4,0
166,2006,126,21000,5.2,21.9,1.2,1.9,0
166,2006,127,27700,6.3,28.1,1.4,1.8,0
166,2006,128,29400,10.8,28.3,1.4,2.4,0
166,2006,129,30100,9.1,30.2,1.2,2.7,0
166,2006,130,26900,9.5,32.5,1.3,1.5,0
166,2006,131,28400,11.2,33.1,1.3,1.6,0
166,2006,132,27200,10.9,29.8,1.5,2,0
166,2006,133,29800,9.4,27.2,1.3,2.2,0
166,2006,134,30200,10.7,33.3,1.5,2.1,0
166,2006,135,23400,15.2,33.5,1.6,2.5,0
166,2006,136,27400,14,30.9,1.5,2.4,0
166,2006,137,15400,14.7,32.4,1.5,2.2,0
166,2006,138,15700,11.4,31.2,1.4,2.5,0
166,2006,139,4900,10.9,23.4,1.3,2.9,0.5
166,2006,140,18500,9.6,24.5,1.5,2.5,0.1
166,2006,141,15200,13.7,20.1,1.7,2.4,8.4
166,2006,142,27100,11.6,21.5,1.4,1.7,4.5
166,2006,143,26400,12.7,24.4,1.4,1.9,0
166,2006,144,27900,11.5,24,1.4,2.6,0
166,2006,145,30600,11.3,23.6,1.3,3.8,0
166,2006,146,28600,10.7,21.4,1.1,4.4,0
166,2006,147,32000,8.7,20.9,1,2.6,0
166,2006,148,32500,6.2,24,1.1,2.4,0
166,2006,149,30600,6.5,26.3,1.1,2.2,0
166,2006,150,24800,8.6,28.4,1.2,2.2,0
166,2006,151,21800,10.1,29.5,1.5,2.4,0
166,2006,152,17400,14.5,28.6,1.8,2.9,0
166,2006,153,24000,16.5,28.4,1.8,3.5,0
166,2006,154,31000,14.6,32,1.7,3.1,0
166,2006,155,26900,14,28,1.7,3.5,0
166,2006,156,17200,10.6,28.7,1.6,2.5,0
166,2006,157,27500,10.5,30.5,1.5,2.2,0
166,2006,158,28800,12.4,29.1,1.3,3.3,0
166,2006,159,28100,9.1,26.7,1.4,2,0
166,2006,160,22200,7.8,28.8,1.4,2.2,0
166,2006,161,13900,8.3,26.3,1.4,2.2,0
166,2006,162,13600,10.8,24.5,1.4,2.7,0
166,2006,163,18600,12,21.9,1.3,3.2,0
166,2006,164,19300,10.8,22.2,1.3,2.9,0
166,2006,165,24300,8.1,24.5,1.4,2.5,0
166,2006,166,32400,12.2,29.9,1.5,3,0
166,2006,167,32800,11.96,33.32,1.29,1.98,0.48
166,2006,168,32800,13.54,32.57,1.35,2.01,0.48
166,2006,169,30600,13.1,30.8,1.4,2.4,0
166,2006,170,30700,9.1,30.1,1.4,2.2,0
166,2006,171,32300,12.6,34,1.5,2.1,0
166,2006,172,32300,13.3,34.7,1.5,2.7,0
166,2006,173,32100,14.5,36.9,1.6,1.7,0
166,2006,174,30300,13.8,37.7,1.8,2.1,0
166,2006,175,28200,15.5,35.7,1.7,2.2,0
166,2006,176,27500,15.2,35.2,1.9,2.1,0
166,2006,177,27100,15.4,35,1.7,2,0
166,2006,178,19800,17.1,31.5,1.6,2.4,0
166,2006,179,17500,15.3,30.5,1.7,2.2,0
166,2006,180,30100,15,33.3,1.6,2.7,0
166,2006,181,27000,14.1,27.4,1.6,3.3,0
166,2006,182,32200,10.2,32.7,1.6,2.2,0
166,2006,183,31800,12.8,29.9,1.6,2.6,0
166,2006,184,32100,11.1,31.6,1.6,2.2,0
166,2006,185,30300,11.2,29.8,1.5,2.6,0
166,2006,186,31800,9.9,28,1.5,2.3,0
166,2006,187,32100,9.6,28.3,1.4,2.1,0
166,2006,188,32400,10.3,33.8,1.5,1.8,0
166,2006,189,32000,13.1,36.3,1.7,1.6,0
166,2006,190,31600,15.4,37.6,1.7,1.8,0
166,2006,191,31200,11.9,32,1.7,2.1,0
166,2006,192,31800,12.5,27.6,1.5,2.7,0
166,2006,193,31500,9.5,28.3,1.5,2,0
166,2006,194,31800,14.2,34.7,1.9,1.4,0
166,2006,195,31700,15.2,32.7,1.6,2,0
166,2006,196,31100,12.5,34.5,1.7,1.9,0
166,2006,197,31700,14.5,36.3,1.9,1.6,0
166,2006,198,31100,16,38.9,2,1.8,0
166,2006,199,30300,16.4,35.7,1.9,2,0
166,2006,200,21200,18.6,34.4,1.6,2.5,0
166,2006,201,30100,15.7,37.2,1.9,2,0
166,2006,202,19800,19.4,39.1,2.3,1.6,0
166,2006,203,29800,21.8,40.1,2.6,1.5,0
166,2006,204,29200,18.41,41.3,2.7,1.4,0
166,2006,205,29400,20.3,40,2.4,1.5,0
166,2006,206,30000,19.2,39.7,2.2,1.7,0
166,2006,207,29900,16.9,35.3,2,2.4,0
166,2006,208,29700,14.7,32.8,1.8,2.4,0
166,2006,209,29800,14.6,30.2,1.8,2.8,0
166,2006,210,29700,14.3,27.5,1.8,2.8,0
166,2006,211,29000,14.7,30.4,1.5,2.2,0
166,2006,212,28300,12,28.7,1.3,2.7,0
166,2006,213,30600,9.7,30.2,1.5,2.1,0
166,2006,214,28200,12.1,31.4,1.7,1.8,0
166,2006,215,29600,11,32.1,1.6,2,0
166,2006,216,29400,13.4,27.1,1.6,3.3,0
166,2006,217,28700,15.3,26.9,1.6,3.6,0
166,2006,218,28300,13.7,28,1.6,3.2,0
166,2006,219,27500,13.9,23.9,1.5,3.5,0
166,2006,220,29400,12.1,29.7,1.7,1.8,0
166,2006,221,29500,13.5,34.7,1.8,1.4,0
166,2006,222,29500,15.7,34.4,1.8,1.8,0
166,2006,223,29600,12.7,29.8,1.6,2.3,0
166,2006,224,29400,10.5,30.7,1.6,2.1,0
166,2006,225,28800,11.7,30.3,1.6,2.2,0
166,2006,226,28800,13.9,26.1,1.6,3.7,0
166,2006,227,28200,11.8,27.3,1.6,2.2,0
166,2006,228,28800,9.5,27.5,1.4,1.6,0
166,2006,229,29100,8.2,31,1.5,1.8,0
166,2006,230,28300,11.2,30.3,1.5,2.1,0
166,2006,231,27100,10.5,30.5,1.5,2.1,0
166,2006,232,25500,12.4,28.1,1.5,3,0
166,2006,233,27500,12.7,29.4,1.5,2.4,0
166,2006,234,27300,11,33.4,1.5,1.8,0
166,2006,235,27500,12.2,31.6,1.5,1.4,0
166,2006,236,27300,8.4,31.3,1.5,1.6,0
166,2006,237,26000,10,27.2,1.5,2.2,0
166,2006,238,25800,12.9,30.4,1.7,2.1,0
166,2006,239,25800,11.5,30.9,1.7,1.9,0
166,2006,240,25800,11,31.4,1.6,2,0
166,2006,241,25700,10.5,28,1.5,1.9,0
166,2006,242,25300,9.4,31.4,1.7,1.5,0
166,2006,243,24900,11.5,33.6,1.6,1.2,0
166,2006,244,26000,11.3,33.5,1.6,1.8,0
166,2006,245,23700,12.3,29.6,1.4,2.5,0
166,2006,246,24900,11.5,28,1.4,2.4,0
166,2006,247,25600,10.1,30.2,1.5,2.1,0
166,2006,248,25100,9.9,33.7,1.6,1.6,0
166,2006,249,24900,10.7,33.7,1.6,1.4,0
166,2006,250,24100,9.3,33.3,1.6,1.8,0
166,2006,251,22000,10.4,23.7,1.5,2.4,0
166,2006,252,21000,10.2,25,1.5,1.8,0
166,2006,253,23400,7.8,28.6,1.5,1.6,0.1
166,2006,254,23200,10.1,32.9,1.6,1.2,0
166,2006,255,22500,13.2,35,1.7,1.3,0
166,2006,256,21100,12.7,34.2,1.5,1.6,0
166,2006,257,18500,10.3,23.5,1.3,2.1,0
166,2006,258,19600,9.1,23.1,1.1,3,0
166,2006,259,23300,6.7,25.6,1,2.6,0
166,2006,260,22400,5.7,31.1,1.2,1.2,0
166,2006,261,20800,9.6,32.7,1.3,1.3,0
166,2006,262,21800,10.3,27.9,1.4,1.9,0
166,2006,263,20800,12.2,27.9,1,3.5,0
166,2006,264,19200,9.8,29.6,1.4,1.9,0
166,2006,265,20800,11.2,27.5,0.9,4.7,0
166,2006,266,21100,6.9,30.3,1.1,1.6,0
166,2006,267,20600,8.1,30.9,1.3,1.2,0
166,2006,268,19900,7.7,31.3,1.3,1.2,0
166,2006,269,19500,9.8,31.7,1.3,2.1,0
166,2006,270,19100,10.8,29,1.5,1.9,0
166,2006,271,18700,7.7,27.7,1.4,1.6,0.1
166,2006,272,18900,7.3,26.9,1.4,2,0
166,2006,273,14500,11.1,20.2,1.3,2.8,0
166,2006,274,13700,8.3,19.8,1.3,1.8,1.3
166,2006,275,12500,10.1,22.1,1.3,1.4,0
166,2006,276,12500,8.4,22.4,1.2,1.8,0
166,2006,277,8800,10.6,20.9,1.3,1.8,0.2
166,2006,278,8700,10.9,20.6,1.4,1.4,4.5
166,2006,279,16700,7.4,21.4,1.3,1.9,0.2
166,2006,280,19300,6.6,25.2,1.3,1.7,0.1
166,2006,281,19200,5.4,27.9,1.2,1.2,0.1
166,2006,282,19000,7.3,28.5,1.3,1.4,0
166,2006,283,17100,8.8,24.6,1.1,2.4,0
166,2006,284,18000,6.3,27.8,1.2,1,0.1
166,2006,285,18100,6,28.6,1.2,1.9,0
166,2006,286,17200,6.7,23.1,1.3,1.8,0
166,2006,287,16600,6.7,22.1,1.2,1.9,0
166,2006,288,14600,8,18.3,1.3,1.8,0
166,2006,289,14400,9.4,21.5,1.3,2,0
166,2006,290,16600,7.8,23.1,0.9,3.2,0
166,2006,291,16600,3.2,24.4,0.9,1.3,0
166,2006,292,16000,4,25.9,1,0.9,0
166,2006,293,15900,5.2,27.8,1.1,0.9,0
166,2006,294,15300,6.5,28.2,1.2,1,0
166,2006,295,15400,5.4,28.9,1.1,0.9,0
166,2006,296,15600,5.5,29.4,1.1,0.9,0
166,2006,297,13200,5.1,25.6,1.1,1.3,0
166,2006,298,14100,9.3,23.1,0.6,4.4,0
166,2006,299,14900,1.3,24.8,0.8,1.2,0
166,2006,300,15000,2,26.2,0.8,1.1,0
166,2006,301,14700,1.7,26.1,0.8,1,0
166,2006,302,14700,3.1,22.6,1,1.5,0
166,2006,303,12300,0.8,19.1,1,1.5,0.1
166,2006,304,11800,0.1,18,0.9,1.3,0.1
166,2006,305,7800,5.1,21.6,1.1,1,0.2
166,2006,306,3700,12,21.5,1.5,2,8.1
166,2006,307,5300,11.2,21,1.6,0.9,1
166,2006,308,8500,9.2,19.4,1.5,1.8,0.4
166,2006,309,11100,7.9,21.2,1.4,1.2,0.1
166,2006,310,10800,8.3,24.3,1.5,0.9,0.1
166,2006,311,12600,10.5,25.2,1.6,2.2,0.1
166,2006,312,10800,9.5,21.3,1.4,2.9,0.5
166,2006,313,13300,1.9,18.4,0.8,2.3,0.1
166,2006,314,8900,0,19,0.8,1.1,0.1
166,2006,315,7100,6.2,11.9,1.1,2.2,0.4
166,2006,316,6300,3.4,13.3,0.9,1.7,0.4
166,2006,317,2600,9.5,15.7,1.2,3.4,0.2
166,2006,318,12100,6.7,18.5,1.3,2,0.3
166,2006,319,10900,5.1,19,1.2,0.9,0.3
166,2006,320,6200,7.8,20.5,1.4,0.9,0.2
166,2006,321,6200,10,19.4,1.6,0.9,0.1
166,2006,322,11600,10.1,19.1,1.5,1.2,0.2
166,2006,323,7200,11.1,13.5,1.4,1.3,0.1
166,2006,324,3600,11.5,13.7,1.4,1.5,0.1
166,2006,325,9500,7.8,18.3,1.3,1.8,0.1
166,2006,326,6700,5,16.3,1.2,1,0.1
166,2006,327,12300,3.5,16.1,0.9,2.9,0.1
166,2006,328,10800,-1.1,15.4,0.7,1.5,0.6
166,2006,329,10700,-1.1,16.8,0.9,1.2,1.2
166,2006,330,2300,1.3,10.8,1,3,0.4
166,2006,331,9300,1.6,14.3,1,2.8,0.2
166,2006,332,10900,-2.1,13.3,0.7,1.3,1.7
166,2006,333,11600,-0.8,13.2,0.5,2.8,0.9
166,2006,334,11300,-2.9,14.9,0.6,1,1
166,2006,335,11100,-1.8,15.6,0.7,1.3,0.1
166,2006,336,10900,-2.8,16,0.7,1,0
166,2006,337,11300,-2,19,0.7,0.9,0.1
166,2006,338,11100,-3,18.5,0.7,1,0.1
166,2006,339,11100,-2.1,18.2,0.7,0.9,0.1
166,2006,340,11000,-1.8,18.5,0.8,0.9,0.1
166,2006,341,10200,-1.8,18.2,0.8,1,0.1
166,2006,342,5900,0.8,18.9,0.9,2.5,0.7
166,2006,343,4500,10.5,17.1,1.4,3.2,1.1
166,2006,344,4900,6,11.3,1.1,2.9,0.6
166,2006,345,3000,3.5,12.3,1,2.6,0.5
166,2006,346,2700,8.7,12,1.2,4,0.5
166,2006,347,3300,10,17.3,1.4,1.7,0.3
166,2006,348,5600,11.8,19.1,1.5,1.8,0.3
166,2006,349,6900,5.7,13.9,1,2.6,0.1
166,2006,350,5100,-1,10.4,0.6,1.4,0.4
166,2006,351,10600,-1.1,10.7,0.7,1.4,0.3
166,2006,352,11100,-3.2,13.1,0.6,1.6,6.1
166,2006,353,10500,-2.4,12.1,0.6,1.5,4
166,2006,354,7500,-2,10.9,0.7,1.1,2.5
166,2006,355,1700,-0.1,7.3,0.8,2.8,0.4
166,2006,356,10600,1.7,13.1,0.9,2.7,0.3
166,2006,357,4700,2.5,12.4,0.8,1.8,0.1
166,2006,358,4500,0.8,10.4,0.8,1.4,0.1
166,2006,359,3500,2.8,12.3,0.9,1.3,0
166,2006,360,1400,7.5,14.9,1.1,3.3,0
166,2006,361,10200,5.5,14.7,0.9,5.7,0.1
166,2006,362,11000,1.4,13.1,0.6,4.8,0
166,2006,363,7800,-1.9,11.4,0.6,1.2,0.7
166,2006,364,9700,-2.4,12.9,0.7,0.8,1.8
166,2006,365,7900,-0.8,12.5,0.8,1.1,0.6
