*---------------------------------------------------------*
* Weather file for rice yield gap assessment using Oryza(v3)
*      Project: Global Yield Gap Atlas (www.yieldgap.org)
*      Country: USA
*  Station_num: 30
* Station_name: Nicolaus
*         Year: 1999
*       Source: http://www.cimis.water.ca.gov
*       Author: M. Espe
*         Date: 11-16-2015
*    Longitude: -121.54
*     Latitude: 38.87
*    Elevation: 32
*
*  Columns:
*  1. station number
*  2. year
*  3. day
*  4. average insolation incident on a horizontal surface (kJ m-2 d-1)
*  5. minimum temperature (degrees Celsius)
*  6. maximum temperature (degrees Celsius)
*  7. vapour pressure (kPa)
*  8. mean wind speed (m s-1)
*  9. precipitation (mm d-1)
*---------------------------------------------------------*
-121.54,38.87,32,0,0
30,1999,1,10500,-1.4,13.3,0.8,1.9,0
30,1999,2,10100,-2.6,13.7,0.8,1.1,0.2
30,1999,3,10700,-0.3,5.4,0.8,1.8,0.1
30,1999,4,9200,-0.4,5.3,0.7,1.2,0.2
30,1999,5,9100,-0.5,2.9,0.7,1.4,0.1
30,1999,6,7100,0.2,3.6,0.7,1.6,0.1
30,1999,7,8700,1.5,3.3,0.7,1.5,0
30,1999,8,11200,-1.4,11.7,0.7,2.4,0.1
30,1999,9,9500,-2.9,2.4,0.7,1.4,0.1
30,1999,10,9200,0,2.4,0.7,1.3,0
30,1999,11,9300,-2.1,4,0.7,1.6,0.1
30,1999,12,10500,-0.8,10.1,0.7,1.9,0
30,1999,13,10200,0.7,14.3,0.8,2,0
30,1999,14,5500,0.4,12,0.9,1.3,1.9
30,1999,15,5800,8,13.8,1.2,2.7,8.6
30,1999,16,6800,9.7,14.6,1.3,3.9,1.7
30,1999,17,3700,9.2,15.2,1.3,4,2.1
30,1999,18,5800,11.8,14.4,1.4,4.3,5.1
30,1999,19,3200,10.4,15.7,1.4,3.6,19.4
30,1999,20,2500,8.5,14,1.3,5.1,0.7
30,1999,21,7700,5.6,14.8,1,2.6,0
30,1999,22,4600,8.6,15.1,1.1,4.6,0.3
30,1999,23,8000,1.9,11.9,1,3.6,7.5
30,1999,24,12500,-2.3,13.6,0.7,3.5,0.1
30,1999,25,11700,2.9,11.5,0.7,4.8,1.1
30,1999,26,6800,0.8,10.5,0.8,3.7,0.1
30,1999,27,12800,1.4,14,0.6,3.8,0
30,1999,28,12600,-0.3,12.3,0.7,1.8,0
30,1999,29,12600,-3.7,11.8,0.7,1.1,0
30,1999,30,7300,-1.9,9.1,0.8,1.3,0
30,1999,31,8400,4.1,11.1,1,1.9,18
30,1999,32,13900,-0.5,12.7,0.8,1.7,0.1
30,1999,33,13100,-2.6,13.5,0.8,1.1,0
30,1999,34,13300,0.1,15.2,0.9,1.8,0
30,1999,35,11700,1.7,14,0.9,2.3,0
30,1999,36,11600,-0.2,14.3,0.8,2.5,0
30,1999,37,1500,7.2,10.7,1,6.8,9
30,1999,38,6700,9.4,15.6,1.2,6.1,10.3
30,1999,39,3200,9.1,13.3,1.3,3.7,5.2
30,1999,40,10500,0.4,13.8,0.9,6,16.1
30,1999,41,15200,-0.7,10.2,0.6,1.8,0
30,1999,42,14000,-3,11.5,0.6,1.5,0
30,1999,43,9600,-0.7,12,0.7,1.3,0
30,1999,44,5400,0.7,12.7,0.8,1.9,1.7
30,1999,45,9900,2.3,12.1,0.9,1.5,0.2
30,1999,46,11200,0.2,13.5,0.9,1.8,0.1
30,1999,47,2200,6.8,11.1,1.1,3.8,20.2
30,1999,48,12100,7.9,15.3,1.3,2.9,0.3
30,1999,49,4100,5.7,13,1.2,3.5,5.8
30,1999,50,16200,1.3,15.2,0.9,3.7,0
30,1999,51,3000,2.3,11.1,1,2.6,17.2
30,1999,52,11700,4.7,12.4,0.9,3.6,0.4
30,1999,53,11200,7.9,15.1,1,1.7,0
30,1999,54,13000,5.5,16.6,1.1,2.1,0
30,1999,55,7000,7.9,14.1,1.1,3.3,2.9
30,1999,56,14200,4.6,14,1,3.1,1.4
30,1999,57,12800,0.8,13.5,0.9,1.5,0.2
30,1999,58,11400,6.6,16,1.1,1.4,0
30,1999,59,5100,9.3,16.8,1.3,3.1,5.6
30,1999,60,19000,5.5,16.6,1.1,1.8,0.1
30,1999,61,17100,1.1,18.7,1,2.6,3.2
30,1999,62,16500,5,15.9,0.9,2.2,0.1
30,1999,63,17900,2.1,13.7,0.7,2,0
30,1999,64,18400,-1,15.4,0.7,1.4,0
30,1999,65,13000,2.3,14.6,0.8,1.3,0
30,1999,66,20600,-0.7,15.8,0.8,2.1,0
30,1999,67,4200,6.7,9.9,0.9,5.2,6.8
30,1999,68,17600,1.7,12.4,0.8,3.4,0.9
30,1999,69,14000,1.8,12.3,0.7,1.6,0
30,1999,70,21200,-0.5,15.8,0.7,2.3,0
30,1999,71,19200,0.4,17.4,0.9,1.6,0
30,1999,72,15400,3.6,17.3,1,2.4,0
30,1999,73,4700,7.2,14,1,2.2,0
30,1999,74,18900,4,17.9,1,2.7,0
30,1999,75,16700,5.3,16,1.1,2.2,0
30,1999,76,18000,7.8,17.6,1.1,1.9,0
30,1999,77,11200,5.6,15.2,1.1,2,0
30,1999,78,6000,5.9,18.1,1.1,2.7,0.7
30,1999,79,15400,4.6,16,1,1.6,3.3
30,1999,80,12600,5.1,16.9,1,2.3,0.5
30,1999,81,11900,3.6,15.6,1,2.5,1.3
30,1999,82,16600,6.8,15.9,1.1,2.1,0
30,1999,83,4600,8.6,15.6,1.2,2.2,11.4
30,1999,84,12700,6.6,18.4,1.3,2.1,0.5
30,1999,85,23900,6.6,20,1.1,1.9,0.1
30,1999,86,24900,2.8,17.6,0.7,3.4,0
30,1999,87,24800,1.2,18,0.8,1.7,0
30,1999,88,16300,2.8,17.1,0.9,2.8,0
30,1999,89,17700,0.3,13.8,0.7,3.9,0.7
30,1999,90,19900,0.7,14.1,0.7,1.9,0
30,1999,91,24100,0.5,16.6,0.7,3.5,2.3
30,1999,92,24700,1.9,18.3,0.6,3.9,0
30,1999,93,20400,6.3,14.4,0.6,6.4,0
30,1999,94,25700,5,17.6,0.5,5.1,0
30,1999,95,12200,3.3,9,0.9,4.4,28.3
30,1999,96,15400,2.6,14.7,0.9,1.4,0.6
30,1999,97,16900,1.6,13.8,1,4.4,0.7
30,1999,98,15600,0.6,12.3,0.9,4.5,4.6
30,1999,99,24800,-2.6,13.6,0.6,1.5,0
30,1999,100,7200,2.8,12.6,0.9,2.9,2
30,1999,101,15900,6.4,16.9,1.1,3,0.2
30,1999,102,26200,2.3,25.4,1.2,2.2,0
30,1999,103,25500,5.2,25.2,1.3,1.5,0
30,1999,104,26900,6.7,26.9,0.9,3.3,0
30,1999,105,24700,4.8,29.7,0.9,1.4,0
30,1999,106,22700,8.9,30.2,1.3,1.2,0
30,1999,107,26500,11.4,29.5,1.4,1.6,0
30,1999,108,23500,10.6,27.9,1.4,2.2,0
30,1999,109,24200,10.8,26.1,1.3,2.1,0
30,1999,110,23600,10.7,24.9,1.1,2.3,0
30,1999,111,25800,6.3,24.1,1,1.6,0
30,1999,112,27900,5.9,23.4,0.7,5.4,0
30,1999,113,28000,9,25.7,0.8,5,0
30,1999,114,26000,5.7,28.2,1,2.6,0
30,1999,115,14900,9.7,19.4,1.2,3.6,0
30,1999,116,20300,6.3,20.9,1.1,3.7,0.2
30,1999,117,28700,3.7,19.8,0.7,2.8,0
30,1999,118,27500,1.9,19.7,0.5,4.7,0
30,1999,119,29000,10.4,23.9,0.7,5.1,0
30,1999,120,27300,10.8,27,0.9,3.3,0
30,1999,121,28300,8.7,24.6,1.1,4.4,0
30,1999,122,12500,8.3,15.6,1.1,3.7,2.1
30,1999,123,16900,8,19.8,1,4,0
30,1999,124,28500,3.2,20,0.9,1.7,0
30,1999,125,30100,4.3,28.7,0.9,1.8,0
30,1999,126,28500,10.2,28.2,1.1,3.1,0
30,1999,127,30600,5.3,25.7,0.8,2.2,0
30,1999,128,30000,7.3,23.6,0.6,3.3,0
30,1999,129,28000,8.5,22.4,0.5,3.4,0
30,1999,130,24400,5.2,25.1,0.9,1.5,0
30,1999,131,29000,7.4,28.1,1.3,2.1,0
30,1999,132,27600,11.5,27.7,1.2,1.9,0
30,1999,133,31300,8.4,21.8,0.7,2.4,0
30,1999,134,31200,7.1,21.4,0.9,2,0
30,1999,135,31600,5.4,22.8,0.7,2,0
30,1999,136,30800,5.6,27,0.9,1.6,0
30,1999,137,28000,9.5,28.3,1.1,2.6,0
30,1999,138,27100,11.4,26.2,1.2,3.8,0
30,1999,139,29400,9.1,25.1,1.2,3.1,0
30,1999,140,25100,10.5,22.7,1.2,3.1,0
30,1999,141,30700,17.4,31.1,1.4,1.7,0
30,1999,142,29400,15.1,32.7,1.2,4.7,0
30,1999,143,24400,11.9,27,1.3,3.6,0
30,1999,144,25900,11.8,27,1.4,3.1,0
30,1999,145,27900,11.6,30.3,1.6,2.2,0
30,1999,146,29400,15.3,30.9,1.6,2.5,0
30,1999,147,27300,11.6,29.3,1.5,2.9,0
30,1999,148,27900,10.8,25.7,1.4,4.3,0
30,1999,149,25900,11.6,22.9,1.3,3.5,0
30,1999,150,28100,11.1,25.7,1.4,3.3,0
30,1999,151,25100,12,26,1.3,3.6,0
30,1999,152,11900,10.6,21,1.2,4.9,0
30,1999,153,27300,9.8,18.6,1.1,4.9,0
30,1999,154,19200,7.1,17,1,1.5,0.4
30,1999,155,28200,8.7,24.2,1.3,2.1,0
30,1999,156,28300,11,27.1,1.4,3.3,0
30,1999,157,33100,12.3,25.9,1.2,2.6,0
30,1999,158,33000,8.7,23.5,0.9,2.8,0
30,1999,159,33700,8.7,25.4,0.9,2,0
30,1999,160,32300,9.8,27.6,1.1,1.7,0
30,1999,161,32200,10.9,30.1,1.2,1.8,0
30,1999,162,29200,13.2,29.4,1.4,2.9,0
30,1999,163,28400,12.3,29.6,1.4,3.1,0
30,1999,164,31100,12.1,31,1.4,2.3,0
30,1999,165,29500,14.9,31,1.7,3,0
30,1999,166,27300,13,28.2,1.5,3.8,0
30,1999,167,29500,11.9,31.6,1.5,1.8,0
30,1999,168,30500,13.3,32.3,1.5,2.1,0
30,1999,169,28600,14.3,30.8,1.5,3.1,0
30,1999,170,32200,13.7,31.4,1.4,2.2,0
30,1999,171,28600,11.1,32.5,1.5,1.9,0
30,1999,172,29900,16.1,31.8,1.6,2.2,0
30,1999,173,30400,16.1,36.6,1.8,1.9,0
30,1999,174,29100,16.4,34.4,1.7,3.3,0
30,1999,175,29000,13.6,31,1.5,4.1,0
30,1999,176,33300,13.1,30.6,1.4,1.7,0
30,1999,177,32900,11.5,32.1,1.4,1.7,0
30,1999,178,32700,12.5,34,1.4,1.7,0
30,1999,179,32700,13.1,36.6,1.6,1.6,0
30,1999,180,32600,16.1,37.5,1.7,1.3,0
30,1999,181,32000,17.9,39.8,2,1.3,0
30,1999,182,32100,18.4,37.3,1.9,1.9,0
30,1999,183,32100,16,29.9,1.4,3.6,0
30,1999,184,32300,13.1,26.8,1.1,4.4,0
30,1999,185,32700,9,28.1,1.2,1.6,0
30,1999,186,30100,12,33.3,1.3,1.4,0
30,1999,187,30600,13.1,31.5,1.4,2.7,0
30,1999,188,32900,11.2,32.4,1.3,2.2,0
30,1999,189,30200,12.8,34.6,1.4,1.5,0
30,1999,190,29400,11.7,33.9,1.3,1.7,0
30,1999,191,29400,13.4,34.3,1.6,1.6,0
30,1999,192,30900,16.3,36.6,2,1.7,0
30,1999,193,28800,19.4,40.4,2,2,0
30,1999,194,26900,21.4,35.2,1.6,2.7,0
30,1999,195,26000,17.4,30.1,1.4,4.1,0
30,1999,196,24800,13.6,28.2,1.5,3.6,0
30,1999,197,27300,11.7,27,1.4,3.8,0
30,1999,198,27600,11.7,27.4,1.4,3.1,0
30,1999,199,27600,10.5,29.6,1.3,2.1,0
30,1999,200,23300,12,25.2,1.3,3.8,0
30,1999,201,21400,12,23.5,1.3,3.7,0
30,1999,202,27000,11.5,27.4,1.4,2.1,0
30,1999,203,27100,11.6,32,1.5,1.6,0
30,1999,204,24200,12.8,27.7,1.4,4,0
30,1999,205,28800,11.9,27.3,1.4,2.2,0
30,1999,206,28100,13,29.7,1.6,2.4,0
30,1999,207,24700,12.4,29.5,1.5,2.6,0
30,1999,208,22800,11.9,28,1.5,2.7,0
30,1999,209,26100,12.6,27.2,1.3,3.6,0
30,1999,210,30000,11.3,28.9,1.3,2.5,0
30,1999,211,28500,11.8,30.5,1.3,2.2,0
30,1999,212,25600,12.6,28.7,1.4,3.1,0
30,1999,213,29400,12,29,1.5,2.9,0
30,1999,214,28400,14.5,31,1.8,2.2,0
30,1999,215,27400,15,32.3,1.8,1.9,0
30,1999,216,26800,15.7,30.6,1.8,2.9,0
30,1999,217,14900,13.9,23.5,1.7,4.5,0
30,1999,218,16600,14.7,23.9,1.6,3.7,0
30,1999,219,21900,13.4,25.5,1.5,2.5,0
30,1999,220,23900,13.9,27.4,1.6,2.3,0
30,1999,221,21900,13,27.5,1.6,2.2,0
30,1999,222,10200,15,24.5,1.7,3.5,0
30,1999,223,16700,14.6,25.1,1.7,2.8,0
30,1999,224,26100,13.5,28.2,1.6,2.6,0
30,1999,225,28000,12.8,28.1,1.4,2.7,0
30,1999,226,29400,13,27.1,1.5,2.9,0
30,1999,227,27800,10.4,30.5,1.4,1.6,0
30,1999,228,26400,11.1,35,1.5,1.4,0
30,1999,229,24800,14,32.9,1.6,1.6,0
30,1999,230,21400,13.2,27.7,1.5,3.5,0
30,1999,231,28500,9.3,31.3,1.5,1.7,0
30,1999,232,27000,12.4,31.6,1.5,1.9,0
30,1999,233,27200,11.1,35.2,1.6,1.4,0
30,1999,234,27300,14.6,35.2,1.7,1.4,0
30,1999,235,23700,18,32.7,1.9,2.6,0
30,1999,236,24500,12,38.9,1.7,1.4,0
30,1999,237,25800,13.7,39.4,1.7,1.5,0
30,1999,238,16500,16.1,34.4,1.8,1.8,0
30,1999,239,21500,17.4,35.7,2,1.7,0
30,1999,240,22700,16.7,35.4,2,1.5,0
30,1999,241,22800,16.4,31.5,1.8,3.3,0
30,1999,242,24800,14.3,26.7,1.4,3.1,0
30,1999,243,25100,11.2,27.1,1,2.5,0
30,1999,244,23400,9.4,26.1,1.2,1.5,0
30,1999,245,25200,10.2,27,1.3,1.9,0
30,1999,246,22100,11,30,1.4,1.7,0
30,1999,247,23100,9.8,33.1,1.4,1.2,0
30,1999,248,25100,10.7,34.5,1.4,1.4,0
30,1999,249,24200,11.7,33.9,1.4,1.4,0
30,1999,250,23100,11.1,33.4,1.5,1.4,0
30,1999,251,22000,12.5,33.8,1.6,1.7,0
30,1999,252,19700,14.8,30.8,1.7,2.4,0
30,1999,253,20000,12.6,30.1,1.6,2.1,0
30,1999,254,19000,12.7,28.5,1.7,2.2,0
30,1999,255,20600,13.6,30.1,1.7,2,0
30,1999,256,21500,12.4,31.4,1.6,1.8,0
30,1999,257,19600,12.7,29.9,1.6,1.8,0
30,1999,258,19900,12.1,30.2,1.6,1.5,0
30,1999,259,19100,10.88,30.3,1.03,1.4,0
30,1999,260,19000,9.2,31.3,1.5,1.5,0
30,1999,261,16800,9.3,23.1,1.5,1.5,0
30,1999,262,15500,12.8,25.8,1.5,2.9,0
30,1999,263,19700,12.7,27,1.6,2,0
30,1999,264,19700,11.7,32.1,1.7,1.2,0
30,1999,265,13800,13.7,30.2,1.7,2.1,0
30,1999,266,18900,14.3,30.8,1.7,1.7,0
30,1999,267,18200,14.4,32.4,1.6,1.6,0
30,1999,268,21000,12.2,33.4,1.7,1.3,0
30,1999,269,21600,11.4,30.9,1,2.3,0
30,1999,270,21800,11.9,29.5,0.7,3.3,0
30,1999,271,21600,7.5,30.5,0.9,1.8,0
30,1999,272,21200,9,32,1.3,1.2,0
30,1999,273,20000,8.9,36.6,1.4,1,0
30,1999,274,20100,10.6,31,1.3,1.3,0
30,1999,275,15800,10.7,26.6,1.4,1.8,0
30,1999,276,16600,9,26.3,1.4,1.9,0
30,1999,277,13600,10.7,23.3,1.3,3.1,0
30,1999,278,13400,9.7,21.6,1.3,2.3,0
30,1999,279,11700,11.1,23.6,1.5,2,0
30,1999,280,18700,6.6,28.9,1.1,2.1,0
30,1999,281,18900,7.9,29.8,1.2,1.2,0
30,1999,282,18500,8.7,30.7,1.3,1.3,0
30,1999,283,18400,8.9,31.6,1.2,1.1,0
30,1999,284,17500,9.3,30.1,1.2,1.4,0
30,1999,285,17700,5.9,31.2,1.1,1.4,0
30,1999,286,13100,6.2,32,1.1,1.2,0
30,1999,287,16300,9.9,30.3,1.1,1.2,0
30,1999,288,17500,9.8,27.1,0.7,3.4,0
30,1999,289,17600,8.6,26.4,0.4,4,0
30,1999,290,16500,5,26.7,0.7,1.2,0
30,1999,291,17000,3.5,27.5,0.8,0.9,0
30,1999,292,16800,3.9,26.4,0.9,1,0
30,1999,293,16600,4.3,27.7,1,1.1,0
30,1999,294,15100,4.2,29.1,1,1,0
30,1999,295,13200,3.9,28.3,0.9,1.1,0
30,1999,296,13900,8.3,24.7,1.1,2.1,0
30,1999,297,15600,3.3,24.1,1,1.4,0
30,1999,298,14900,3.5,26,0.9,1.3,0
30,1999,299,11300,3,24.1,1.1,1.9,0
30,1999,300,4100,10.8,19.6,1.6,3.5,5.1
30,1999,301,11600,7.5,20.5,1.3,2.5,0.1
30,1999,302,15600,3.1,21.8,0.9,1.4,0
30,1999,303,15200,3.9,25.6,1.1,1.2,0
30,1999,304,15000,3.5,25.3,1,1.6,0
30,1999,305,15300,3.7,26.9,1,1,0
30,1999,306,13000,5,26.5,1.1,1,0.1
30,1999,307,10900,4,23.2,1.2,1.3,0.1
30,1999,308,13000,5.1,25,1.1,1.2,0
30,1999,309,12700,7.9,25.4,1.2,1.4,0
30,1999,310,9800,8,21,1.2,1.9,0
30,1999,311,4500,3.6,20.8,1.2,3.7,10.3
30,1999,312,11100,6.8,17.9,1.3,3.1,6.6
30,1999,313,8600,5,17,1.1,1.5,0.1
30,1999,314,3600,9.5,16.9,1.4,1.5,0.3
30,1999,315,10300,7.5,22.4,1.3,0.8,0.1
30,1999,316,11200,5.1,22.6,1.2,0.9,0.2
30,1999,317,11500,3.1,22.5,1.2,1.1,0.2
30,1999,318,6800,6,18.7,1.3,1.5,0.5
30,1999,319,6900,8,20.8,1.4,1.4,1.2
30,1999,320,3700,6.3,19.9,1.3,2.2,8.4
30,1999,321,9700,4.2,16.4,1.1,1.7,0
30,1999,322,11000,0.6,16.1,0.9,0.9,0.2
30,1999,323,3900,3.4,11.7,1.1,3.3,7.8
30,1999,324,7400,7.5,16.1,1.3,2.4,1
30,1999,325,12400,2,14.7,0.8,3,0.2
30,1999,326,11400,-0.1,14.4,0.7,1.5,0
30,1999,327,8600,-0.9,13.7,0.7,1.2,0
30,1999,328,10500,-2.4,15.4,0.8,0.9,0.1
30,1999,329,10700,-0.2,17.2,0.9,1,0
30,1999,330,9100,1.6,13.9,1,1,0.1
30,1999,331,6400,4.6,13.3,1.1,1.1,0.1
30,1999,332,5400,3.9,15.4,1.1,0.8,0.1
30,1999,333,2900,10.7,14.9,1.2,2.3,0.5
30,1999,334,5500,8.5,14.4,1.2,3.1,4.3
30,1999,335,10700,2.8,13.2,1,2,0.1
30,1999,336,9000,2.5,14.1,0.9,2.5,0.1
30,1999,337,11100,2.1,14.8,0.6,5.1,0
30,1999,338,10900,-2.6,14.7,0.8,1,0
30,1999,339,9100,-1.8,13.6,0.8,1.2,0
30,1999,340,5700,-1.9,12.6,0.9,1.5,0.1
30,1999,341,9900,-0.2,14.5,0.8,2.1,0
30,1999,342,6500,-1.3,11,0.7,1.3,0
30,1999,343,6500,3.4,13.2,0.9,2.7,1.7
30,1999,344,10700,0,12.9,0.7,3.7,0.1
30,1999,345,10500,1,14.7,0.7,1.8,0
30,1999,346,8100,-1.3,12.5,0.8,1.2,0
30,1999,347,8700,4.9,13,0.7,3.7,0
30,1999,348,9800,-0.2,13.7,0.6,1.5,0
30,1999,349,9600,-4.1,13.5,0.6,1,0
30,1999,350,10200,-4.3,14.5,0.7,1,0.1
30,1999,351,9800,-0.5,15.1,0.8,1.3,0
30,1999,352,7500,-1.4,12.4,0.8,1.4,0
30,1999,353,10000,2.8,21.4,0.7,6.3,0
30,1999,354,10500,-1.7,23.2,0.8,1.8,0
30,1999,355,10500,-1.9,22.4,0.7,3.1,0
30,1999,356,10500,-1.6,18.8,0.7,1.4,0
30,1999,357,9700,-2.7,16.4,0.7,1,0
30,1999,358,10500,-2.7,17.6,0.7,1.1,0
30,1999,359,10600,-3.8,17.8,0.7,1.2,0.1
30,1999,360,10700,-2.8,16.2,0.7,1.3,0
30,1999,361,10500,-2.7,18.5,0.8,1.5,0
30,1999,362,10700,-3.1,18.1,0.7,1.3,0.1
30,1999,363,10600,-2.8,17.4,0.7,1.1,0
30,1999,364,10700,-4.2,15.1,0.7,1.1,0.1
30,1999,365,7600,-3.6,14.1,0.7,1.8,0
