*---------------------------------------------------------*
* Weather file for rice yield gap assessment using Oryza(v3)
*      Project: Global Yield Gap Atlas (www.yieldgap.org)
*      Country: USA
*  Station_num: 166
* Station_name: Lodi West
*         Year: 2001
*       Source: http://www.cimis.water.ca.gov
*       Author: M. Espe
*         Date: 11-16-2015
*    Longitude: -121.39
*     Latitude: 38.13
*    Elevation: 25
*
*  Columns:
*  1. station number
*  2. year
*  3. day
*  4. average insolation incident on a horizontal surface (kJ m-2 d-1)
*  5. minimum temperature (degrees Celsius)
*  6. maximum temperature (degrees Celsius)
*  7. vapour pressure (kPa)
*  8. mean wind speed (m s-1)
*  9. precipitation (mm d-1)
*---------------------------------------------------------*
-121.39,38.13,25,0,0
166,2001,1,10400,-0.3,9.3,0.7,0.7,0.3
166,2001,2,10500,-0.2,14,0.8,0.6,0.3
166,2001,3,10500,-2,15,0.7,0.5,0.1
166,2001,4,10600,-2.9,15.1,0.8,0.5,0.2
166,2001,5,10800,-2,15.6,0.7,0.6,0.2
166,2001,6,11000,-1.8,15.2,0.8,0.5,0.1
166,2001,7,4600,-0.3,10.1,0.8,0.5,0.4
166,2001,8,6300,5.7,12.2,1.1,1,24.9
166,2001,9,2600,1.5,11,1,1.4,0.5
166,2001,10,1900,6.5,11.2,1,2.8,20.1
166,2001,11,2500,7.3,16,1.9,2.5,3.2
166,2001,12,10500,3.89,13.99,1.15,0.93,0.4
166,2001,13,9800,2.05,10.97,1.13,0.63,0.32
166,2001,14,11500,1.67,11.98,1.07,0.8,0.25
166,2001,15,12000,1.61,13.26,0.92,1.37,0.25
166,2001,16,12300,1.29,11.98,0.83,1.34,0.25
166,2001,17,12500,0.85,14.26,0.76,1.1,0.25
166,2001,18,9800,0,11,0.78,0.5,0
166,2001,19,11700,1.5,14.6,0.8,0.7,0
166,2001,20,6700,-0.7,12.3,0.7,0.7,0
166,2001,21,7100,-1.1,14.1,0.8,0.7,0.1
166,2001,22,12500,0.4,18.6,0.8,0.6,0
166,2001,23,2000,8.8,10.4,1,1.3,6.1
166,2001,24,9200,3.9,13.3,0.9,1.3,0.6
166,2001,25,2100,2.9,10.9,0.8,2,18.1
166,2001,26,4800,3.1,12.9,0.8,1.6,0.1
166,2001,27,13300,0.6,14.9,0.7,1.4,0
166,2001,28,12000,-0.8,12.8,0.7,0.9,0
166,2001,29,13100,3,13.5,0.9,1.2,1.3
166,2001,30,9900,0.1,10.4,0.6,1.1,0
166,2001,31,13900,-2.6,14.6,0.6,0.7,0.1
166,2001,32,10900,1.7,15,0.8,0.9,0
166,2001,33,8300,-0.5,15.4,0.8,0.6,0
166,2001,34,13000,2.6,18.8,0.9,0.8,0
166,2001,35,14100,5.5,20.8,1.1,0.7,0
166,2001,36,14600,1.6,19.4,1,0.6,0.2
166,2001,37,14000,4.7,13.2,0.7,2,2.6
166,2001,38,15600,0,12.7,0.77,3,0
166,2001,39,13600,-0.6,13.5,0.5,1.6,0
166,2001,40,5300,3.45,9.51,1.15,1.95,0.25
166,2001,41,9400,4.08,9.05,1.18,1.68,2.54
166,2001,42,8900,3.39,8.32,1.13,1.74,2.91
166,2001,43,4700,2.56,9.6,1.03,1.17,6.28
166,2001,44,13000,2.69,16.27,1.02,1.47,0.66
166,2001,45,15300,1.99,12.8,1.1,0.9,0.25
166,2001,46,9800,1.61,14.08,1.15,0.73,0.4
166,2001,47,9600,7.4,17,0.8,1,0
166,2001,48,3900,7,12.9,0.9,1.3,0.4
166,2001,49,5000,7,15.4,1.1,1.1,1.9
166,2001,50,5700,8.3,15.2,1.1,2.1,13.4
166,2001,51,5500,8.9,13.6,1.1,1.7,1.1
166,2001,52,10400,8.8,15.6,1.1,2,4.4
166,2001,53,12100,6,13.5,0.9,1.5,9.7
166,2001,54,15400,5.3,13.3,0.9,1.5,4.3
166,2001,55,4900,6.2,9.5,0.9,2.8,14
166,2001,56,10200,6.9,17.1,1,1.4,0.2
166,2001,57,14800,5.8,14.8,0.9,0.8,0
166,2001,58,19400,2,19.7,0.8,1.6,0.1
166,2001,59,19200,0.8,16,0.7,1.4,0
166,2001,60,9700,1.1,16.6,0.8,0.9,0
166,2001,61,10500,5,12.1,1,0.9,10.1
166,2001,62,7200,2.5,12.5,1,0.8,5.8
166,2001,63,2600,10.2,14.7,1.1,3.2,13.8
166,2001,64,6500,10.1,15.8,1.2,1.6,9.9
166,2001,65,14300,8,19,1.2,1.2,0
166,2001,66,18500,6.1,19.3,1.2,0.8,0
166,2001,67,16600,4.3,17.2,1.1,0.7,0
166,2001,68,17600,2.6,16.3,0.9,1.2,0
166,2001,69,21100,2.1,19,0.8,1.1,0
166,2001,70,18300,2.6,18.2,1,0.8,0
166,2001,71,21300,1,21.1,0.9,0.7,0
166,2001,72,19500,3.7,21.1,1.1,0.8,0
166,2001,73,21700,3.2,20.8,1.1,0.9,0
166,2001,74,11700,3.5,18.3,1,1,0.1
166,2001,75,20900,5,19.1,0.9,1.5,0
166,2001,76,16800,4.1,22.5,1.1,0.9,0
166,2001,77,21400,5.4,24.8,1.3,0.6,0
166,2001,78,18600,6.8,25.6,1.5,0.5,0
166,2001,79,19000,11,27.4,1.6,0.5,0.1
166,2001,80,18400,9.4,24.8,1.5,1.3,0
166,2001,81,17300,10.4,19.8,1.2,2,0
166,2001,82,18800,9.3,20.3,1.2,1.2,0
166,2001,83,9400,8.7,23,1.4,1,7
166,2001,84,18900,10.1,19.5,1.2,1.4,0.6
166,2001,85,23100,7.5,21.4,1.1,1.7,0
166,2001,86,20200,6.8,24,1.1,1.2,0
166,2001,87,21500,10.5,25.6,1.4,1.5,0
166,2001,88,23300,7.6,25.7,1.2,1.7,0
166,2001,89,24700,7.7,27.4,1.1,1.2,0
166,2001,90,25100,7.1,28,1.2,1.1,0
166,2001,91,23800,6.8,22.6,1,1.3,0
166,2001,92,19000,5.6,16.1,0.7,2,0
166,2001,93,23500,1.7,15.8,0.6,1.1,0
166,2001,94,21200,0.1,17.9,0.7,0.9,0
166,2001,95,24100,2.8,20.8,0.8,1.2,0
166,2001,96,8700,6.5,11.4,1,1.2,10.7
166,2001,97,20300,4.2,13.6,0.9,1.3,2.7
166,2001,98,18400,1.1,13.7,0.8,1.2,16.1
166,2001,99,24800,3.7,17.5,0.8,1.7,0.1
166,2001,100,25200,2.7,20.1,0.8,1.4,0
166,2001,101,18300,4.1,17.3,1,1.7,0
166,2001,102,23700,1.1,19.3,0.8,0.8,0
166,2001,103,21800,3.3,16.7,0.9,1.1,0
166,2001,104,23100,2,19.6,0.9,1,0
166,2001,105,25200,2.1,21.2,0.9,1,0
166,2001,106,22300,6.8,21.1,1,1,0
166,2001,107,22400,5.4,23.6,1.1,0.8,0
166,2001,108,14800,5.9,22.9,1.1,1.3,0.2
166,2001,109,18800,5.8,18.1,0.9,1.5,0
166,2001,110,8600,3.6,12.3,1,1.3,14.1
166,2001,111,27000,3.8,19.5,1,1.1,0.1
166,2001,112,26200,6.1,22,1.2,0.9,0
166,2001,113,27900,4.8,24.3,1.2,0.7,0
166,2001,114,27000,8.1,29.2,1.4,0.5,0
166,2001,115,25600,9.4,31,1.5,0.4,0
166,2001,116,24500,7.9,26.8,1.2,1.2,0
166,2001,117,24400,7.4,24,1.2,1.7,0
166,2001,118,23900,10,20.8,1.1,2,0
166,2001,119,28500,6.5,25.2,1,1.3,0
166,2001,120,27100,8.2,28.7,1.2,1.1,0
166,2001,121,29600,12.9,27.5,0.9,2.3,0
166,2001,122,30600,12.3,25,0.5,4,0
166,2001,123,30600,11.3,28.1,0.5,2.5,0
166,2001,124,30000,5.8,30,0.9,0.9,0
166,2001,125,29300,9.7,30.8,1.1,1.1,0
166,2001,126,30000,8.6,32.3,1,0.8,0
166,2001,127,30000,9.7,34.3,1.2,0.7,0
166,2001,128,30200,12.8,35.4,1.4,0.8,0
166,2001,129,29800,12.9,33.5,1.4,1.1,0
166,2001,130,30100,10.6,35.2,1.3,0.8,0
166,2001,131,26400,13.2,32.1,1.3,1.3,0
166,2001,132,19600,12.2,22.9,1.3,2.1,0
166,2001,133,25200,9.6,22.9,1.2,1.6,0
166,2001,134,26100,6.6,26.1,1,1.6,0
166,2001,135,18200,14.2,26.2,1.5,1.7,0
166,2001,136,30200,13.2,27.7,1.4,1,0
166,2001,137,30900,10.2,30.4,1.3,1,0
166,2001,138,31100,12,32.1,1.3,1.3,0
166,2001,139,31000,12.3,35.2,1.4,1.3,0
166,2001,140,29500,14.2,34.8,1.4,1.5,0
166,2001,141,28600,16.1,36.8,1.4,1.2,0
166,2001,142,28300,13.5,33.6,1.3,1.5,0
166,2001,143,28300,14.1,33,1.4,1.4,0
166,2001,144,28800,13,32.9,1.3,1.3,0
166,2001,145,21500,11.1,30.5,1.1,1.3,0
166,2001,146,24900,10.4,27.7,1.3,0.6,0
166,2001,147,24000,8.5,22.7,1.2,1.6,0
166,2001,148,30400,8.7,25.6,1.2,0.9,0
166,2001,149,32100,11,31.1,1.3,0.8,0
166,2001,150,32500,12.7,35.2,1.5,0.8,0
166,2001,151,31900,14.4,37.6,1.6,0.9,0
166,2001,152,24800,12.9,28.5,1.4,1.4,0
166,2001,153,31500,8.6,25.8,1.1,1.1,0
166,2001,154,32800,8.9,26.3,1,1.7,0
166,2001,155,31700,11.3,29.1,1,1.4,0
166,2001,156,29500,8.5,28.6,1.1,1.4,0
166,2001,157,31800,9.5,31.3,1.3,1.2,0
166,2001,158,32000,13.6,34.5,1.4,1.1,0
166,2001,159,29100,12.5,31.3,1.2,1.4,0
166,2001,160,30400,9.4,30.1,1.2,1.3,0
166,2001,161,31800,7.5,27.9,1.2,1.1,0
166,2001,162,24800,13.5,27,1.4,1.7,0
166,2001,163,31300,14.5,29.3,1.3,1.6,0
166,2001,164,33100,12.9,29.4,1,1.9,0
166,2001,165,32700,10.3,34.9,1.3,0.7,0
166,2001,166,32800,12.4,33.6,1.5,0.7,0
166,2001,167,32100,11,34.7,1.6,0.8,0
166,2001,168,29700,12.8,33.2,1.4,1,0
166,2001,169,32500,12.1,34.1,1.4,0.8,0
166,2001,170,32400,14.2,35.6,1.6,0.8,0
166,2001,171,32400,13.8,37.1,1.6,1,0
166,2001,172,31600,15.1,36.6,1.6,1,0
166,2001,173,30200,13.5,35.8,1.5,1,0
166,2001,174,27000,10.3,30.4,1.2,0.9,0
166,2001,175,25500,7.5,27.9,1.1,1.2,0
166,2001,176,12900,11.7,25.2,1.3,1.3,2.1
166,2001,177,19100,12.7,26.6,1.5,0.7,0
166,2001,178,10800,15.3,24.5,1.6,0.5,0
166,2001,179,26600,13.7,28.3,1.6,0.7,0
166,2001,180,31600,12.1,32.3,1.5,0.5,0
166,2001,181,31800,13.4,33.6,1.5,0.5,0
166,2001,182,32800,13.2,34.9,1.6,0.4,0
166,2001,183,32200,13.7,37.1,1.8,0.5,0
166,2001,184,29100,18.7,38.8,1.9,0.4,0
166,2001,185,18000,20.1,33.7,1.7,0.5,0
166,2001,186,29500,16.3,33.7,1.6,0.6,0
166,2001,187,28500,12.32,34.4,1.14,1.4,0
166,2001,188,23600,15.8,31.7,1.5,1.3,0
166,2001,189,29700,14.2,32,1.4,1.6,0
166,2001,190,26000,14.9,28,1.4,2,0
166,2001,191,24800,14,27.2,1.4,2,0
166,2001,192,25000,13.4,24.8,1.4,2.1,0
166,2001,193,24700,12.8,28.2,1.5,1.6,0
166,2001,194,29300,9.7,32.3,1.5,1.2,0
166,2001,195,27000,9.7,27.5,1.4,1.1,0
166,2001,196,29700,8.4,27.2,1.4,1.1,0
166,2001,197,26100,10.6,24.7,1.3,1.2,0
166,2001,198,28800,8.3,28.2,1.3,1,0
166,2001,199,29300,10.1,30.7,1.4,1,0
166,2001,200,27400,12.4,27.3,1.5,1.2,0
166,2001,201,27300,9.8,26,1.4,1,0
166,2001,202,28500,9.3,26.5,1.4,1.1,0
166,2001,203,28500,10.2,31.9,1.4,1,0
166,2001,204,27500,12.8,32.8,1.6,1.2,0
166,2001,205,26000,14,30.8,1.6,1.3,0
166,2001,206,25800,14,30.4,1.6,1.7,0
166,2001,207,25200,13.8,30.7,1.6,1.4,0
166,2001,208,26200,10.9,32.1,1.5,1.2,0
166,2001,209,29300,10,32.5,1.6,1.1,0
166,2001,210,29000,11.7,29,1.5,1.2,0
166,2001,211,23400,12.9,24.7,1.5,1.7,0
166,2001,212,25700,11.2,31.1,1.6,1.1,0
166,2001,213,28500,12.1,31.4,1.6,1.1,0
166,2001,214,27800,11.2,31.5,1.4,1.3,0
166,2001,215,27600,13.5,28.1,1.6,1.7,0
166,2001,216,26700,12,28.1,1.6,1.6,0
166,2001,217,28900,13.4,30.8,1.5,1.3,0
166,2001,218,28300,12.1,34.6,1.6,1.1,0
166,2001,219,27000,13.7,36.5,1.7,0.9,0
166,2001,220,26200,16.2,37,1.7,1.2,0
166,2001,221,23800,14.9,28.3,1.6,1.9,0
166,2001,222,26700,14.6,28.6,1.5,1.9,0
166,2001,223,26500,13,31.3,1.5,1.4,0
166,2001,224,24300,11.1,26.6,1.4,1.7,0
166,2001,225,25600,13,27.8,1.4,1.7,0
166,2001,226,25800,8.8,32.2,1.5,1,0
166,2001,227,25200,10.3,32.5,1.5,0.9,0
166,2001,228,26300,9.4,34.6,1.6,0.8,0
166,2001,229,25600,13.4,35.7,1.6,1,0
166,2001,230,28500,10.6,33.5,1.4,0.9,0
166,2001,231,24100,11.5,33,1.5,1.2,0
166,2001,232,22900,9,25.7,1.3,1.1,0
166,2001,233,27000,9.7,27.7,1.4,1.2,0
166,2001,234,23400,11,25.3,1.6,1.5,0
166,2001,235,21900,12.9,28.9,1.7,1.6,0
166,2001,236,25700,13.9,30.7,1.6,1.2,0
166,2001,237,26500,11.6,34,1.5,0.9,0
166,2001,238,26300,12,35,1.5,0.9,0
166,2001,239,26200,12.1,36.9,1.5,1,0
166,2001,240,24600,14.41,36.6,1.4,1.1,0
166,2001,241,22600,12.6,31.8,1.6,1.1,0
166,2001,242,19700,11.2,27.3,1.5,1,0
166,2001,243,21500,11.9,30.5,1.6,0.9,0
166,2001,244,24200,11.7,32.7,1.5,0.9,0
166,2001,245,24800,12.7,34.2,1.4,1,0
166,2001,246,25300,13.9,34.9,1.2,1.1,0
166,2001,247,22700,13.3,34,1.2,1.1,0
166,2001,248,25400,9.6,30.3,1.3,1.1,0
166,2001,249,25400,9.9,32,1.1,1.1,0
166,2001,250,23800,9.9,33.5,1.2,0.9,0
166,2001,251,21200,10,29.7,1.3,1.2,0
166,2001,252,18100,13.3,25,1.4,1.9,0
166,2001,253,22100,13.4,27.2,1.4,1.3,0
166,2001,254,19800,15.9,28.8,1.4,1.5,0
166,2001,255,18300,12.2,25.6,1.5,1.4,0
166,2001,256,19500,9.8,28.7,1.5,0.9,0
166,2001,257,21400,11.3,32.6,1.5,0.8,0
166,2001,258,19800,10.7,30.6,1.4,1,0
166,2001,259,17600,11.3,26.6,1.5,1,0
166,2001,260,19000,9.3,29.8,1.5,1,0
166,2001,261,20300,12.1,29.2,1.5,1,0
166,2001,262,19000,12.3,31.4,1.5,1,0
166,2001,263,18800,11.2,30.9,1.4,1,0
166,2001,264,18600,11,30.4,1.4,1,0
166,2001,265,17700,9.8,31,1.4,0.7,0
166,2001,266,16100,9.9,27.7,1.4,0.9,0
166,2001,267,12300,8.9,25.1,1.4,1.2,4.7
166,2001,268,17500,10.7,24.6,1.5,0.8,0.1
166,2001,269,19800,10.3,28.7,1.5,1.1,0
166,2001,270,18800,11,25.5,1.3,1.1,0
166,2001,271,19400,7.7,25.8,1.1,1.1,0
166,2001,272,20300,7.6,31.6,1.3,0.8,0
166,2001,273,19100,10.2,34.3,1.5,0.6,0
166,2001,274,19500,12.8,36.4,1.4,0.9,0
166,2001,275,18400,12.4,35.8,1.5,0.9,0
166,2001,276,19200,11.6,34.3,1.5,0.8,0
166,2001,277,14300,12.9,23.1,1.4,1.8,0
166,2001,278,15000,9.4,22,1.3,1.3,0
166,2001,279,16700,7.3,24.2,1.3,0.7,0
166,2001,280,14700,8.8,23.4,1.4,0.9,0
166,2001,281,17100,8,24.6,1.3,0.8,0
166,2001,282,19000,9,25.8,0.9,1.4,0
166,2001,283,18200,3.5,29.4,0.9,0.5,0
166,2001,284,13500,9,26.7,1.2,1,0
166,2001,285,17900,11.6,30.2,0.9,1.4,0
166,2001,286,18200,6.9,29.8,1.1,0.6,0
166,2001,287,16300,8.6,31,1.2,0.6,0
166,2001,288,14700,8.9,31.8,1.3,0.6,0
166,2001,289,10300,10.2,25.1,1.3,1.1,0
166,2001,290,12900,10.3,23.7,1.3,1.1,0
166,2001,291,16400,6.3,28.2,1.2,0.7,0
166,2001,292,13000,6.7,28.1,1.2,0.5,0
166,2001,293,12600,7.3,26.8,1.2,0.7,0
166,2001,294,12200,5.6,20.2,1.1,1.1,0
166,2001,295,16000,4.9,25,1.2,0.9,0
166,2001,296,16200,9.7,24.3,1.2,1.5,0
166,2001,297,15600,5.3,26.1,0.7,1,0
166,2001,298,14900,3.8,26.3,0.9,0.5,0
166,2001,299,14400,5.8,27.8,1.1,0.7,0
166,2001,300,8500,10.5,20.6,1.3,1.2,0
166,2001,301,8600,6.8,22,1.3,0.7,0
166,2001,302,6700,9.8,21.1,1.4,0.5,0
166,2001,303,7100,10.5,20.9,1.5,1.4,8.5
166,2001,304,11400,6.5,20.5,1.3,0.6,0.1
166,2001,305,12200,5,20.6,1.2,0.6,0
166,2001,306,12400,5.4,21.7,1.2,0.7,0.1
166,2001,307,13200,6.7,23.4,1.2,0.6,0.1
166,2001,308,13100,5.7,25.8,1.2,0.6,0
166,2001,309,14100,5.2,24.3,1.2,0.6,0
166,2001,310,10700,4.7,19.6,1.1,0.8,0
166,2001,311,14100,2.3,21.1,0.9,0.7,0
166,2001,312,13900,2.9,23.2,1,0.6,0
166,2001,313,11900,4.3,25.6,1.1,0.6,0
166,2001,314,7100,4.3,20.6,1.2,0.7,1.9
166,2001,315,3700,14.8,21.9,1.6,2,2.7
166,2001,316,2000,10.2,18.8,1.4,1.5,27.3
166,2001,317,4200,10.6,17.4,1.3,0.9,0.6
166,2001,318,7200,11.3,19,1.4,0.5,0
166,2001,319,7700,8.5,19.8,1.4,0.5,0.1
166,2001,320,3600,8.6,20,1.4,0.6,0.1
166,2001,321,11500,7.2,19.3,1.3,0.6,0
166,2001,322,8700,5.7,18.6,1.2,0.6,0.2
166,2001,323,6100,7.6,17.9,1.3,0.9,0.1
166,2001,324,5900,9.5,19.2,1.3,0.7,0
166,2001,325,2100,12.5,15.7,1.4,1.2,3.2
166,2001,326,7800,7.5,17.8,1.3,1.3,0.3
166,2001,327,4600,7.2,14.1,1.1,0.9,0
166,2001,328,5100,8,15.1,1.1,2.8,8.6
166,2001,329,7300,3.58,10.6,1.22,0.9,0.36
166,2001,330,11700,4,13.1,0.9,1.1,0
166,2001,331,11800,1.1,13.4,0.7,1,0
166,2001,332,3100,5.5,10.3,0.9,2.4,0
166,2001,333,9000,6.9,14.6,1,1.8,0
166,2001,334,8200,7.8,13.9,1,0.8,0
166,2001,335,1600,5.6,12.62,1.38,2.38,0.25
166,2001,336,4700,5.92,13.71,1.44,2.79,0.25
166,2001,337,9000,2.24,11.61,1.21,1.14,0.25
166,2001,338,8700,1.36,10.79,1.09,0.83,0.25
166,2001,339,2500,4.15,12.07,1.38,1.41,4.54
166,2001,340,7700,5.73,14.99,1.43,0.9,0.54
166,2001,341,9800,4.91,17.28,1.19,1.47,0.25
166,2001,342,7500,5.03,17.65,1.17,1.27,0.51
166,2001,343,9200,4.15,12.71,1.17,1.14,0.25
166,2001,344,10700,2.18,11.98,1.06,1.24,0.25
166,2001,345,9000,2.05,10.88,1.01,1,0.25
166,2001,346,8600,2.43,13.99,1.05,0.73,4.76
166,2001,347,5600,2.37,14.9,1.06,1.17,2.88
166,2001,348,10200,2.31,10.6,1.12,1.71,16.2
166,2001,349,8600,0.34,10.51,0.91,0.9,0.25
166,2001,350,3600,2.88,13.35,1.09,1.24,0.25
166,2001,351,6700,3.77,11.79,1.15,1.34,0.25
166,2001,352,6200,2.88,13.17,1.15,0.9,0.25
166,2001,353,4900,1.67,15.18,1.12,1.51,0.25
166,2001,354,3400,3.51,10.97,1.28,2.18,5.13
166,2001,355,5700,0,10.9,1,0.7,0
166,2001,356,4400,6.7,10.4,1,2,3.4
166,2001,357,6600,3.7,12.4,1,1,2
166,2001,358,7500,0.2,13.3,0.9,0.7,0.2
166,2001,359,3300,2.3,10.8,0.9,0.6,0.1
166,2001,360,4200,7.2,11.7,1.1,0.8,0
166,2001,361,3000,0,11.7,1,1.2,2.5
166,2001,362,1300,9,11,1.2,1.6,36
166,2001,363,4400,10,13.5,1.3,2.1,13.7
166,2001,364,1900,12.2,14.1,1.4,1.3,16.7
166,2001,365,4400,9.9,13.8,1.3,1.1,0.1
