*---------------------------------------------------------*
* Weather file for rice yield gap assessment using Oryza(v3)
*      Project: Global Yield Gap Atlas (www.yieldgap.org)
*      Country: USA
*  Station_num: 30
* Station_name: Nicolaus
*         Year: 2008
*       Source: http://www.cimis.water.ca.gov
*       Author: M. Espe
*         Date: 11-17-2015
*    Longitude: -121.54
*     Latitude: 38.87
*    Elevation: 32
*
*  Columns:
*  1. station number
*  2. year
*  3. day
*  4. average insolation incident on a horizontal surface (kJ m-2 d-1)
*  5. minimum temperature (degrees Celsius)
*  6. maximum temperature (degrees Celsius)
*  7. vapour pressure (kPa)
*  8. mean wind speed (m s-1)
*  9. precipitation (mm d-1)
*---------------------------------------------------------*
-121.54,38.87,32,0,0
30,2008,1,8900,-3.1,12.1,0.7,1.3,0.2
30,2008,2,8500,0,14.4,0.7,1,0
30,2008,3,2600,2.4,11.6,0.9,3.6,9.3
30,2008,4,1500,7.4,11.1,1,9.2,40.2
30,2008,5,1800,4.5,9.7,0.9,4.2,14.5
30,2008,6,6900,4,11.3,0.9,2.7,0.2
30,2008,7,8200,3.4,11.1,0.8,1.8,0
30,2008,8,2900,5.7,8.8,0.9,5.1,5.6
30,2008,9,3700,6.7,9.5,1,1.6,0.4
30,2008,10,4300,6.7,11.4,1.1,1.4,2.9
30,2008,11,3800,6.8,11,1.1,1.5,0
30,2008,12,6300,4.5,13.1,1,1.2,0
30,2008,13,9000,0.5,13,0.9,0.9,0.3
30,2008,14,7400,-1.2,11,0.8,1.2,0.3
30,2008,15,9300,2.4,14.4,0.7,2.2,0.3
30,2008,16,10200,0.8,13.1,0.5,5,0
30,2008,17,10700,-0.1,13,0.6,2.3,0
30,2008,18,10700,-2.7,13.5,0.7,1.1,0.1
30,2008,19,10600,-2.1,14.5,0.7,1.1,0.1
30,2008,20,8400,2.3,11,0.8,2.5,0
30,2008,21,6600,2.3,10.4,0.8,2.7,2.6
30,2008,22,3400,3.5,6,0.8,2.4,16.1
30,2008,23,3200,4,6.6,0.8,2.3,18.3
30,2008,24,5800,3.3,8.4,0.8,5.1,5.3
30,2008,25,2700,4.5,11.6,1,2.3,27
30,2008,26,8400,8.4,16.3,1,2.7,5.7
30,2008,27,4800,5.4,13.1,1.1,4.6,11.2
30,2008,28,11700,2.4,11.4,0.6,2.6,0
30,2008,29,4500,1.6,6.4,0.7,3.8,2.4
30,2008,30,11600,0.8,12.2,0.7,1.6,0
30,2008,31,2800,5,8.1,0.8,5,8.3
30,2008,32,8700,0.7,10.4,0.8,1.7,0.2
30,2008,33,4300,1.7,8,0.8,5.9,5.6
30,2008,34,11400,2.8,14.5,0.8,2.9,0.7
30,2008,35,13000,1.3,12.1,0.6,4.9,0.1
30,2008,36,12800,-1.9,12.5,0.6,2,0
30,2008,37,12200,2.1,12.9,0.8,2.1,0
30,2008,38,11600,0.5,15.3,0.9,1.4,0.2
30,2008,39,13100,0.1,17.6,0.8,1.4,0.1
30,2008,40,13400,-0.3,17.9,0.9,1,0
30,2008,41,13600,-0.1,19,0.9,1.2,0.1
30,2008,42,13400,1.3,20,1,1.3,0.2
30,2008,43,13900,3.6,20.6,1,1.2,0
30,2008,44,14000,2,16.3,0.7,4.5,0
30,2008,45,14800,2.8,15.5,0.5,4.4,0
30,2008,46,14600,-0.4,16.2,0.7,2,0
30,2008,47,14600,-1.2,18.4,0.7,1.3,0
30,2008,48,14700,-0.4,18.1,0.8,1.2,0
30,2008,49,14400,0.3,18.3,0.9,1.4,0
30,2008,50,6700,5.7,12.7,1,2.8,11.3
30,2008,51,12000,4.9,15.3,1,1.4,0.2
30,2008,52,5400,5.1,12,1,4,3.2
30,2008,53,9700,5.2,13.3,1,3.1,1.2
30,2008,54,3300,2.4,10.2,0.9,3.5,9.9
30,2008,55,6400,8.7,13,1.1,6.3,13.5
30,2008,56,14700,6,16,1,1.9,0
30,2008,57,15400,0,17.5,1,0.9,0
30,2008,58,16100,2.3,19.9,1,1.2,0.1
30,2008,59,16800,2.4,22.1,1.1,1.2,0.1
30,2008,60,16400,5.4,21.6,1.2,2.4,0
30,2008,61,16300,7.8,17.1,0.9,3.7,0
30,2008,62,17200,5.3,18.5,0.6,6.8,0
30,2008,63,17300,0.2,18.8,0.8,1.5,0
30,2008,64,18100,1,20.9,0.8,1.5,0
30,2008,65,18400,2.3,20.3,0.6,3.5,0
30,2008,66,10800,1.1,18.4,0.8,1.3,0
30,2008,67,15900,0.7,21,0.9,1.3,0
30,2008,68,18100,1.8,21.1,0.8,2.4,0
30,2008,69,18100,0.5,22.4,0.8,1.3,0
30,2008,70,16800,3,22.2,1.1,1.4,0
30,2008,71,14000,4,21.2,1.1,1.7,0
30,2008,72,15800,6.9,19.8,1.2,2.3,0
30,2008,73,17000,6.8,21.5,1.1,3.9,0
30,2008,74,13900,5.3,16.4,0.9,3.6,0
30,2008,75,16400,1.5,15.3,0.7,2.5,0
30,2008,76,20400,3.6,17.7,0.6,4.9,0
30,2008,77,20000,0.5,22,0.7,2.3,0
30,2008,78,19300,5.1,21.3,1,1.5,0
30,2008,79,17800,6.8,19.2,1.1,2.8,0
30,2008,80,20800,3.1,18.9,0.9,1.7,0
30,2008,81,21300,-0.3,20,0.7,2.2,0
30,2008,82,21200,-0.1,24.5,0.8,1.3,0
30,2008,83,21500,1,25.4,0.9,1.2,0
30,2008,84,21000,2.2,25.3,1,1.6,0
30,2008,85,21000,8,22.5,1,0.5,0
30,2008,86,20100,2.5,18.5,0.8,0.5,0
30,2008,87,20400,1.1,17.3,0.5,0.5,0
30,2008,88,13600,4.1,18.7,0.9,0.5,0
30,2008,89,14000,7.6,16.7,1,0.5,0
30,2008,90,22000,2.8,18.5,0.7,0.5,0
30,2008,91,22300,-0.2,19.2,0.6,0.5,0
30,2008,92,18300,0,21,0.7,1.2,0
30,2008,93,19500,0.5,22.5,0.8,1.5,0
30,2008,94,23200,2.5,24.7,0.9,1.7,0
30,2008,95,20600,6.1,21.6,0.9,3.6,0
30,2008,96,23200,3,20.5,0.9,2.4,0
30,2008,97,21600,5.1,20.1,0.9,3.1,0
30,2008,98,23800,0.5,19.6,0.7,1.8,0
30,2008,99,20800,5.5,18.1,0.8,2.3,0
30,2008,100,23800,1,21.9,0.8,1.4,0
30,2008,101,24300,1.9,25.3,0.7,2.4,0
30,2008,102,24500,6.6,29.7,0.8,1.7,0
30,2008,103,24600,7.7,31.3,1,1.1,0
30,2008,104,24400,7.7,31.5,1,1.5,0
30,2008,105,21700,4.3,21.7,0.9,4.1,0
30,2008,106,25400,-0.5,18.2,0.6,2.2,0
30,2008,107,25600,3.9,23.7,0.6,4,0
30,2008,108,25600,2.1,27.1,0.8,1.7,0
30,2008,109,24900,9.6,25.3,0.9,3.3,0
30,2008,110,25900,3.2,20,0.8,3.5,0
30,2008,111,26300,-2.5,16.6,0.5,1.5,0
30,2008,112,25800,1.5,17.4,0.7,2.2,0
30,2008,113,14700,6.8,18.5,0.9,2.8,1.5
30,2008,114,19300,3.3,17.6,0.9,2.6,0
30,2008,115,26700,-1,21.2,0.7,2,0
30,2008,116,25700,2.2,25.6,0.8,1.5,0
30,2008,117,25900,7.7,29.9,1.1,1.8,0
30,2008,118,26000,9.3,33.7,1.2,1.3,0
30,2008,119,25600,10.6,30.1,1.2,1.7,0
30,2008,120,25700,8.2,21.1,0.9,2.9,0
30,2008,121,27200,3.9,19.4,0.6,2.7,0
30,2008,122,27200,5.4,24,0.7,3,0
30,2008,123,16900,7,23.9,1,1.7,0
30,2008,124,27200,5.5,27.8,1,1.2,0
30,2008,125,27100,6.5,25.2,1.2,2,0.4
30,2008,126,26900,8.2,29.8,1.2,2,0
30,2008,127,26700,0,29.4,1.4,1.5,0
30,2008,128,27400,11,25.3,1.1,1.9,0
30,2008,129,27700,8.6,27.5,1.2,2.1,0
30,2008,130,27600,9.6,26.8,1,1.8,0
30,2008,131,27800,6.3,28.5,1.1,1.9,0
30,2008,132,26800,12.1,27.3,1.3,2,0
30,2008,133,27700,9.2,25.3,0.7,4.3,0
30,2008,134,27600,6.8,29.7,1,2.1,0
30,2008,135,24400,11.9,31.9,1.3,3.2,0
30,2008,136,27400,19.8,35.6,1.5,3.7,0
30,2008,137,28000,14.5,36.4,1.7,1.3,0
30,2008,138,28200,16.3,39.1,1.7,1.4,0
30,2008,139,28400,17.2,36.8,1.3,2.7,0
30,2008,140,27500,13.3,34.4,1.3,2.1,0
30,2008,141,25300,10.6,31,1.2,4.5,0
30,2008,142,29200,11,26.2,0.6,7.2,0
30,2008,143,28600,13.6,25.4,0.6,7.3,0
30,2008,144,20200,13.8,23.8,0.8,4.3,0
30,2008,145,10300,11.3,16.7,1.1,3.6,0.1
30,2008,146,24000,9.7,23.8,1,2.6,0
30,2008,147,27300,11.2,22.3,1.1,4.8,0
30,2008,148,26000,9.6,24.8,1.1,3.5,0
30,2008,149,28200,9.9,23.2,1,3.6,0
30,2008,150,27900,10.5,24.9,1.1,3.2,0
30,2008,151,28700,9.3,26.6,1.1,2.5,0
30,2008,152,28500,10.9,25.3,1.2,4.1,0
30,2008,153,29100,10.5,27.6,1.2,2.9,0
30,2008,154,29200,10.3,29.2,1.1,2.7,0
30,2008,155,26800,8.62,28.7,1.3,3.4,0
30,2008,156,29800,11,25.8,0.8,4.4,0
30,2008,157,28800,7.9,29.4,1,2.9,0
30,2008,158,29800,10.2,27.4,1,2.5,0
30,2008,159,30300,11.1,28.9,0.9,4.1,0
30,2008,160,29600,9,32.6,1,2.1,0
30,2008,161,29500,10.6,35.6,1.3,1.8,0
30,2008,162,30700,15.5,29.2,0.6,6,0
30,2008,163,30700,14.5,30.3,0.8,4.9,0
30,2008,164,30300,12.3,32.7,1.1,3.1,0
30,2008,165,29700,14.7,34.5,1.3,1.7,0
30,2008,166,30000,14.3,31.6,1.4,2.9,0
30,2008,167,29700,12.5,31.7,1.4,3.1,0
30,2008,168,29800,11.3,30.7,1.3,2.8,0
30,2008,169,29800,11.3,34.3,1.3,1.7,0
30,2008,170,30000,11.9,34.9,1.2,1.7,0
30,2008,171,27800,12.8,36.4,1.3,1.6,0
30,2008,172,28300,15.9,37.5,1.4,1.4,0
30,2008,173,27400,17.7,36.6,1.5,1.9,0
30,2008,174,30100,14.8,33.1,1.4,1.9,0
30,2008,175,29200,13,30.8,1.4,1.9,0
30,2008,176,27200,12.4,31.1,1.4,2,0
30,2008,177,27600,13,29.5,1.5,2.3,0
30,2008,178,27400,12.5,30.2,1.6,1.3,0
30,2008,179,27950,15.8,31.5,1.7,2,0
30,2008,180,28500,14.8,30.4,1.5,2.9,0
30,2008,181,29700,12.5,30.7,1.4,2.7,0
30,2008,182,28800,12.5,30.5,1.5,2.5,0
30,2008,183,29500,12,31.2,1.5,1.9,0
30,2008,184,29200,12.3,31.9,1.5,2.3,0
30,2008,185,29000,15,31.9,1.5,3.6,0
30,2008,186,28800,14.7,29.7,1.6,2.8,0
30,2008,187,28700,13.8,33.5,1.7,1.5,0
30,2008,188,28700,15.2,36.5,1.9,1.4,0
30,2008,189,28700,17.6,39.5,2.2,1.1,0
30,2008,190,28400,18.8,38,2.2,1.5,0
30,2008,191,27400,18.4,39.7,2.2,0.4,0
30,2008,192,27400,17.7,37.5,2.1,1,0
30,2008,193,26400,16.6,29.9,1.7,2.3,0
30,2008,194,27800,16.2,31.8,1.8,2.3,0
30,2008,195,27600,16.2,35,1.8,1.9,0
30,2008,196,27400,17.5,32.6,1.7,3,0
30,2008,197,28500,15.2,30.1,1.6,3.3,0
30,2008,198,28800,13.1,32.1,1.7,2.1,0
30,2008,199,29000,13.4,32.7,1.6,1.9,0
30,2008,200,29300,11.4,34.7,1.6,1.4,0
30,2008,201,28900,13.9,34,1.6,1.9,0
30,2008,202,27100,11.8,27.8,1.4,3.7,0
30,2008,203,27800,10.7,27.1,1.4,2.9,0
30,2008,204,28500,9.6,31.3,1.5,1.4,0
30,2008,205,28500,12.9,33.5,1.5,1.3,0
30,2008,206,28700,12.2,34.8,1.5,1.4,0
30,2008,207,28500,12.5,34.7,1.6,1.5,0
30,2008,208,28300,14.8,35.8,1.6,1.6,0
30,2008,209,28100,14.1,32.1,1.5,3.5,0
30,2008,210,27300,12.5,31.4,1.4,3.3,0
30,2008,211,27600,14.7,32.1,1.4,3.1,0
30,2008,212,27400,12.9,32.7,1.4,1.8,0
30,2008,213,27500,13.2,33,1.4,2.9,0
30,2008,214,27100,12.7,33.6,1.4,2.1,0
30,2008,215,27500,13.6,35.2,1.4,2,0
30,2008,216,27900,13.4,32.4,1.3,2.6,0
30,2008,217,27900,11.5,33.1,1.4,1.9,0
30,2008,218,24700,11.9,31.8,1.4,2.2,0
30,2008,219,25900,14.7,36,1.5,1.8,0
30,2008,220,26600,15.4,33.1,1.4,3.1,0
30,2008,221,26700,13.6,30.2,1.3,3.8,0
30,2008,222,26800,11.5,31,1.4,2.6,0
30,2008,223,26700,10.3,35.5,1.4,1.4,0
30,2008,224,26300,12.8,35.8,1.5,1.7,0
30,2008,225,26400,15.7,36.4,1.6,1.5,0
30,2008,226,25700,15.8,39.1,1.8,1.4,0
30,2008,227,25500,17.5,37.9,1.7,1.8,0
30,2008,228,25300,15.4,36.7,1.6,2,0
30,2008,229,24300,17.6,34.4,1.6,3,0
30,2008,230,24600,14.8,29.4,1.6,3.8,0
30,2008,231,25000,14.1,27.2,1.6,4.2,0
30,2008,232,23300,14.1,28.5,1.5,2.7,0.1
30,2008,233,24200,13.8,31.5,1.7,2.5,0
30,2008,234,24500,17.4,33.4,1.9,2.1,0
30,2008,235,24600,15,34.6,1.8,1.5,0
30,2008,236,24900,14.5,34.4,1.7,1.8,0
30,2008,237,24700,13.3,35,1.7,1.7,0
30,2008,238,24700,13.9,33.6,1.4,3.1,0
30,2008,239,24500,11,35.2,1.3,1.5,0
30,2008,240,24100,13.2,37.7,1.6,1.2,0
30,2008,241,24400,15.5,38.7,1.6,1.8,0
30,2008,242,23300,17.4,37.2,1.6,1.9,0
30,2008,243,24200,16.3,32.9,1.5,3.1,0
30,2008,244,24500,11.1,27.5,1.1,1.9,0
30,2008,245,24800,13.1,28.7,0.9,4.3,0
30,2008,246,23800,9.2,32.2,1.1,1.1,0
30,2008,247,23900,10.7,37.7,1.3,1.1,0
30,2008,248,23900,12.3,38.1,1.4,1.2,0
30,2008,249,23500,12.7,38.9,1.5,1.1,0
30,2008,250,23300,13.7,39.3,1.5,1.1,0
30,2008,251,23000,15.1,35.7,1.4,1.6,0
30,2008,252,23200,11.9,33.1,1.3,1.7,0
30,2008,253,22100,12.6,25.8,1.4,3.2,0
30,2008,254,22300,8.5,29.9,1.4,1.5,0
30,2008,255,22500,9.5,34.4,1.5,1.4,0
30,2008,256,22000,11.5,31,1.4,1.9,0
30,2008,257,20200,9,30.4,1.3,1.4,0.1
30,2008,258,21700,8.2,34.5,1.3,1.2,0
30,2008,259,21600,9.1,33,1.4,1.2,0
30,2008,260,17400,11.9,29.8,1.4,1.8,0
30,2008,261,21500,9.8,23.8,1.2,3.3,0
30,2008,262,21300,8.4,26.2,1.1,1.6,0
30,2008,263,19200,10.8,25.7,1.2,2.1,0
30,2008,264,20000,13.3,26.9,1.5,1.8,0
30,2008,265,20100,9.1,27.4,1.4,1.7,0
30,2008,266,20200,9.1,28.2,1.1,1.9,0
30,2008,267,20100,7.2,32.1,1.1,1.1,0
30,2008,268,20100,7.3,33.2,1.1,1.1,0
30,2008,269,17600,11.3,30.6,1.1,1.2,0
30,2008,270,19700,10.2,35.4,1.3,1.1,0
30,2008,271,19300,10.5,33.6,1.3,1.4,0
30,2008,272,18900,11.1,37.4,1.3,1.4,0
30,2008,273,18300,13.1,30.7,1.4,1.8,0
30,2008,274,18300,12.7,32.6,1.4,1.3,0
30,2008,275,18000,10.9,33.4,1.4,1.4,0
30,2008,276,15800,15.1,26.4,1.5,2.6,0
30,2008,277,7700,11.1,21,1.5,2.3,4.8
30,2008,278,13400,11.7,23.1,1.5,2.8,0.9
30,2008,279,17400,8.9,24.2,1.2,1.4,0.1
30,2008,280,17800,7.7,28.8,1.2,1,0.1
30,2008,281,17600,7.6,29.7,1.3,1.3,0
30,2008,282,17700,6.5,28.3,1.2,1.2,0
30,2008,283,17800,8.8,21.5,0.7,4.6,0
30,2008,284,17700,9.7,18.8,0.5,5.8,0
30,2008,285,17500,5.4,19.6,0.4,4.9,0
30,2008,286,17300,2.5,21.5,0.4,3.9,0
30,2008,287,17000,2.9,28,0.6,2.8,0
30,2008,288,16600,3.3,27.6,0.7,1.1,0
30,2008,289,16400,4.1,27.9,0.8,1.3,0
30,2008,290,16000,5.1,30.1,0.9,1,0
30,2008,291,14200,5.5,30.3,0.9,1,0
30,2008,292,14300,6.7,28.6,1,1.7,0
30,2008,293,15000,5.7,26.3,1,1.5,0
30,2008,294,15100,7.9,24.3,1.1,1.6,0
30,2008,295,15200,6.1,26.3,0.8,2.4,0
30,2008,296,15200,3.7,28.7,0.7,1.1,0
30,2008,297,15300,5.3,30.4,0.8,1.2,0
30,2008,298,14800,4.2,28.6,0.8,1,0
30,2008,299,14700,6.1,28.2,0.9,1.2,0
30,2008,300,14500,4.3,28.9,0.9,1.1,0
30,2008,301,12700,4,26.4,1,1.2,0
30,2008,302,14100,5.4,28.6,0.9,1.1,0
30,2008,303,13700,4.3,27.2,0.9,1.3,0
30,2008,304,4600,9.2,20.3,1.2,1.9,6.2
30,2008,305,7700,13.3,22.4,1.5,2.1,10
30,2008,306,2300,13.5,16.1,1.5,2.7,43
30,2008,307,10200,9.5,19.2,1.4,3.1,0.2
30,2008,308,5000,9.3,14.7,1.2,3.6,3.3
30,2008,309,13000,4.7,17,0.9,1.6,0.1
30,2008,310,10000,1.7,14.5,0.9,1.4,0.1
30,2008,311,12400,5.6,19.6,1,1.7,0
30,2008,312,12500,5.8,20.5,1.1,0.9,0.1
30,2008,313,5800,6.2,18.1,1.2,2,1.1
30,2008,314,12200,6.3,18.1,1.1,1.5,0.4
30,2008,315,9300,4.9,17.2,1,1.2,0.1
30,2008,316,7800,6.3,17.2,1.1,0.8,0
30,2008,317,10900,7.2,21.3,1.2,1,0
30,2008,318,11500,4.9,24.1,1.3,1.9,0
30,2008,319,11700,7.7,26,1,2.9,0
30,2008,320,11700,5.1,25.5,1.2,0.9,0
30,2008,321,11300,4.5,23.6,1.1,0.8,0
30,2008,322,11200,5.1,23.4,1.2,1.1,0
30,2008,323,11100,3.3,24.7,1.1,0.7,0
30,2008,324,10300,3.9,20.4,1.1,1.3,0.2
30,2008,325,9600,6.9,20.6,1.2,2.6,0
30,2008,326,10500,3.5,18.1,0.9,1.4,0
30,2008,327,8700,1.5,17.3,0.9,0.9,0.2
30,2008,328,10700,0.9,19.5,0.9,0.8,0.3
30,2008,329,9100,0.9,18.5,0.9,1.3,0.2
30,2008,330,5500,5.3,16.2,1.1,1.3,0
30,2008,331,3000,8.5,12.2,1.2,1.6,2
30,2008,332,9000,5.7,16.4,1.1,1.2,0.1
30,2008,333,5900,3,13.3,1.1,1.1,0.2
30,2008,334,9500,2.6,19.5,1,1,0.2
30,2008,335,9700,0.7,18.9,1,0.8,0.4
30,2008,336,7000,4.9,15.6,1.1,1.7,0.2
30,2008,337,3900,3.1,11.9,1.1,2.1,0.1
30,2008,338,5500,0,12.3,1,1.5,0
30,2008,339,6700,2.9,8,0.9,1.5,0.3
30,2008,340,8200,0.5,7.6,0.8,1,0.3
30,2008,341,5500,1.2,6.4,1,1.4,0.3
30,2008,342,4500,4.3,6.5,1.2,1.2,0
30,2008,343,5000,-2.6,7.5,0.9,1.6,0.1
30,2008,344,8800,-4,12.8,0.9,1,0.2
30,2008,345,9400,2.83,17.6,0.8,1.2,0.1
30,2008,346,8800,-1.6,14.8,0.8,1,0
30,2008,347,6600,-0.9,12.1,0.9,2.3,0.2
30,2008,348,8200,-1.6,12.1,0.6,1.9,0
30,2008,349,3500,-2,7.2,0.7,4,3.8
30,2008,350,8000,0.5,10.6,0.8,3.9,3.2
30,2008,351,4100,-0.8,5.9,0.7,2.1,8.6
30,2008,352,9500,-3.9,8.7,0.5,2.2,0.1
30,2008,353,6900,-4.1,8.5,0.6,3.3,0.1
30,2008,354,6800,-0.7,11.3,0.8,3.3,1.1
30,2008,355,8900,-3.4,10.7,0.7,1.1,0.2
30,2008,356,3000,4.1,7.9,0.9,3.1,8.6
30,2008,357,6800,0.9,11.7,0.8,2.8,0.1
30,2008,358,6800,-1.5,9.8,0.8,1.6,0.5
30,2008,359,3600,5.8,9.4,1,2.5,8.2
30,2008,360,8900,-0.1,11.8,0.8,3.6,6
30,2008,361,9400,-4.7,9.9,0.6,1.6,0.1
30,2008,362,7600,-0.2,10.7,0.7,1.7,0
30,2008,363,6900,2.6,13.2,0.8,1.6,0
30,2008,364,8500,0.5,16.2,0.9,1.4,0.1
30,2008,365,7300,0.7,9.1,0.8,1.5,0.3
30,2008,366,5500,2.3,5.3,0.8,1.3,0.2
