*---------------------------------------------------------*
* Weather file for rice yield gap assessment using Oryza(v3)
*      Project: Global Yield Gap Atlas (www.yieldgap.org)
*      Country: USA
*  Station_num: 12
* Station_name: Durham
*         Year: 2009
*       Source: http://www.cimis.water.ca.gov
*       Author: M. Espe
*         Date: 11-16-2015
*    Longitude: -121.82
*     Latitude: 39.61
*    Elevation: 130
*
*  Columns:
*  1. station number
*  2. year
*  3. day
*  4. average insolation incident on a horizontal surface (kJ m-2 d-1)
*  5. minimum temperature (degrees Celsius)
*  6. maximum temperature (degrees Celsius)
*  7. vapour pressure (kPa)
*  8. mean wind speed (m s-1)
*  9. precipitation (mm d-1)
*---------------------------------------------------------*
-121.82,39.61,130,0,0
12,2009,1,4700,3.1,4.9,0.8,1.4,0.3
12,2009,2,2200,1.1,8.1,0.9,2.3,0
12,2009,3,9300,0.3,10.3,0.5,3.1,0.1
12,2009,4,7200,-4.3,9.2,0.5,1.1,0
12,2009,5,3400,4.8,7.2,0.8,1.6,0.2
12,2009,6,8400,-0.8,13.8,0.8,1,0
12,2009,7,6600,0.4,8.2,0.8,1.2,0
12,2009,8,5600,2.1,9.5,0.9,1.1,0.5
12,2009,9,9800,4,16.8,0.5,3.4,0
12,2009,10,9800,-2.9,14.3,0.6,1.1,0
12,2009,11,9600,-1.3,21.3,0.6,1.6,0
12,2009,12,9700,9.8,23.1,0.8,2.8,0
12,2009,13,10100,2.2,16.9,0.9,1.2,27.9
12,2009,14,9900,-1.3,18.6,0.8,0.9,0.1
12,2009,15,9900,-0.3,23.2,0.6,2.1,0.1
12,2009,16,10300,3.2,23.6,0.7,1.7,0
12,2009,17,10400,-0.8,17.5,0.7,0.9,0
12,2009,18,10500,0.5,22.1,0.7,1.4,0
12,2009,19,10600,-0.5,19.1,0.7,1.1,0
12,2009,20,10600,1.9,20.3,0.7,1.5,0
12,2009,21,4500,2.6,14.3,0.9,1.2,2.1
12,2009,22,3500,8.7,11.4,1.2,1,9.8
12,2009,23,5200,8.4,14.5,1.3,1.3,6.4
12,2009,24,4300,9.1,14.3,1.3,2.5,16.4
12,2009,25,7900,4.8,11.1,0.9,1.7,0.9
12,2009,26,10800,-0.2,13.6,0.6,2.1,0.1
12,2009,27,11100,-1.1,12.9,0.5,1.7,0
12,2009,28,11500,0,17.2,0.6,2.3,0
12,2009,29,11900,3.1,20.9,0.7,2.9,0
12,2009,30,11900,-1.1,16.1,0.8,1,0
12,2009,31,12100,2,19.3,0.8,1.4,0
12,2009,32,12300,-0.2,20.3,0.6,2,0
12,2009,33,12300,1.6,20,0.8,1.1,0
12,2009,34,12400,2.8,21.3,0.8,1.2,0
12,2009,35,10300,2.6,18.4,0.9,1.2,0
12,2009,36,4500,6.1,12.1,1.1,2.5,2.7
12,2009,37,7100,5.9,14.7,1.1,2.1,0.7
12,2009,38,11000,3.3,20.4,0.8,1.9,0
12,2009,39,6400,1,12.7,0.9,3,2
12,2009,40,11600,-0.6,12,0.6,1.4,0
12,2009,41,8300,-3.3,10.3,0.6,2.3,3.5
12,2009,42,3800,4.9,7.9,0.8,3.2,8.2
12,2009,43,9900,2.7,10.6,0.8,2.2,1.9
12,2009,44,7600,3.4,8.5,0.8,4,12.7
12,2009,45,5600,4.3,10.9,0.8,3.5,0.3
12,2009,46,4700,6.8,9.8,0.9,4.1,17.5
12,2009,47,3600,5.9,9.9,0.9,2.4,29.9
12,2009,48,4400,6.7,9.2,0.9,3.6,14.5
12,2009,49,13100,5.5,14.4,1,1.4,1
12,2009,50,14000,3,17.3,0.8,1.2,0
12,2009,51,14700,3.1,19.1,0.8,1.4,0
12,2009,52,11100,2,16.1,0.9,1.3,0
12,2009,53,3200,9.6,13.2,1.3,3.7,43.7
12,2009,54,5400,12.3,16.5,1.4,4.7,6.2
12,2009,55,13000,8.1,15.9,1.1,2.3,0.1
12,2009,56,11500,9,16.1,1.1,3.2,2.2
12,2009,57,13900,6.7,17.3,1.1,3.1,0.2
12,2009,58,16300,3.7,17,0.9,1.1,0
12,2009,59,12900,5.3,17.9,1,1.2,0.4
12,2009,60,2100,10.2,14.5,1.3,2.8,21.5
12,2009,61,4500,10.5,14.4,1.3,4.5,9.3
12,2009,62,7800,8,12.9,1,4,5.2
12,2009,63,12200,5.1,12.2,0.8,2.8,0.5
12,2009,64,15700,2.7,14,0.8,1.5,0
12,2009,65,13400,1.2,15.3,0.8,1.3,0
12,2009,66,18000,2.1,17.9,0.7,1.7,0
12,2009,67,16800,0.8,15.9,0.8,2.3,0
12,2009,68,18100,0.4,14,0.4,2.5,0
12,2009,69,18900,-1.1,16.6,0.5,1.9,0
12,2009,70,18800,0.7,18,0.7,1.3,0
12,2009,71,19400,-0.2,21.9,0.7,1.6,0
12,2009,72,19300,1.1,19.4,0.8,1.4,0
12,2009,73,16500,6.9,14.7,0.9,3.1,0
12,2009,74,7300,9.2,14.7,1.1,4.2,0
12,2009,75,9100,11.1,18.6,1.2,4.2,0.1
12,2009,76,16900,6.2,18.3,1.1,1.3,0
12,2009,77,19200,4.5,22.7,1,1.3,0
12,2009,78,19700,4.5,25,1.1,0.9,0
12,2009,79,19900,5.5,25.2,1.1,1.1,0
12,2009,80,6200,9.5,15.2,1.1,3.8,0.5
12,2009,81,15800,6.1,14.8,0.6,2.9,1.2
12,2009,82,20800,0.4,16.3,0.5,2.3,0
12,2009,83,21000,0,22,0.7,1.7,0
12,2009,84,17200,6.3,22.3,0.8,2.3,0
12,2009,85,20700,4.3,23.9,0.8,2.3,0
12,2009,86,21400,8.7,26.2,0.8,2.5,0
12,2009,87,21600,5,24.8,1,2,0
12,2009,88,22500,8.5,16.2,0.4,4.9,0
12,2009,89,22500,6.1,21.2,0.4,3.4,0
12,2009,90,20800,2.1,24.7,0.7,1.5,0
12,2009,91,21900,8.2,24,0.8,2.9,0
12,2009,92,20400,5.3,22.1,0.8,2.5,0
12,2009,93,23600,6.7,17.8,0.4,4.2,0
12,2009,94,24100,3.2,20.2,0.5,2.1,0
12,2009,95,23800,2.2,23.5,0.6,1.5,0
12,2009,96,23800,4.3,27.5,0.8,1.5,0
12,2009,97,13900,4.7,20,0.9,2.5,0
12,2009,98,13200,7.7,17.4,1,2.5,0
12,2009,99,9100,9.6,13,1.1,2.7,1.9
12,2009,100,17100,6.3,17.6,1.1,1.4,5
12,2009,101,23000,2.2,21.5,0.9,1.1,0
12,2009,102,23700,4.5,23.2,1,1.2,0
12,2009,103,24000,6.8,23.6,0.9,2.2,0
12,2009,104,20400,4.8,15.7,0.4,5.2,0.2
12,2009,105,25000,4.9,19.1,0.5,2.8,0
12,2009,106,25000,1.3,22.7,0.7,1.5,0
12,2009,107,24500,3.2,25.8,0.9,1.2,0
12,2009,108,25000,5.2,29.5,1.1,1.1,0
12,2009,109,25100,8.6,30.9,1.3,1.1,0
12,2009,110,25500,11.8,33.9,1.5,1.2,0
12,2009,111,25600,12.3,34.5,1.5,1,0
12,2009,112,25800,12.1,34.4,1.2,1.8,0
12,2009,113,14000,11.9,22.2,1.1,3.3,0
12,2009,114,20700,4.7,18.9,0.7,2.5,0
12,2009,115,25900,2.2,21.5,0.9,1.6,0
12,2009,116,25600,6.3,22.6,1,1.2,0
12,2009,117,25100,9,20.6,0.9,3.8,0
12,2009,118,18500,5.9,16.4,0.8,2.2,0
12,2009,119,26500,4.2,19.6,0.8,1.8,0
12,2009,120,18000,6.8,18.9,1,1.3,0
12,2009,121,7400,12.1,17.4,1.4,2.1,14.3
12,2009,122,6700,12.2,14,1.4,2.8,10.6
12,2009,123,15400,12.7,19.6,1.5,2.6,0.1
12,2009,124,8000,12.5,18.4,1.4,2.8,1.3
12,2009,125,18600,14.5,24.3,1.6,3.6,0
12,2009,126,15900,13.1,25.4,1.5,3.5,0
12,2009,127,27700,10.2,25.3,1,2.3,0
12,2009,128,28000,10,27.7,0.9,2.5,0
12,2009,129,27800,6.7,29.9,1.1,1,0
12,2009,130,26300,9.6,29.3,1.3,1.6,0
12,2009,131,27900,10.5,28.9,1.5,1.4,0
12,2009,132,27500,9,26.1,1.4,1.5,0
12,2009,133,27500,8.4,28,1,1.7,0
12,2009,134,26800,9.8,28.5,1.3,1.3,0
12,2009,135,27900,13.9,31.7,1.4,2.1,0
12,2009,136,28300,13.2,36.5,1.7,1.3,0
12,2009,137,28400,13.3,35.2,1.8,1,0
12,2009,138,27600,16,33.6,1.7,1.5,0
12,2009,139,28000,12.5,27.9,1.4,2.5,0
12,2009,140,29100,9.3,26.4,1.1,1.4,0
12,2009,141,28700,8.6,29.6,1.2,1.1,0
12,2009,142,28800,10.3,30.6,1.3,1.4,0
12,2009,143,28500,12.2,26.3,1.4,2,0
12,2009,144,29100,11,24.7,1.4,1.8,0
12,2009,145,28300,11.5,28,1.6,1.1,0
12,2009,146,28300,13.1,32.8,1.7,1.1,0
12,2009,147,28300,0,32.7,2,1,0
12,2009,148,27900,17.2,32.9,1.9,1.4,0
12,2009,149,28000,16,32,1.8,1.7,0
12,2009,150,26400,15.1,29.1,1.7,2.1,0
12,2009,151,27900,13.2,27.9,1.7,1.8,0
12,2009,152,22200,0,26.3,1.7,1.8,0
12,2009,153,18600,14.4,24.9,1.6,1.8,0
12,2009,154,23500,15.4,26.6,1.7,1.7,0
12,2009,155,23500,14.2,22.3,1.6,1.8,0
12,2009,156,16700,12.8,20.1,1.4,2,0
12,2009,157,19000,14.8,23.6,1.4,1.5,0
12,2009,158,27600,12.5,26,1.4,1.9,0
12,2009,159,28900,12.1,26.9,1.5,1.9,0
12,2009,160,27800,12.5,23.8,1.4,2.8,0
12,2009,161,27000,12.7,23.1,1.5,1.8,0
12,2009,162,26200,13.8,25.8,1.5,2.1,0
12,2009,163,23500,11.9,25.3,1.5,2,0
12,2009,164,27000,11.5,25.3,1.4,2.3,0
12,2009,165,28300,11.1,25.2,1.4,1.6,0
12,2009,166,26900,11.3,25.3,1.5,1.3,0
12,2009,167,22000,13,26.9,1.7,1.7,0
12,2009,168,27900,14.8,28.2,1.7,1.5,0
12,2009,169,29200,14.7,34.8,1.7,1.4,0
12,2009,170,26000,13.9,32.6,1.6,1.4,0
12,2009,171,23900,14.1,26.4,1.5,2.1,0
12,2009,172,28400,13.9,25.6,1.3,1.5,0
12,2009,173,30200,13.8,31.9,1.1,2.3,0
12,2009,174,29800,13.4,34.7,1.5,1.4,0
12,2009,175,29400,14.4,33.6,1.7,1.4,0
12,2009,176,29300,14,30.3,1.9,1.6,0
12,2009,177,29800,13.1,31.4,1.8,1.3,0
12,2009,178,29600,15.3,35.8,2.3,1,0
12,2009,179,29600,17.2,36.8,2.3,1,0
12,2009,180,30000,16.4,35.7,2.1,1.1,0
12,2009,181,29100,13.8,31,1.8,1.4,0
12,2009,182,29200,16,33.3,2.1,1.2,0
12,2009,183,28800,15.5,31.6,1.9,1.5,0
12,2009,184,28900,13.8,30.3,1.9,1.2,0
12,2009,185,29500,15.5,30.6,1.8,1.6,0
12,2009,186,29800,14,28.3,1.5,2.3,0
12,2009,187,30200,10.3,27.4,1.5,1.6,0
12,2009,188,29700,11.8,28,1.5,1.5,0
12,2009,189,29800,0,29.4,1.5,1,0
12,2009,190,28400,12.8,29.1,1.5,1.3,0
12,2009,191,29200,11.7,28.2,1.5,1.5,0
12,2009,192,26300,12.9,28.6,1.5,1.3,0
12,2009,193,29100,13.2,29.7,1.5,1.5,0
12,2009,194,30000,12.5,34.2,1.3,1.9,0
12,2009,195,29700,19.2,35.8,1.7,1.7,0
12,2009,196,29300,15.7,35.2,1.9,1,0
12,2009,197,29600,15.4,35.1,2.1,1.1,0
12,2009,198,28800,15.6,36.6,2,1.2,0
12,2009,199,28400,17.2,36,2.2,1.1,0
12,2009,200,28100,17.9,36.3,2.3,1,0
12,2009,201,28300,17.9,33.8,2,1.5,0
12,2009,202,28300,15.2,31.2,1.9,1.5,0
12,2009,203,28400,16.2,31.4,2,1.3,0
12,2009,204,28100,15.2,32.6,2,1.4,0
12,2009,205,28400,14.1,29.9,1.8,1.5,0
12,2009,206,28700,12.4,31.6,1.9,1.1,0
12,2009,207,28100,15.1,34,2.1,1.1,0
12,2009,208,27800,15.6,35.1,2.3,1.1,0
12,2009,209,27500,17.8,33.2,2.2,1.6,0
12,2009,210,26500,16,31.2,2.1,1.6,0
12,2009,211,27300,15.8,30.7,2.1,1.6,0
12,2009,212,26800,15.1,30.4,2.1,1.3,0
12,2009,213,26900,15.5,31.9,2,1.4,0
12,2009,214,27300,15.1,29.8,1.7,1.8,0
12,2009,215,27400,13.2,28.4,1.6,1.3,0
12,2009,216,27400,13.3,28.9,1.6,1.5,0
12,2009,217,27100,0,29,1.5,2.6,0
12,2009,218,13500,14.7,22.8,1.6,2.2,0
12,2009,219,24600,12.6,27.2,1.6,1.1,0
12,2009,220,26700,13.9,32.1,1.8,1.2,0
12,2009,221,26100,13.7,32.7,2,1,0
12,2009,222,26400,14.5,34.3,1.9,1,0
12,2009,223,25900,16.3,30.9,2,1,0
12,2009,224,25700,14.7,35.1,2,1.1,0
12,2009,225,25700,16.5,32.7,1.9,1.2,0
12,2009,226,26200,15,28.4,1.6,1.3,0
12,2009,227,26500,13,32.7,1.5,1.3,0
12,2009,228,26100,11.5,31,1.7,1.1,0
12,2009,229,25900,13.1,32.4,1.8,1,0
12,2009,230,25400,14.5,32.9,2,1.1,0
12,2009,231,24900,15.3,33.3,2.1,1.1,0
12,2009,232,24600,14.4,29.9,2,1.3,0
12,2009,233,24800,15.4,33.5,2.2,1.1,0
12,2009,234,24400,16.1,31.9,2,1.8,0
12,2009,235,24000,13.4,27.6,1.5,1.9,0
12,2009,236,25400,9.9,30.1,1.5,1.1,0
12,2009,237,24800,9.3,30,1.5,1,0
12,2009,238,25200,11.7,31.4,1.4,1,0
12,2009,239,24400,11.5,33.7,1.5,1,0
12,2009,240,17400,12.1,30,1.8,0.7,0
12,2009,241,23100,15.4,36.3,2,1.1,0
12,2009,242,24000,15,31.1,1.5,2,0
12,2009,243,23100,12.5,28.8,1.5,1.9,0
12,2009,244,23300,13.2,30.6,1.7,1.2,0
12,2009,245,18700,13.7,33,1.9,0.8,0
12,2009,246,23000,14.7,34.8,1.8,1,0
12,2009,247,23400,14,31,1.4,1.5,0
12,2009,248,21300,10.5,26.4,1.5,1.6,0
12,2009,249,22300,12.4,26.7,1.5,1.4,0
12,2009,250,22900,9.6,30,1.4,1,0
12,2009,251,22800,9.4,28.1,1.5,1.1,0
12,2009,252,22200,11.4,31.7,1.5,0.9,0
12,2009,253,21300,13.8,31.2,1.8,1,0
12,2009,254,21600,13.8,35.4,1.8,1,0
12,2009,255,12300,17.3,29.2,1.7,1.5,0
12,2009,256,18700,13.5,23.5,1.5,2.3,0
12,2009,257,16700,14.1,24.4,1.7,1.4,0
12,2009,258,20900,11.4,27.7,1.7,1.1,0
12,2009,259,20900,13.1,29.9,1.8,1,0
12,2009,260,20200,13.9,33.9,1.8,0.9,0
12,2009,261,20700,13.7,33.5,1.8,1.1,0
12,2009,262,19900,15.7,32,1.7,1.2,0
12,2009,263,20400,13,34.9,1.4,1.7,0
12,2009,264,20700,13.2,36.4,1,1.6,0
12,2009,265,20600,11.6,38.8,1.1,1,0
12,2009,266,20400,9.9,34.1,1.3,1,0
12,2009,267,19900,11.5,33.5,1.5,1,0
12,2009,268,19800,11.8,33,1.7,0.8,0
12,2009,269,19700,12.8,34.9,1.7,1,0
12,2009,270,19400,12.5,35.3,1.6,0.9,0
12,2009,271,18100,13.2,30.8,1.4,2,0
12,2009,272,15900,10.1,23.3,0.8,2,0
12,2009,273,19200,10.6,22.8,0.6,2.8,0
12,2009,274,18700,8.3,26.6,0.7,1.8,0
12,2009,275,18300,5.5,28.9,0.9,1.1,0
12,2009,276,18200,7.5,22,0.7,2.9,0
12,2009,277,15000,5.2,19.5,0.6,1.9,0
12,2009,278,16200,1.8,22.4,0.7,1,0
12,2009,279,17800,9.4,24.8,0.7,2.1,0
12,2009,280,17500,7,26.6,0.7,1.2,0
12,2009,281,17000,0,25.3,1,1,0
12,2009,282,17000,4.9,27.5,1,0.9,0
12,2009,283,16900,5.7,25.3,1.1,0.9,0
12,2009,284,16500,5.9,22.1,1.1,1.4,0
12,2009,285,9100,7.5,17.4,1.1,1.6,0
12,2009,286,2300,12.6,16.2,1.5,4.6,28.9
12,2009,287,8500,14.2,22.3,1.7,2.7,0.6
12,2009,288,9700,14.7,22.5,1.8,1.3,0.8
12,2009,289,15400,10.8,26.6,1.7,0.8,0.2
12,2009,290,13600,12.8,26.4,1.8,0.8,0.1
12,2009,291,7700,13.3,21.6,1.7,1.9,0
12,2009,292,8500,9.5,16.3,1.3,1.9,3.9
12,2009,293,15000,7.7,23.5,1.2,1.6,0.2
12,2009,294,14500,7.6,23.1,1.4,0.9,0.1
12,2009,295,14300,8,24.6,1.3,1.1,0.1
12,2009,296,14000,9.1,26.2,1.4,0.7,0
12,2009,297,11900,7.9,24.2,1.3,1.1,0.1
12,2009,298,14200,10.8,26.4,0.9,2.3,0
12,2009,299,12600,9.2,25.5,1.1,2.3,0
12,2009,300,14300,10.1,17.8,0.5,4.8,0
12,2009,301,13800,3.6,17.1,0.5,2.4,0
12,2009,302,12700,2,21,0.7,1.1,0
12,2009,303,13400,4.4,22.1,0.9,0.9,0
12,2009,304,13200,3.5,23.8,1.1,0.7,0
12,2009,305,13100,6.7,25.8,1.2,1.1,0
12,2009,306,13100,4.8,26.3,1.1,0.8,0.1
12,2009,307,12800,5.7,25.6,1.1,0.8,0.1
12,2009,308,12500,6.1,22.4,1.2,1.3,25.4
12,2009,309,9800,11.8,19.8,1.2,2.5,0
12,2009,310,5900,13.1,19,1.5,2.3,1
12,2009,311,12100,6.9,19.3,0.8,2.9,0
12,2009,312,11900,1.8,18.9,0.7,1.2,0
12,2009,313,7700,0.9,15.3,0.8,1,0
12,2009,314,9700,8.6,18.7,1,1,0
12,2009,315,5600,8.8,16.8,1.1,0.8,0.6
12,2009,316,11400,2.2,17.3,0.7,2,0
12,2009,317,9800,-1.9,16,0.7,0.7,0
12,2009,318,11600,-0.3,16.6,0.6,1.9,0
12,2009,319,11200,0.4,16.5,0.7,1.4,0
12,2009,320,11300,-0.9,17,0.7,0.9,0
12,2009,321,10700,-1.4,18.9,0.8,1.8,7.9
12,2009,322,11100,1.5,14.5,0.8,2.2,0.1
12,2009,323,10800,-1.7,13.5,0.8,0.9,0
12,2009,324,3400,3.3,11.5,1,2.7,8.9
12,2009,325,10500,2.2,13.4,0.8,1.5,1.4
12,2009,326,4700,3.7,14.1,0.9,1.9,0
12,2009,327,10200,3.8,18.5,0.7,2.6,0
12,2009,328,10000,2,20.1,0.9,0.9,0
12,2009,329,10200,1,18.4,0.9,0.8,0
12,2009,330,9100,1.1,17,0.8,0.8,0.1
12,2009,331,5100,5.7,13.8,1,2.4,3.7
12,2009,332,10300,5.1,17.5,0.4,4.6,0
12,2009,333,9900,3.7,19.9,0.5,2.6,0
12,2009,334,9700,0,17.3,0.8,0.8,0
12,2009,335,9200,-1.1,16.4,0.7,0.8,0
12,2009,336,9700,-1.9,17,0.7,0.9,0.1
12,2009,337,9700,-2.8,16,0.7,1.1,0.1
12,2009,338,7600,-2.1,13.4,0.7,0.8,0
12,2009,339,9500,-1.7,12.8,0.5,2.6,0.1
12,2009,340,5700,-5,8.8,0.5,1.6,0
12,2009,341,7500,-3.5,7.8,0.4,1.8,0
12,2009,342,8600,-7.8,6.2,0.4,1.3,0
12,2009,343,9200,-3.8,8,0.4,0.6,0
12,2009,344,6800,-5.8,9,0.4,1.1,0
12,2009,345,2800,2.8,5.4,0.8,0.9,13.4
12,2009,346,1600,4.7,9.2,1,1.2,44.6
12,2009,347,4500,6.9,11,1.1,0.9,2.5
12,2009,348,5600,7.2,12.1,1.1,0.8,0.6
12,2009,349,3000,9,12.2,1.1,1.5,2.5
12,2009,350,4900,7.6,13.3,1.1,1.4,11.1
12,2009,351,5800,3.5,14.6,1,1,0.1
12,2009,352,7900,2.8,14.2,1,0.9,0.2
12,2009,353,5700,6.9,10.2,1,1,0.1
12,2009,354,4100,7.4,9.8,1.1,1.2,3.1
12,2009,355,3300,6.6,13.9,1.2,2.5,2.8
12,2009,356,8200,1.4,12.2,0.5,2.9,0
12,2009,357,9000,-1,15.4,0.5,2.2,0
12,2009,358,8400,-1.2,11.7,0.6,1.3,0
12,2009,359,9000,-3.5,11.8,0.7,1.1,0
12,2009,360,3500,-1.4,8,0.7,0.9,0.1
12,2009,361,4200,5,10.3,0.9,1.4,7.1
12,2009,362,4100,0.9,9.9,0.8,0.9,0.1
12,2009,363,3800,-1.7,8.6,0.8,1.5,6.4
12,2009,364,4500,5.7,10.5,1,1,4.1
12,2009,365,4200,5.5,11.3,1,1.2,0.2
