*---------------------------------------------------------*
* Weather file for rice yield gap assessment using Oryza(v3)
*      Project: Global Yield Gap Atlas (www.yieldgap.org)
*      Country: USA
*  Station_num: 12
* Station_name: Durham
*         Year: 2010
*       Source: http://www.cimis.water.ca.gov
*       Author: M. Espe
*         Date: 11-16-2015
*    Longitude: -121.82
*     Latitude: 39.61
*    Elevation: 130
*
*  Columns:
*  1. station number
*  2. year
*  3. day
*  4. average insolation incident on a horizontal surface (kJ m-2 d-1)
*  5. minimum temperature (degrees Celsius)
*  6. maximum temperature (degrees Celsius)
*  7. vapour pressure (kPa)
*  8. mean wind speed (m s-1)
*  9. precipitation (mm d-1)
*---------------------------------------------------------*
-121.82,39.61,130,0,0
12,2010,1,3500,10,13.6,1.1,2.1,0.7
12,2010,2,7300,5.9,15.9,1.1,1.4,0
12,2010,3,8300,2.1,13.4,0.9,1,0.1
12,2010,4,7200,3.7,7.5,1,1,0.3
12,2010,5,6300,4.3,7.7,0.9,1.1,0.1
12,2010,6,3700,5.5,6.7,0.9,1,0.3
12,2010,7,4800,5.9,6.8,0.9,1,0
12,2010,8,3600,3.1,9.3,1,1,0.8
12,2010,9,5000,3.2,7.9,0.9,1.3,0.2
12,2010,10,5800,5.4,7.9,1,1.3,0.1
12,2010,11,4000,6.8,8.6,1,1.3,0
12,2010,12,4300,8,15.4,1.2,3.6,23.3
12,2010,13,8400,6.2,16.3,1.2,2.2,4
12,2010,14,6300,4.8,14.4,1,1.7,0
12,2010,15,6600,2.7,13.1,1,1.2,0
12,2010,16,7500,3.7,13.9,1,1.1,1.1
12,2010,17,2200,8.8,10.6,1.1,3,17.3
12,2010,18,1900,9.3,13.1,1.1,3.9,26.4
12,2010,19,2600,7.4,10.9,1,5.8,25
12,2010,20,2700,7.5,9.8,1,5,30.8
12,2010,21,2800,5.8,8.5,0.9,2.7,9
12,2010,22,4100,5.8,8.7,0.9,2.7,0
12,2010,23,5500,5.9,10.7,0.9,2.4,1
12,2010,24,3400,4,8.2,0.9,1.3,6.8
12,2010,25,2700,6.7,8.6,1,1.3,24.2
12,2010,26,5700,5.6,12.6,1,2.1,4.4
12,2010,27,10400,0.8,16,0.8,1.5,0
12,2010,28,9400,1.8,13.1,0.9,1.2,0
12,2010,29,7800,5.7,13.7,1.1,1.4,0.5
12,2010,30,7900,4.5,14.5,1.1,1.9,2.9
12,2010,31,11700,1.9,15.1,0.9,1.1,0
12,2010,32,4700,5.7,10.9,1,1.4,0.1
12,2010,33,8000,2.3,13.2,1,1.3,0.7
12,2010,34,9500,5.7,15,1.1,1.5,0
12,2010,35,3700,6.7,13.1,1.1,2.5,20.5
12,2010,36,6800,10.1,14.7,1.2,2.2,1.7
12,2010,37,5100,9.4,12.8,1.2,2.2,5.5
12,2010,38,11100,5.8,15.8,1.1,1.1,0.3
12,2010,39,9400,1.8,13.9,1,1.5,2.3
12,2010,40,9000,4.5,13.8,1,1.7,13.5
12,2010,41,8100,2.2,11.3,0.9,1.6,0
12,2010,42,6800,9.4,13.4,1.1,2.4,0.1
12,2010,43,8700,10.2,15.9,1.2,2.3,0.4
12,2010,44,12000,6.6,17.2,1.2,1.1,0
12,2010,45,12300,2.7,17.8,1.1,1,0
12,2010,46,13600,7.1,21,1.1,1.3,0
12,2010,47,13800,5.1,20.6,1.2,1,0
12,2010,48,14400,0,21.5,1.3,0.9,0
12,2010,49,14500,4.8,19.8,1.1,1.1,0
12,2010,50,10500,6.6,15.3,1.2,1.2,0
12,2010,51,8500,7.6,14.9,1.2,2.1,2.1
12,2010,52,7500,3.8,12.4,1,1.8,0
12,2010,53,15300,2.2,15.9,0.7,1.9,0
12,2010,54,3400,6.8,10.7,0.9,1.9,22.5
12,2010,55,7100,6.8,11.5,1.2,1.8,5.5
12,2010,56,13100,2.9,15.8,1.1,1.1,0
12,2010,57,3000,7.4,13.6,1.2,2.7,8.3
12,2010,58,12900,4.4,17.7,1,1.3,0
12,2010,59,15500,3.8,17.9,1,1.3,0
12,2010,60,12200,6.6,16.7,1.2,1.5,0
12,2010,61,5400,9,13.1,1.2,3.1,2.4
12,2010,62,10500,1.5,12.7,0.9,2.7,9.3
12,2010,63,12700,-0.6,12.7,0.8,1.4,0
12,2010,64,13700,1.7,14.1,0.8,1.1,0
12,2010,65,10900,6.6,19.7,1,1.9,0.3
12,2010,66,17300,2.5,18.4,1.1,1.8,0
12,2010,67,9400,5.8,13.9,0.9,3.1,0.9
12,2010,68,15400,-0.2,12.2,0.6,1.7,1.2
12,2010,69,17400,-0.1,14.5,0.7,1.6,0.1
12,2010,70,18000,0.6,15.3,0.8,1.4,0
12,2010,71,4500,1.3,10.8,0.9,2.9,4.3
12,2010,72,19100,-0.8,14.4,0.6,2.3,0
12,2010,73,18500,2.2,19.9,0.7,1.9,0
12,2010,74,18900,1.1,19.9,0.9,1.1,0
12,2010,75,18400,5.3,21.9,1.1,1.1,0
12,2010,76,18900,8.1,24.8,1.1,1.4,0
12,2010,77,20600,8.2,23.9,0.6,0.8,0
12,2010,78,20500,4.8,26.2,0.7,0.6,0
12,2010,79,17500,6.6,21.9,1,0.6,0
12,2010,80,14800,5.6,20.3,1,0.5,0
12,2010,81,20300,7.6,20.9,0.8,0.7,0
12,2010,82,21200,7.2,23.8,0.7,0.6,0
12,2010,83,20800,6.2,20.8,0.9,0.7,0
12,2010,84,11800,5.8,15.8,1,0.7,0
12,2010,85,21100,0.7,17.9,0.8,0.5,0
12,2010,86,21300,4.4,20.5,0.9,0.6,0
12,2010,87,17300,7.1,22.7,0.8,0.7,0
12,2010,88,6000,12.1,17.5,1.1,0.9,0.2
12,2010,89,13600,7.4,15.8,0.8,0.8,0
12,2010,90,14400,4.4,13,0.8,0.6,0
12,2010,91,16200,5.3,16.7,0.8,0.5,0
12,2010,92,6200,3.5,10.7,0.9,0.7,0.6
12,2010,93,16700,0.4,15.1,0.7,0.5,0
12,2010,94,7600,4.9,11.4,0.9,0.7,1.3
12,2010,95,17100,2.5,14.8,0.8,0.6,0
12,2010,96,22500,0.3,17.1,0.8,0.6,0
12,2010,97,23300,7.7,21.8,0.9,0.6,0
12,2010,98,23200,7.6,20.9,0.8,0.7,0
12,2010,99,23600,8.5,21.4,0.6,0.8,0
12,2010,100,6400,6.7,15.7,1,0.7,0
12,2010,101,5300,7.6,11.4,1,0.6,1.6
12,2010,102,8700,8.4,12.5,1.1,0.7,1
12,2010,103,17900,0,16.4,1.1,1.2,0
12,2010,104,16800,5.1,16.9,1,2.1,1.2
12,2010,105,23800,0,20.3,1.1,0.9,0
12,2010,106,23100,7.5,21.5,1.1,1.5,0
12,2010,107,24400,6.9,23.7,1.1,1.1,0
12,2010,108,25600,6.2,26.7,1.1,1.2,0
12,2010,109,17100,7.4,22.4,1,2.1,0.2
12,2010,110,13100,7.7,13.4,1.1,2.1,18.9
12,2010,111,18900,6.5,17.2,0.9,2.7,1.6
12,2010,112,22200,5.8,23,1.1,1.4,0
12,2010,113,25700,5,23.7,1.2,1,0
12,2010,114,25700,7.1,24.1,1.2,1,0
12,2010,115,26500,7.9,27.4,1.1,1.6,0
12,2010,116,21000,4.9,24.5,1,2.1,1.7
12,2010,117,11900,7.2,18.9,1.1,4.6,5.5
12,2010,118,12600,2.7,14.3,0.9,2.1,3.4
12,2010,119,23800,0.6,18.3,0.7,2.2,0
12,2010,120,27100,5.9,21,0.7,3,0
12,2010,121,25900,7.9,25.2,0.8,2.5,0
12,2010,122,26500,9,25.9,0.8,2.6,0
12,2010,123,26400,6.6,28.7,1,2,0
12,2010,124,26800,6.9,24.7,0.7,2.8,0
12,2010,125,27600,11,20.5,0.4,4.2,0
12,2010,126,27900,6.3,22,0.5,3.2,0
12,2010,127,27400,2.4,25.5,0.7,1.4,0
12,2010,128,26300,6.3,24,0.9,2.1,0
12,2010,129,17000,10.4,18.5,1.1,2.6,0
12,2010,130,8700,3.7,14.2,1,2.9,11.4
12,2010,131,25800,1.3,22,0.9,1.4,0.1
12,2010,132,26800,6.9,25.8,1.1,1.8,0
12,2010,133,27100,7.1,28.6,1.2,1.4,0
12,2010,134,26300,9.3,29.4,1.3,1,0
12,2010,135,26900,10,28.3,1.3,1.1,0
12,2010,136,21900,12.2,27.3,1.2,1.8,0
12,2010,137,11400,11.6,16.1,1.3,2.5,3.1
12,2010,138,19600,11.3,22.1,1.3,1.9,0.1
12,2010,139,11800,11,17.3,1.3,2.2,0.9
12,2010,140,28600,7.7,23.1,0.8,2,0
12,2010,141,21400,5.1,19.6,0.8,1.8,0.6
12,2010,142,23400,0.8,16.9,0.7,1.4,0
12,2010,143,28400,4.4,23.1,0.7,2.1,0
12,2010,144,22700,9.9,19.8,1,2.7,0
12,2010,145,13200,7.1,18.4,1.2,2.3,0
12,2010,146,18400,10.6,18.7,1.2,2.7,0
12,2010,147,9200,8.5,15.3,1.2,1.8,10.4
12,2010,148,24800,8.1,20.5,1.2,1.1,0.1
12,2010,149,29400,8,26.7,1,2.3,0
12,2010,150,27200,10.3,28.9,1.3,1.5,0
12,2010,151,17200,15.5,23.7,1.6,1.7,0
12,2010,152,27400,14.5,26.9,1.7,1.8,0
12,2010,153,19800,15.4,25.3,1.7,2,0
12,2010,154,21200,17.4,24.9,1.7,2.5,0
12,2010,155,11900,17,24.8,1.8,2.5,0.3
12,2010,156,25300,16.3,29.3,2,1.2,0
12,2010,157,26500,17.1,30.9,1.9,1.7,0
12,2010,158,28500,15.2,31.6,1.8,1.2,0
12,2010,159,28100,14.9,28.3,1.7,1.9,0
12,2010,160,25400,14.6,25.6,1.3,3.2,0
12,2010,161,26400,10.1,25.1,1,2.5,0
12,2010,162,29800,14.5,28.6,0.8,3.7,0
12,2010,163,29900,12.3,29.8,1.1,2.3,0
12,2010,164,29800,13.1,34.5,1.4,1.5,0
12,2010,165,29200,12.7,31.7,1.5,1.7,0
12,2010,166,28800,14.9,27.5,1.5,1.5,0
12,2010,167,30200,0,28,1,1.5,0
12,2010,168,28800,7.5,27.2,1.2,1,0
12,2010,169,27300,9.6,26.7,1.3,1.9,0
12,2010,170,28900,11.5,23.2,1.3,2.4,0
12,2010,171,29600,9.2,28.1,1.2,1.2,0
12,2010,172,29800,14.8,31.8,1.3,1.8,0
12,2010,173,28800,12.4,30.6,1.7,1,0
12,2010,174,28700,17.9,29.8,1.9,1.1,0
12,2010,175,25800,18.1,29.5,1.7,1.6,0
12,2010,176,26400,14.6,29.2,1.7,1.4,0
12,2010,177,29100,15.7,37.2,2,1.1,0
12,2010,178,29400,17.1,38,2.3,1,0
12,2010,179,29200,16.5,35.5,2.2,0.9,0
12,2010,180,29300,19.2,34.4,1.9,1.3,0
12,2010,181,29700,14.2,30.2,1.6,1.4,0
12,2010,182,29400,12.5,29.1,1.6,1.3,0
12,2010,183,29500,13.6,30.5,1.6,1,0
12,2010,184,29800,15,33.8,1.3,2.1,0
12,2010,185,29900,14.2,35,1.5,1.9,0
12,2010,186,29300,14.4,31.2,1.9,1.1,0
12,2010,187,29100,15.8,30.7,1.9,1.5,0
12,2010,188,28400,14.5,30.9,1.9,1.4,0
12,2010,189,28300,16.1,31.7,2,1.5,0
12,2010,190,28400,18,31.8,2.1,1.4,0
12,2010,191,28900,17.1,34.6,2.1,1.2,0
12,2010,192,29100,15.9,35.3,2.1,1.1,0
12,2010,193,28500,18.3,30.1,1.9,2,0
12,2010,194,28100,14.8,28.8,1.8,1.6,0
12,2010,195,28600,18.1,33,2,0.5,0
12,2010,196,28300,17.3,35.9,2.2,0.5,0
12,2010,197,28000,0,37.4,2.5,1.4,0
12,2010,198,28200,17.8,34.3,2.3,1.2,0
12,2010,199,28900,18.1,35.5,2.3,1.1,0
12,2010,200,29000,17.4,34.9,2.2,1,0
12,2010,201,28200,16.4,33.2,2,1.5,0
12,2010,202,28700,15.6,29.2,1.8,1.5,0
12,2010,203,28500,13.5,32.3,2,1.3,0
12,2010,204,28100,15.3,32.3,2,1.1,0
12,2010,205,27800,15.1,34.8,2,1.2,0
12,2010,206,26500,16.2,33.6,1.9,1.5,0
12,2010,207,27800,14.6,29.2,1.7,1.9,0
12,2010,208,27500,12.8,27.2,1.7,1.7,0
12,2010,209,28200,11.9,30.8,1.6,1.1,0
12,2010,210,28200,12.6,31.8,1.7,1.1,0
12,2010,211,28200,12.1,31.8,1.6,1.1,0
12,2010,212,28100,12.6,31.2,1.6,1.1,0
12,2010,213,28300,13,32.7,1.7,1,0
12,2010,214,27900,13.2,32.2,1.7,1,0
12,2010,215,27600,13.3,32.5,1.8,1.1,0
12,2010,216,27400,13.9,32.4,1.8,1.2,0
12,2010,217,27300,13,30.9,1.8,1.2,0
12,2010,218,27100,12.8,31.5,1.8,1.2,0
12,2010,219,26500,14.3,31.2,1.8,1.4,0
12,2010,220,26000,14,29.4,1.8,1.5,0
12,2010,221,26500,13.3,29.5,1.7,1.2,0
12,2010,222,25200,12.6,29.3,1.6,1.7,0
12,2010,223,26000,11.9,26,1.5,1.8,0
12,2010,224,26300,11.8,29.6,1.8,1,0
12,2010,225,26200,14.3,31.3,1.8,1.2,0
12,2010,226,25700,13.4,30.6,1.8,1.3,0
12,2010,227,25800,13.5,31.2,1.9,1.2,0
12,2010,228,25800,14.6,32.4,1.9,1.2,0
12,2010,229,26200,14.6,31.2,1.5,1.7,0
12,2010,230,25600,9.6,28.8,1.6,1.2,0
12,2010,231,25800,11.4,32.6,1.6,0.9,0
12,2010,232,25600,13,31.3,1.5,1.5,0
12,2010,233,24800,12.2,26.1,1.4,2.4,0
12,2010,234,25200,10.8,30.1,1.5,0.9,0
12,2010,235,25200,14.8,35.1,1.4,2.3,0
12,2010,236,25200,13.4,37.9,1.8,0.8,0
12,2010,237,24400,15.4,37.3,2,1.1,0
12,2010,238,24600,16.3,32.2,1.8,1.6,0
12,2010,239,24300,12.8,28.3,1.7,1.8,0
12,2010,240,14700,14.1,20.2,1.3,1.9,0
12,2010,241,21200,12,25.5,1.5,1.1,0
12,2010,242,22000,11.3,26.3,1.4,1.4,0
12,2010,243,23600,0,31.2,1.3,1.6,0
12,2010,244,23100,12,35.2,1.6,1.4,0
12,2010,245,23400,14.9,34.1,1.9,0.9,0
12,2010,246,23300,13.8,34.8,1.8,0.9,0
12,2010,247,23500,12.8,32.4,1.7,1,0
12,2010,248,23300,11.9,32.1,1.1,1.6,0
12,2010,249,23400,13.7,34.3,1,2,0
12,2010,250,22500,10.8,28.3,1.3,2.1,0
12,2010,251,13900,12.6,21.3,1.5,2.7,0
12,2010,252,20800,9.6,23.9,1.4,1,0
12,2010,253,22500,9.6,27.5,1.4,1,0
12,2010,254,22200,10.6,29.2,1.5,0.9,0
12,2010,255,21900,11.2,31.2,1.4,1,0
12,2010,256,21400,10.9,28.2,1.5,1.1,0
12,2010,257,21600,9.1,28.6,1.5,0.9,0
12,2010,258,21100,8.7,29.5,1.4,0.9,0
12,2010,259,20700,11.4,29.2,1.5,0.9,0
12,2010,260,16300,14.1,27.9,1.8,1.6,0
12,2010,261,20000,14.6,27,1.8,2,0
12,2010,262,14600,14.8,23.6,1.8,1.9,0
12,2010,263,20500,11.4,27,1.6,1.4,0
12,2010,264,19300,9.7,24.5,1.5,1.4,0
12,2010,265,19800,8.9,23.3,1.4,1.1,0
12,2010,266,20000,8.8,27.7,1.5,0.9,0
12,2010,267,20300,9.3,32.2,1.4,0.9,0
12,2010,268,20000,9.8,33.4,1.5,0.9,0
12,2010,269,19500,9.8,34.7,1.4,0.9,0
12,2010,270,19800,8.6,33,1.6,0.8,0
12,2010,271,19200,0,36.9,1.8,0.8,0
12,2010,272,18600,12.7,37.9,1.5,1,0
12,2010,273,18400,11.8,32.2,1.6,0.9,0
12,2010,274,18000,11.3,29.4,1.7,0.9,0
12,2010,275,16600,11.4,29.8,1.6,0.9,0
12,2010,276,10600,12.7,26.3,1.4,1.9,0
12,2010,277,14500,9.4,21.7,1.3,1.4,0
12,2010,278,11900,12.5,24.3,1,3.1,0
12,2010,279,15000,11.7,22.3,1.5,1.2,0
12,2010,280,13400,11.8,22.2,1.3,2.1,0
12,2010,281,14800,7.7,23.4,1.3,0.8,0
12,2010,282,16300,8.6,29.2,1.3,1,0
12,2010,283,16300,11.6,28.3,1.6,1.1,0
12,2010,284,16500,13,29.9,1,3.1,0
12,2010,285,16800,11.5,31.4,0.9,1.8,0
12,2010,286,16500,0,33.3,1.4,0.9,0
12,2010,287,15700,9.2,31.8,1.4,0.8,0
12,2010,288,14400,10.9,30.8,1.4,0.9,0
12,2010,289,13400,10.5,25.2,1.2,1.3,0
12,2010,290,3800,9.8,14.4,1.3,0.9,0
12,2010,291,15000,10.4,21.7,1.5,0.9,0
12,2010,292,15200,7.7,26.7,1.5,0.8,0
12,2010,293,14700,9.9,25.3,1.5,0.8,0
12,2010,294,13900,0,19.5,1.2,1.1,0
12,2010,295,8200,12.3,17.7,1.4,1.5,0.1
12,2010,296,3700,11.5,14.2,1.4,2.2,14.5
12,2010,297,2500,9.6,16.6,1.5,3.5,28.6
12,2010,298,13100,5.6,19.2,1.1,0.9,0.1
12,2010,299,14400,2.5,17.7,0.8,1.6,0.1
12,2010,300,11200,3.1,18,0.9,1.3,0
12,2010,301,10700,10,16.6,1.1,1.9,0
12,2010,302,8700,10.5,16.9,1.3,1.5,4.5
12,2010,303,5800,11.2,15.8,1.4,1.9,0.8
12,2010,304,11400,9.7,20.3,1.3,1.4,0
12,2010,305,12800,7.7,22.5,1.3,0.9,0.1
12,2010,306,12900,6.7,23.7,1.3,0.6,0.1
12,2010,307,10700,8.8,24,1.5,0.7,0.2
12,2010,308,11800,8.4,25.5,1.5,0.6,0
12,2010,309,11100,9.9,24.8,1.5,0.7,0.1
12,2010,310,12000,8.8,24.1,1.3,1.9,0.1
12,2010,311,4600,4.4,15.4,1.3,2.6,22.1
12,2010,312,12200,1.3,16.5,0.8,0.9,0.1
12,2010,313,7100,0.4,13,0.9,1.6,1.4
12,2010,314,10800,4,16.4,1,1.3,1.1
12,2010,315,11500,2.3,18.7,0.8,1.6,0
12,2010,316,11500,0.5,18,0.9,1,0.1
12,2010,317,7600,7.7,19.9,0.7,2.4,0
12,2010,318,9400,8.5,24.8,1.2,2.4,0
12,2010,319,11100,11,24.8,1.1,2.4,0
12,2010,320,10600,4.7,21.8,1,1.2,0
12,2010,321,11200,1.3,19.1,1,1.1,0
12,2010,322,9100,0,19,1.1,2,0
12,2010,323,2800,6.6,13.1,1.1,1.9,3.6
12,2010,324,4000,6.1,9.2,0.9,3.1,21.5
12,2010,325,7500,5,12,0.9,2.5,0.1
12,2010,326,6200,6.6,12.9,1,3.2,0
12,2010,327,8900,2.2,12.1,0.7,4,0
12,2010,328,10600,-2.2,9.9,0.4,2.3,0
12,2010,329,10200,-1.9,9.6,0.5,1.4,0
12,2010,330,9200,-2.5,11.4,0.7,0.9,0
12,2010,331,2800,-0.1,9.1,0.9,1.8,11.8
12,2010,332,9800,-1.3,10.5,0.7,1,0.2
12,2010,333,9800,-1.6,12.4,0.6,1.4,0.1
12,2010,334,6200,0.3,11.1,0.7,0.9,0
12,2010,335,8400,-0.7,13.2,0.7,0.8,0
12,2010,336,2200,4.1,10.3,0.9,1.1,2.2
12,2010,337,6200,6.6,11.5,1.1,1.5,7.1
12,2010,338,4300,8.7,14.4,1.2,1,5.7
12,2010,339,6700,10,16.7,1.3,1.7,22.6
12,2010,340,6700,7.6,16.4,1.2,2.9,2.2
12,2010,341,8600,4.5,16.1,1,0.9,0
12,2010,342,3500,9.3,13.3,1.2,1.9,9.8
12,2010,343,5100,0,15.1,1.4,1.6,0.1
12,2010,344,3600,12.3,15.7,1.5,1.5,0
12,2010,345,6200,8.7,18.5,1.4,0.8,0
12,2010,346,7500,7.3,14.5,1.3,1.1,0.2
12,2010,347,3500,10.6,12.8,1.3,1.2,0.4
12,2010,348,1800,6,13.1,1.3,3,7.7
12,2010,349,8900,1,13.2,0.8,1.2,0
12,2010,350,9000,-2.3,11.8,0.6,1,0.1
12,2010,351,2500,2.6,7.8,0.8,1.4,11.4
12,2010,352,2500,7.8,13.5,1.3,4,1.3
12,2010,353,2400,7.9,13.4,1.1,3.7,10.8
12,2010,354,3600,7.2,10.6,1,2.9,10.8
12,2010,355,4700,8.2,12.3,1,2.2,1.4
12,2010,356,5700,8,14.4,1.2,1.4,16.4
12,2010,357,6700,3.7,12.8,1,1,0
12,2010,358,6400,3.6,12.7,1,0.9,0.1
12,2010,359,1400,3.6,10,1.1,2,22.5
12,2010,360,4400,8.1,12.8,1.1,3.5,0
12,2010,361,6800,3.2,12.8,1,1.4,0
12,2010,362,2700,6.9,9.5,1.1,2.9,19.8
12,2010,363,7700,2.2,11.9,0.7,2.9,0.2
12,2010,364,8600,-4,9.8,0.5,1,0
12,2010,365,7100,2.5,16.2,0.7,2.1,0
