*---------------------------------------------------------*
* Weather file for rice yield gap assessment using Oryza(v3)
*      Project: Global Yield Gap Atlas (www.yieldgap.org)
*      Country: USA
*  Station_num: 166
* Station_name: Lodi West
*         Year: 2010
*       Source: http://www.cimis.water.ca.gov
*       Author: M. Espe
*         Date: 11-16-2015
*    Longitude: -121.39
*     Latitude: 38.13
*    Elevation: 25
*
*  Columns:
*  1. station number
*  2. year
*  3. day
*  4. average insolation incident on a horizontal surface (kJ m-2 d-1)
*  5. minimum temperature (degrees Celsius)
*  6. maximum temperature (degrees Celsius)
*  7. vapour pressure (kPa)
*  8. mean wind speed (m s-1)
*  9. precipitation (mm d-1)
*---------------------------------------------------------*
-121.39,38.13,25,0,0
166,2010,1,3300,7.2,15.5,1.1,1.4,0
166,2010,2,6500,4.8,15.3,1.2,1.4,0.1
166,2010,3,5400,2.2,11.7,1,1,0.3
166,2010,4,7900,2.1,12.8,1,1,0
166,2010,5,5400,2.3,9.8,0.9,1.2,0.1
166,2010,6,3700,6.3,7.7,1,1.1,0
166,2010,7,3600,6.4,7.8,1,1.1,0
166,2010,8,3100,3.9,9.4,1,1.2,0.8
166,2010,9,4000,6.3,9.6,1,1.1,0
166,2010,10,4200,6.2,7.6,1,1.1,0.2
166,2010,11,4100,5.8,9.7,1,1.4,0
166,2010,12,5300,6.2,19.1,1.3,2.5,5
166,2010,13,9600,5.9,17.4,1.3,2.1,4.3
166,2010,14,8400,3.8,15.7,1,1.5,0.2
166,2010,15,6700,4.5,13.1,1,1.3,0
166,2010,16,5100,7.4,10.3,1.1,1.2,0.1
166,2010,17,3100,8.3,14.3,1.2,2.8,6.5
166,2010,18,3500,9.2,14.7,1.2,5,10.4
166,2010,19,3700,7.7,12,1.1,5.7,12.3
166,2010,20,5200,8.1,12.6,1,5.8,11.9
166,2010,21,2600,5.7,8.9,0.9,2.6,16.5
166,2010,22,4700,3.5,10.6,0.9,2.2,1.5
166,2010,23,8600,3.6,13.3,1,2.4,1.2
166,2010,24,4000,2,10.7,0.9,1.5,0.3
166,2010,25,3600,8.1,11.3,1.1,3,7.2
166,2010,26,6000,6,12,1.1,2,2.7
166,2010,27,9600,2.1,14.4,1,1.7,0.2
166,2010,28,9400,2.2,14.2,1,1.1,0.2
166,2010,29,7800,5.8,15.7,1.1,1.2,1.5
166,2010,30,10600,5.2,15.5,1.1,1.2,0.2
166,2010,31,12100,2.8,15.1,1,0.8,0.2
166,2010,32,8500,3.2,16.5,1.1,1.3,0.1
166,2010,33,8700,4.9,12.5,1.1,1,2.5
166,2010,34,11600,7.2,17.3,1.2,0.9,0
166,2010,35,4400,8.3,14.6,1.2,3.4,7.1
166,2010,36,10600,10.3,17.1,1.3,3.7,4.8
166,2010,37,5400,8.5,12.7,1.2,2.7,4
166,2010,38,10000,6.9,15,1.1,1.7,0.1
166,2010,39,10100,6.6,15,1.1,1.4,2
166,2010,40,7600,6.1,13.5,1.1,2,10.8
166,2010,41,10700,1.7,15.9,1,1.1,0.1
166,2010,42,8200,7.8,16,1.1,1.7,0.1
166,2010,43,10400,9.3,19.1,1.2,1.5,0
166,2010,44,12600,4.8,17.6,1.2,1.1,0.1
166,2010,45,13400,4.7,18.5,1.2,1,0.3
166,2010,46,13900,7.7,19.9,1.3,1,0
166,2010,47,13600,7.1,19.6,1.3,1.2,0.1
166,2010,48,14500,5.8,21.5,1.4,0.9,0.1
166,2010,49,12100,6.2,17.4,1.3,1.2,0.2
166,2010,50,7400,8.2,14.6,1.2,1.3,0
166,2010,51,7600,6.5,13.8,1.1,2.4,0
166,2010,52,7600,5.7,12.1,1,2,5.8
166,2010,53,16000,2.8,15.9,0.9,1.9,0.1
166,2010,54,3600,6.6,10.4,1.1,4,22.1
166,2010,55,8600,9.6,17,1.2,3.4,0.6
166,2010,56,14000,5.7,16.9,1.2,1.2,0.1
166,2010,57,4100,10.3,16.1,1.3,3.5,9.9
166,2010,58,9000,7.4,16.8,1.3,1.7,0.5
166,2010,59,15900,3.5,18.8,1.1,1.2,0
166,2010,60,12600,6,17.6,1.2,1.4,0
166,2010,61,6900,7.7,15.4,1.2,2,5.7
166,2010,62,9600,5.4,12.8,1,2.1,19.3
166,2010,63,15400,4.2,15,0.9,1,0.5
166,2010,64,13400,2.7,15,0.9,1.3,0
166,2010,65,12900,6.8,19.7,1.1,1.3,0
166,2010,66,17700,3.9,19.2,1.1,2,0
166,2010,67,14500,2.4,13.9,0.9,3.4,0
166,2010,68,17500,1.5,13.5,0.8,2.7,0.2
166,2010,69,17500,2.5,13.5,0.9,2.1,0.6
166,2010,70,18600,0.9,17.4,0.8,1.2,0
166,2010,71,6000,5.7,12.2,1.1,2.5,7.2
166,2010,72,19700,1.4,14.3,0.8,3.2,0
166,2010,73,19200,1.9,17.6,0.8,1.6,0
166,2010,74,19200,3.2,21.3,1.1,1.2,0
166,2010,75,18400,5.9,22.6,1.3,1.1,0
166,2010,76,17900,9.7,23.6,1.4,1.4,0
166,2010,77,20700,7.2,24.4,1.1,2.6,0
166,2010,78,21100,4,25.7,0.9,1.2,0
166,2010,79,16100,5.9,23,1.2,1.6,0
166,2010,80,17600,6,21.3,1.3,1.9,0
166,2010,81,20500,8.4,21.1,1.1,3,0
166,2010,82,21600,5.8,23.7,0.9,2.2,0
166,2010,83,20900,6.2,22.9,1.1,2,0.2
166,2010,84,16000,6.7,17.8,1.1,2.7,0.1
166,2010,85,21900,2.6,18.6,0.9,1.7,0
166,2010,86,21600,3.7,22,1,1.2,0
166,2010,87,19800,6.9,24.4,1.1,1.8,0
166,2010,88,9300,6.4,20.7,1.3,3.1,0
166,2010,89,17900,7.4,16.2,1.1,3.2,4.4
166,2010,90,17600,5.3,15.2,0.9,2.3,5.6
166,2010,91,18800,3.2,15.8,0.9,2.2,0
166,2010,92,9000,5.1,13,1,3.1,5.5
166,2010,93,16700,4.2,15.4,0.9,1.7,0
166,2010,94,8900,5.2,13.1,1,3.4,15.2
166,2010,95,19300,5.6,15.3,0.9,1.7,0.1
166,2010,96,23500,2,17.7,0.9,2.1,0
166,2010,97,23700,3.1,22.3,1.1,1.2,0
166,2010,98,23700,6.1,21.1,1.2,2.3,0
166,2010,99,23800,7.6,22.6,0.9,2.7,0
166,2010,100,9600,7.7,17,1.1,2.1,0
166,2010,101,4900,8.3,14.2,1.1,3.9,7.5
166,2010,102,9200,8.4,15.1,1.1,3.9,4.8
166,2010,103,20200,6.2,17.6,1.1,1.7,0
166,2010,104,21600,5.8,17.7,1,1.7,0
166,2010,105,23100,5,21.4,1.2,1.5,0
166,2010,106,24700,9.9,22.1,1.2,2.2,0
166,2010,107,24300,8.3,22.9,1.3,1.8,0
166,2010,108,25600,6.9,25.8,1.3,1.4,0
166,2010,109,18500,8.3,21.6,1.2,1.8,0
166,2010,110,17600,7.8,15.2,1.1,2.6,10.8
166,2010,111,11400,7.5,12.5,1.1,2.1,5.4
166,2010,112,22100,7.4,19,1.2,1.7,0.1
166,2010,113,25700,8.2,22.9,1.3,1.4,0
166,2010,114,26100,7.3,24.3,1.3,1.5,0
166,2010,115,26600,8.8,27.9,1.2,2.2,0
166,2010,116,22800,7.2,26.5,1.1,2.1,0
166,2010,117,12500,9.5,19.7,1.3,2.9,3.5
166,2010,118,15700,6.7,15.2,1,2.9,3
166,2010,119,25900,2.7,18.3,0.9,2.8,0
166,2010,120,27000,5.2,22,0.9,3.3,0
166,2010,121,26300,7.2,26.1,1.2,3,0
166,2010,122,26800,9.8,27.3,0.9,4.3,0
166,2010,123,26700,7.9,30.2,1.3,2,0
166,2010,124,26700,9.2,25.9,1,3.1,0
166,2010,125,27500,9.5,22.6,0.7,3.2,0
166,2010,126,28200,9.8,23.9,0.6,4.1,0
166,2010,127,27300,4.8,26.1,0.8,2.4,0
166,2010,128,27300,8,22.7,1.1,2.9,0
166,2010,129,14900,7.6,19,1.1,3.3,0
166,2010,130,11400,6.2,15.5,1.1,3.2,3.1
166,2010,131,27600,3.5,21.5,1,2.7,0
166,2010,132,27200,7.4,26.1,1.2,2.1,0
166,2010,133,27500,7.9,27.8,1.3,2,0
166,2010,134,26700,9.9,27.3,1.3,2.2,0
166,2010,135,27500,9.4,29.4,1.3,2.1,0
166,2010,136,20700,10.2,25.8,1.2,3.3,0
166,2010,137,11500,11.3,19.1,1.3,2.4,0.1
166,2010,138,21600,12.8,23.1,1.4,2.3,0
166,2010,139,14400,9.9,20.3,1.2,2.7,0
166,2010,140,29000,8.1,23.5,1,3.2,0
166,2010,141,22000,8.1,18.7,0.9,4.4,0
166,2010,142,24800,5.3,17.8,0.8,2.6,0
166,2010,143,29200,5,22.6,0.8,3.7,0
166,2010,144,20200,8.5,19.6,1,2.1,0
166,2010,145,11000,6.3,19.4,1.3,1.4,3.9
166,2010,146,20300,12,20.5,1.3,2.2,0
166,2010,147,13700,7.5,18.6,1.2,2.4,0.3
166,2010,148,26000,5.5,20.4,1.1,2.1,0
166,2010,149,29400,9.1,27.8,1.1,2.4,0
166,2010,150,27100,8.3,30.8,1.2,1.8,0
166,2010,151,19800,15.2,25.6,1.5,3,0
166,2010,152,27800,14,24,1.5,2.9,0
166,2010,153,24300,12.7,27.4,1.7,2.8,0
166,2010,154,27300,15.4,27.6,1.8,3.1,0
166,2010,155,21000,17,27.9,1.9,2,0
166,2010,156,28000,16,31.4,1.8,2.4,0
166,2010,157,28000,15.8,29.4,1.8,3,0
166,2010,158,28900,13.7,28.6,1.7,2.6,0
166,2010,159,28500,11.8,26.2,1.3,2.8,0
166,2010,160,26300,13.5,23.1,1.5,3.9,0
166,2010,161,28900,12.1,24.7,1.3,3.6,0
166,2010,162,30100,14.9,28.6,1.1,5.4,0
166,2010,163,30000,15.8,31.6,1.2,3.9,0
166,2010,164,29700,12.9,34.4,1.4,2,0
166,2010,165,29500,12.9,32.9,1.5,1.7,0
166,2010,166,29400,9.5,26.9,1.3,2.2,0
166,2010,167,30500,11.6,27.6,1,2.8,0
166,2010,168,28800,9.7,30,1.2,1.7,0
166,2010,169,28700,8.8,25,1.3,2,0
166,2010,170,29200,8.6,23.2,1.2,2.2,0
166,2010,171,29600,7,27,1.3,1.9,0
166,2010,172,29300,9.5,30.8,1.3,2.1,0
166,2010,173,29400,10.8,32.1,1.5,1.6,0
166,2010,174,29400,13.7,32.3,1.5,1.9,0
166,2010,175,26800,12.6,26.7,1.4,2.4,0
166,2010,176,28200,12.7,27.9,1.6,2.2,0
166,2010,177,29000,13.8,31.6,1.7,2.3,0
166,2010,178,29200,14.1,37,1.9,1.5,0
166,2010,179,29300,17.1,37.4,1.9,2.1,0
166,2010,180,29400,15.3,33,1.5,2.7,0
166,2010,181,30000,13.1,29.1,1.2,2.3,0
166,2010,182,29700,8.6,28.5,1.3,2.1,0
166,2010,183,29500,11.3,29.2,1.5,2.1,0
166,2010,184,29900,13.2,31.9,1.3,2.3,0
166,2010,185,30000,11.9,34.7,1.5,2.1,0
166,2010,186,29500,12.8,31.8,1.6,2.6,0
166,2010,187,29300,12.7,25.1,1.5,3.6,0
166,2010,188,28800,12.5,27.6,1.5,3.3,0
166,2010,189,28500,12.7,28.3,1.6,3,0
166,2010,190,28600,13,29.2,1.7,2.5,0
166,2010,191,29300,13,33.4,1.9,2.1,0
166,2010,192,28700,13.7,31.3,1.7,2.6,0
166,2010,193,28400,14.4,26.3,1.6,3.7,0
166,2010,194,28300,14.1,28.4,1.6,2.6,0
166,2010,195,28900,13.5,33,1.6,2,0
166,2010,196,28200,16.4,36.1,1.6,1.8,0
166,2010,197,27800,16.7,33.8,1.8,2.2,0
166,2010,198,28300,14.1,33.5,1.7,1.9,0
166,2010,199,28900,14.4,34.8,1.7,1.8,0
166,2010,200,29100,12.9,33.8,1.6,2,0
166,2010,201,28400,11.7,29.4,1.6,2.1,0
166,2010,202,29000,11.7,26.7,1.5,2.2,0
166,2010,203,28800,11,31.5,1.6,2,0
166,2010,204,28400,12.1,31.5,1.7,2,0
166,2010,205,28100,13.1,32.1,1.6,2.1,0
166,2010,206,27600,13.2,28.6,1.5,2.9,0
166,2010,207,27900,13.1,23.7,1.5,4,0
166,2010,208,27800,12.4,25.5,1.5,3.2,0
166,2010,209,28700,12.1,27.6,1.4,3,0
166,2010,210,28200,10.8,30.6,1.5,2,0
166,2010,211,28400,11,30.1,1.6,1.8,0
166,2010,212,28300,11.3,30,1.6,1.9,0
166,2010,213,28400,10.5,31,1.5,1.7,0
166,2010,214,28200,11.1,30.4,1.5,1.7,0
166,2010,215,27800,0,31.7,1.9,1.5,0
166,2010,216,27700,12,29.8,1.6,1.9,0
166,2010,217,27600,10.8,27.1,1.5,2,0
166,2010,218,27600,10.4,30.1,1.6,1.8,0
166,2010,219,26700,11.8,28.7,1.6,2,0
166,2010,220,26300,11.8,26.7,1.6,1.8,0
166,2010,221,26600,11.9,27.8,1.7,1.7,0
166,2010,222,26500,11.2,28.6,1.5,2,0
166,2010,223,25800,11.1,23.9,1.6,2.1,0
166,2010,224,26300,10.9,30.2,1.7,1.6,0
166,2010,225,26200,11.8,28.9,1.6,2.2,0
166,2010,226,26000,12.5,27.2,1.5,2.8,0
166,2010,227,26400,13,28.4,1.6,2.4,0
166,2010,228,26200,11.1,32.2,1.7,1.5,0
166,2010,229,26300,10.7,27.8,1.6,2.1,0
166,2010,230,26400,8.9,28.1,1.5,1.8,0
166,2010,231,26100,8.2,31.9,1.6,1.5,0
166,2010,232,26000,10.7,30.4,1.6,1.7,0
166,2010,233,22700,10.6,23.6,1.5,2.2,0
166,2010,234,25500,8,28.6,1.5,1.6,0
166,2010,235,25500,11.2,34.1,1.6,1.4,0
166,2010,236,25300,13,36.9,2,1.1,0
166,2010,237,24400,16.5,38.8,1.9,1.6,0
166,2010,238,24600,13.4,29.8,1.6,1.7,0
166,2010,239,24600,10.2,28.3,1.5,1.9,0
166,2010,240,21100,11.9,23.3,1.3,2.8,0
166,2010,241,23600,8.3,25.6,1.4,1.6,0
166,2010,242,23900,9,25.3,1.3,1.6,0
166,2010,243,24000,9.5,30.3,1.5,1.4,0
166,2010,244,23400,11.4,34,1.6,1,0
166,2010,245,23700,12.8,36.6,1.7,1,0
166,2010,246,23600,0,34.3,1.7,2,0
166,2010,247,23600,10.7,32.1,1.5,1.5,0
166,2010,248,23600,11.5,32.1,1.6,1.7,0
166,2010,249,23600,10.4,32.5,1.3,1.6,0
166,2010,250,22900,10.2,25.9,1.4,1.3,0
166,2010,251,16100,10.5,21.8,1.4,1.7,0
166,2010,252,21600,8.6,23.9,1.4,1,0
166,2010,253,22600,8.4,29.2,1.4,0.7,0
166,2010,254,22400,8.9,30.6,1.5,0.5,0
166,2010,255,22100,9.9,29.9,1.4,0.7,0
166,2010,256,19000,11.3,24.8,1.4,1.5,0
166,2010,257,21900,6.4,27.8,1.4,1,0
166,2010,258,21400,7.2,28.1,1.4,0.8,0
166,2010,259,21000,13.5,28.6,1.7,0.8,0
166,2010,260,17500,13.5,25.2,1.9,0.6,0
166,2010,261,20500,13.4,25.1,1.8,0.6,0
166,2010,262,16600,11.9,24.9,1.7,0.5,0
166,2010,263,20700,11.1,27.1,1.7,0.5,0.1
166,2010,264,20300,9,24.6,1.4,0.5,0
166,2010,265,20200,7.6,24,1.4,0.5,0
166,2010,266,20100,7.9,26.9,1.4,0.5,0
166,2010,267,20600,7.6,30.5,1.5,0.5,0
166,2010,268,20200,8.4,32.9,1.6,0.5,0
166,2010,269,20100,10.9,35.4,1.5,0.5,0
166,2010,270,20000,9.9,35.1,1.6,0.5,0
166,2010,271,19200,13.4,36.8,1.7,0.5,0
166,2010,272,18900,14.9,37.5,1.6,0.5,0
166,2010,273,18600,12.5,32.8,1.5,0.5,0
166,2010,274,18400,0,29.6,1.7,1.4,0
166,2010,275,17700,13.5,30.9,1.6,1.4,0
166,2010,276,15600,11.2,25.9,1.5,1.9,0
166,2010,277,16100,9.3,21.2,1.4,1.8,0
166,2010,278,14000,10.8,21.8,1.4,1.5,0
166,2010,279,17100,9.5,24.1,1.4,1.3,0
166,2010,280,17000,10,22.7,1.4,1.5,0
166,2010,281,16300,6.8,25,1.3,1.2,0
166,2010,282,16800,6.9,27.1,1.4,1.5,0
166,2010,283,16600,10.5,30.2,1.6,1.1,0
166,2010,284,16700,11.1,30.6,1.3,2,0
166,2010,285,16900,9.1,31.2,1.2,1.2,0
166,2010,286,16600,8.7,33.1,1.5,0.9,0
166,2010,287,15900,11,34.7,1.6,0.8,0
166,2010,288,15900,10.6,32.5,1.4,1.4,0
166,2010,289,13600,10.4,26.1,1,1.9,0
166,2010,290,3600,12.3,16.5,1.3,1.4,5.9
166,2010,291,15100,7.9,22,1.4,0.9,0.1
166,2010,292,15400,8.5,25.8,1.5,0.8,0
166,2010,293,15200,11,24.8,1.5,1.5,0
166,2010,294,13600,6.9,20.3,1.3,1.5,0.1
166,2010,295,8800,9,19.3,1.5,1.2,0.1
166,2010,296,4500,10.6,18.1,1.4,2,5.7
166,2010,297,3600,13.5,17.4,1.7,4,17.9
166,2010,298,14500,9.2,18.6,1.3,1.6,0
166,2010,299,14800,5.8,18.8,1,1.8,0.1
166,2010,300,10800,0.7,18,1,1.3,0
166,2010,301,12900,7,22.2,1.2,1.5,0
166,2010,302,7900,8.1,18.2,1.4,1.8,0.1
166,2010,303,7800,10.3,16.2,1.4,1.7,0.3
166,2010,304,13300,6.8,21.4,1.3,0.9,0
166,2010,305,13200,5.5,22.4,1.3,0.9,0.1
166,2010,306,13200,6.3,25.2,1.4,0.8,0
166,2010,307,12900,0,26.8,1.7,1,0
166,2010,308,12600,8.8,27.5,1.6,0.7,0
166,2010,309,11300,9.6,23.9,1.6,1,0
166,2010,310,12400,8.5,22.2,1.4,1.7,0
166,2010,311,5100,9.6,14.5,1.4,2.1,13.4
166,2010,312,12700,4.7,16,1,1.3,0
166,2010,313,11200,1.3,17,1,1.3,0.5
166,2010,314,11700,6.4,16.3,1.1,1.9,0
166,2010,315,12200,2.9,19,0.9,1.9,0
166,2010,316,11800,1.1,18.1,0.9,0.9,0
166,2010,317,10500,1.6,19.3,1,0.9,0
166,2010,318,10500,3.8,20.6,1.2,0.9,0
166,2010,319,11600,5.9,23.5,1.3,1,0
166,2010,320,11700,4.6,21.2,1.2,1.1,0
166,2010,321,11700,0.8,20.6,1,0.8,0
166,2010,322,11000,1.8,17.7,1.1,1.2,0.1
166,2010,323,3500,7.1,13.8,1.2,1.6,14.4
166,2010,324,7300,4.8,11.7,1,3.4,16.1
166,2010,325,9100,4.9,13,0.9,2.5,0.4
166,2010,326,7600,7.2,12.9,1.1,2.2,0.9
166,2010,327,9200,1.3,13.6,1,2.5,7.8
166,2010,328,11100,-1.1,10.2,0.5,2.1,0
166,2010,329,10800,-3.9,10.2,0.6,1,0
166,2010,330,10400,-3.4,12.7,0.7,0.9,0
166,2010,331,4100,3.4,9.1,0.9,2.4,7.5
166,2010,332,10400,-1.6,10.7,0.7,1.4,0.1
166,2010,333,10200,-2.7,11.6,0.7,0.9,0.2
166,2010,334,7400,-1.3,11.5,0.7,0.8,0
166,2010,335,9800,-1.8,14.1,0.8,0.8,0.1
166,2010,336,2800,-0.6,11,0.9,1,0.8
166,2010,337,5400,7.8,10.6,1.1,1.2,0
166,2010,338,5900,8,15.7,1.2,1.3,6.5
166,2010,339,5700,6.9,16.6,1.3,1.9,9.3
166,2010,340,9300,7.1,18.8,1.3,2.5,2.7
166,2010,341,8600,4.5,16.8,1.1,0.8,0.1
166,2010,342,2700,7.2,13.3,1.3,1.3,8.3
166,2010,343,7000,11.5,17.9,1.5,1,1
166,2010,344,5800,9.2,19.1,1.5,1.4,0.1
166,2010,345,5600,10.5,14.1,1.5,1.1,0.2
166,2010,346,4900,13.1,14.9,1.5,0.9,0
166,2010,347,2800,11.1,13.7,1.4,1.2,0
166,2010,348,2100,9.7,12.8,1.3,2.6,9.1
166,2010,349,8100,0.7,11.5,1,1,0.3
166,2010,350,8500,-0.2,7.5,0.8,1.1,0.3
166,2010,351,3100,7.1,13,1.2,2.2,16.5
166,2010,352,3100,11.7,14.6,1.5,4.8,5.9
166,2010,353,3200,8.1,14.7,1.3,3,38.3
166,2010,354,4600,6.9,11.4,1,2.9,0.1
166,2010,355,6100,6.3,12.8,1.1,2.9,2.1
166,2010,356,5600,9.1,15.7,1.3,1.5,7.2
166,2010,357,8800,4,15.7,1,0.9,0
166,2010,358,6200,2.8,12.5,1.1,1.1,0.1
166,2010,359,1000,7.1,10.9,1.2,1.7,15.8
166,2010,360,8100,6.5,16.1,1.1,2.1,0.1
166,2010,361,6400,5.8,11.7,1.1,1.3,0.7
166,2010,362,3600,6.2,11.6,1.1,2.9,9.4
166,2010,363,7500,2.1,12.4,0.9,3.8,6.3
166,2010,364,8800,-2.1,11,0.6,1.3,0
166,2010,365,7900,-3,8.8,0.7,1,0
