*---------------------------------------------------------*
* Weather file for rice yield gap assessment using Oryza(v3)
*      Project: Global Yield Gap Atlas (www.yieldgap.org)
*      Country: USA
*  Station_num: 30
* Station_name: Nicolaus
*         Year: 2010
*       Source: http://www.cimis.water.ca.gov
*       Author: M. Espe
*         Date: 11-16-2015
*    Longitude: -121.54
*     Latitude: 38.87
*    Elevation: 32
*
*  Columns:
*  1. station number
*  2. year
*  3. day
*  4. average insolation incident on a horizontal surface (kJ m-2 d-1)
*  5. minimum temperature (degrees Celsius)
*  6. maximum temperature (degrees Celsius)
*  7. vapour pressure (kPa)
*  8. mean wind speed (m s-1)
*  9. precipitation (mm d-1)
*---------------------------------------------------------*
-121.54,38.87,32,0,0
30,2010,1,3300,8.4,13.2,1.1,2.1,2.2
30,2010,2,6500,5.4,14.9,1.2,2,0.1
30,2010,3,5400,1.7,10.5,1,1.1,0.2
30,2010,4,7900,4.1,11.3,1,1.5,0.1
30,2010,5,5400,4.1,7.1,0.9,1.5,0.1
30,2010,6,3700,5.4,8.2,1,1.4,0
30,2010,7,3600,5.7,7.4,0.9,1.2,0
30,2010,8,3100,2.8,10,1,1.6,1
30,2010,9,4000,5.6,8.5,1,1.6,0.1
30,2010,10,4200,6.5,8.1,1,1.5,0.2
30,2010,11,4100,6.5,8.7,1,1.4,0
30,2010,12,5300,6.7,16.8,1.2,3.7,5.6
30,2010,13,9600,6.7,17,1.2,3,9
30,2010,14,8400,1.5,14.1,1,1.8,0.1
30,2010,15,6700,2.2,12.3,1,1.6,0.1
30,2010,16,5100,2,11.3,1,1.6,0.3
30,2010,17,3100,8.7,11.5,1.2,3.9,7.7
30,2010,18,3500,8.3,13.7,1.1,6.5,13.8
30,2010,19,3700,6.4,11.2,1,7.6,27.5
30,2010,20,5200,7.2,10.9,1,8,21.9
30,2010,21,2600,5.8,9,0.9,3.3,10.1
30,2010,22,4700,3.8,9.1,0.9,3.4,0.3
30,2010,23,8600,3.8,12.3,0.9,3.3,3.8
30,2010,24,4000,3,8.8,0.9,1.6,3.6
30,2010,25,3600,7.1,10.3,1,2.3,6.9
30,2010,26,6000,5.9,11.2,1.1,2.7,3.3
30,2010,27,9600,2.1,13.4,1,1.4,0.3
30,2010,28,9400,0.9,13.7,1,1.2,0.2
30,2010,29,7800,5.1,13.7,1.1,2,0.4
30,2010,30,10600,4.7,15.8,1.1,2.1,0
30,2010,31,12100,0.5,14.6,0.9,1.2,0
30,2010,32,8500,5.7,14,1,1.6,0.3
30,2010,33,8700,4.3,12.5,1,1.6,0.5
30,2010,34,11600,6.1,16.2,1.1,1.8,0.1
30,2010,35,4400,8.5,13.9,1.1,4.5,9.2
30,2010,36,10600,9.6,16.7,1.2,4.3,1.8
30,2010,37,5400,9.3,12.9,1.2,3.1,2.3
30,2010,38,10000,6.7,15.6,1.1,1.4,0
30,2010,39,10100,2.9,14.7,1,2.3,1.6
30,2010,40,7600,3.8,13.1,1,2.4,2.2
30,2010,41,10700,0.3,14.3,1,2.4,0.2
30,2010,42,8200,8.8,15,1.1,2.9,0
30,2010,43,10400,8.9,16.9,1.2,2.2,0.1
30,2010,44,12600,4.1,16.8,1.1,1.6,0
30,2010,45,13400,2.5,18,1.1,1.2,0.2
30,2010,46,13900,4.6,19.9,1.2,1.2,0
30,2010,47,13600,7.6,20,1.2,1.1,0.1
30,2010,48,14500,4.7,20.1,1.3,1.1,0.1
30,2010,49,12100,4.9,19.4,1.3,1.2,0.3
30,2010,50,7400,7.8,15,1.2,2.3,0
30,2010,51,7600,5.6,14.3,1.1,2.4,0
30,2010,52,7600,2.1,13.7,1,2.2,0
30,2010,53,16000,1.2,16.1,0.8,2.6,0
30,2010,54,3600,6.2,10.9,1,3.7,13
30,2010,55,8600,7.7,14.4,1.2,3.7,0.9
30,2010,56,14000,4.2,15.5,1.1,1.5,0.1
30,2010,57,4100,6.3,14.7,1.2,3.6,10.9
30,2010,58,9000,5.4,17.1,1.1,1.9,8.8
30,2010,59,15900,1.1,16.9,1.1,1.6,0.1
30,2010,60,12600,4.3,17.5,1.2,1.6,0
30,2010,61,6900,7.9,13.9,1.2,3,4.4
30,2010,62,9600,4.9,12.5,1,3.5,21.7
30,2010,63,15400,2.6,13.8,0.9,1.6,0
30,2010,64,13400,1.3,13.5,0.9,1.7,0.1
30,2010,65,12900,6.1,18.6,1.1,1.6,0
30,2010,66,17700,2.3,18.9,1.1,2.4,0
30,2010,67,14500,1.7,14.7,0.9,4,0
30,2010,68,17500,-0.8,12.8,0.7,1.8,2.2
30,2010,69,17500,-0.1,13.7,0.8,1.9,4.3
30,2010,70,18600,0.1,16.2,0.8,2,0
30,2010,71,6000,3.3,11.5,1,3.6,7.4
30,2010,72,19700,-1.7,14.1,0.7,3.5,0
30,2010,73,19200,0.9,18.2,0.7,1.7,0
30,2010,74,19200,1.3,21.9,1,1.2,0
30,2010,75,18400,3.9,22.7,1.2,1.3,0
30,2010,76,17900,7.3,24.7,1.2,1.1,0
30,2010,77,20700,2.8,23.5,0.9,3.4,0.1
30,2010,78,21100,0.8,24.3,0.9,1.6,0
30,2010,79,16100,4.3,21.3,1.1,1.9,0
30,2010,80,17600,6.4,21.4,1.1,2.1,0
30,2010,81,20500,5.5,20.4,1,2.2,0
30,2010,82,21600,4.1,24.2,0.9,2.4,0
30,2010,83,20900,6.7,20.5,1,3.2,1.9
30,2010,84,16000,4.5,16.8,1,2.9,0.1
30,2010,85,21900,-0.3,19.3,0.8,1.4,0
30,2010,86,21600,2,20.8,0.9,1.6,0
30,2010,87,19800,5.7,23,1,2.6,0
30,2010,88,9300,9.7,17.7,1.3,4.8,1.5
30,2010,89,17900,6.1,16.3,0.9,4.4,0.3
30,2010,90,17600,4.3,14.6,0.8,2.9,1
30,2010,91,18800,3.1,16.5,0.9,1.9,0
30,2010,92,9000,3.7,11.8,0.9,4,1.5
30,2010,93,16700,1.1,14.6,0.8,1.6,0.1
30,2010,94,8900,4.2,12.3,0.9,4.1,12
30,2010,95,19300,2.4,15.1,0.8,2.4,0
30,2010,96,23500,-0.4,17.2,0.8,2.2,0
30,2010,97,23700,1.3,21.9,1,1.6,0
30,2010,98,23700,5.1,21.4,1,1.8,0
30,2010,99,23800,4.8,22.3,0.8,2.7,0
30,2010,100,9600,8.1,14.9,1,3.2,0
30,2010,101,4900,7.9,14.2,1,4.4,15.2
30,2010,102,9200,8,13.4,1.1,4.8,11
30,2010,103,20200,6.6,17.9,1.1,1.7,0
30,2010,104,21600,5.8,17.8,1,2.6,0
30,2010,105,23100,2.7,20.4,1,1.3,0
30,2010,106,24700,7.9,22.1,1.1,2.1,0
30,2010,107,24300,7.4,23.1,1.2,1.4,0
30,2010,108,25600,4.7,26.1,1.2,1.5,0
30,2010,109,18500,9,22,1.1,2.6,0
30,2010,110,17600,5.8,15.7,1.1,3.1,8.3
30,2010,111,11400,3.7,14.8,1,2.1,3.8
30,2010,112,22100,6.5,19.2,1.1,1.7,0
30,2010,113,25700,4.2,22.5,1.2,1.5,0
30,2010,114,26100,7.3,25.9,1.3,1.3,0
30,2010,115,26600,6.8,27.2,1.1,1.9,0
30,2010,116,22800,7.4,25.5,1.1,2.7,0
30,2010,117,12500,6.9,18.5,1.2,4.4,5.4
30,2010,118,15700,2.1,15.2,0.9,3,1.6
30,2010,119,25900,1.1,18.3,0.8,1.9,0
30,2010,120,27000,4.5,21.6,0.8,3.4,0
30,2010,121,26300,3.4,26.7,1,1.7,0
30,2010,122,26800,8.5,26.1,0.8,3.7,0
30,2010,123,26700,5.5,28.8,1.1,2.2,0
30,2010,124,26700,4.7,26.3,0.8,2,0
30,2010,125,27500,3.7,21.7,0.6,2.8,0
30,2010,126,28200,4.3,23.2,0.6,3.6,0
30,2010,127,27300,1.4,26.1,0.7,1.8,0
30,2010,128,27300,8.8,24.5,1,2.9,0
30,2010,129,14900,8.1,17.9,1.1,2.8,0.2
30,2010,130,11400,3.9,14.5,1,3.3,5.7
30,2010,131,27600,1.5,21.7,0.9,2.1,0.1
30,2010,132,27200,5.4,26.2,1.1,1.5,0
30,2010,133,27500,8.7,29.4,1.2,1.4,0
30,2010,134,26700,10,28.8,1.3,1.7,0
30,2010,135,27500,9.3,29.1,1.3,1.6,0
30,2010,136,20700,11.5,26.3,1.2,3.1,0
30,2010,137,11500,10.9,18,1.2,2.9,0.1
30,2010,138,21600,10.5,23,1.3,1.9,0
30,2010,139,14400,12,19,1.3,2.6,0.2
30,2010,140,29000,5,22.8,0.9,2.3,0
30,2010,141,22000,4.3,20.2,0.9,2.8,0
30,2010,142,24800,1.6,17.8,0.7,2,0
30,2010,143,29200,4.1,23.4,0.8,3.1,0
30,2010,144,20200,9.9,19.2,1,3.3,0
30,2010,145,11000,8.8,19,1.2,2.5,4.6
30,2010,146,20300,11.4,20.4,1.1,2.6,0.3
30,2010,147,13700,9.7,17.4,1.2,2.6,5.4
30,2010,148,26000,7.5,20,1.1,1.6,0
30,2010,149,29400,8.8,26.9,1.1,2.6,0
30,2010,150,27100,9.7,30.7,1.3,1.4,0
30,2010,151,19800,15.4,25.5,1.5,2.6,0
30,2010,152,27800,13.9,26.3,1.5,2.6,0
30,2010,153,24300,13.5,28.2,1.6,2.8,0
30,2010,154,27300,15.5,27.4,1.7,2.8,0
30,2010,155,21000,17.4,26.5,1.8,2.8,0
30,2010,156,28000,15.7,31,1.8,1.6,0
30,2010,157,28000,16.7,32.7,1.8,2.5,0
30,2010,158,28900,14.3,30.9,1.7,2,0
30,2010,159,28500,14.1,28.8,1.5,3.2,0
30,2010,160,26300,12.8,26.3,1.4,4.2,0
30,2010,161,28900,10.9,25.5,1.1,3.3,0
30,2010,162,30100,14.8,29.3,1,6.3,0
30,2010,163,30000,15.9,32,1.1,4.9,0
30,2010,164,29700,13.1,35.1,1.4,2.4,0
30,2010,165,29500,17.1,32.9,1.4,3.6,0
30,2010,166,29400,13,29,1.3,3.5,0
30,2010,167,30500,10.3,27.8,0.9,3,0
30,2010,168,28800,8.6,30.1,1.1,1.6,0
30,2010,169,28700,12.3,25.9,1.3,4.1,0
30,2010,170,29200,11,24.2,1.2,4.4,0
30,2010,171,29600,9.7,27.1,1.3,2,0
30,2010,172,29300,12.3,31.7,1.3,1.6,0
30,2010,173,29400,15.3,33.7,1.5,1.9,0
30,2010,174,29400,15.2,33.2,1.5,2.3,0
30,2010,175,26800,13.9,29.2,1.4,3.6,0
30,2010,176,28200,13.1,30.8,1.6,2.4,0
30,2010,177,29000,14,35.8,1.8,2,0
30,2010,178,29200,15.8,36.1,1.9,1.5,0
30,2010,179,29300,19.3,38.6,2.1,1.9,0
30,2010,180,29400,17,34.7,1.7,2.2,0
30,2010,181,30000,14.7,30.8,1.3,3.2,0
30,2010,182,29700,12.7,29.6,1.4,2.7,0
30,2010,183,29500,13.4,30.4,1.5,1.9,0
30,2010,184,29900,13.6,33.7,1.4,1.9,0
30,2010,185,30000,14.1,34.3,1.5,2.7,0
30,2010,186,29500,15.1,33.9,1.7,2.3,0
30,2010,187,29300,13.2,29.6,1.6,3.3,0
30,2010,188,28800,12.4,32.3,1.5,2.8,0
30,2010,189,28500,13.3,30.9,1.6,2.7,0
30,2010,190,28600,14.9,31.8,1.7,2.8,0
30,2010,191,29300,14.4,34.9,1.9,2.1,0
30,2010,192,28700,14.1,35.8,1.8,2.1,0
30,2010,193,28400,14.9,29.1,1.6,4.1,0
30,2010,194,28300,14.1,30.2,1.5,3.3,0
30,2010,195,28900,0,34.2,1.7,1.5,0
30,2010,196,28200,17,38.9,1.8,1.5,0
30,2010,197,27800,18.5,37.2,1.9,2.1,0
30,2010,198,28300,16.7,34.5,1.9,2.4,0
30,2010,199,28900,16.5,35.6,1.9,1.8,0
30,2010,200,29100,15.2,35.3,1.8,1.7,0
30,2010,201,28400,13.6,31.7,1.7,2.7,0
30,2010,202,29000,12.8,27.1,1.5,3.3,0
30,2010,203,28800,11.6,32.3,1.6,2.1,0
30,2010,204,28400,13.9,33.8,1.7,1.9,0
30,2010,205,28100,12.3,34.7,1.7,1.9,0
30,2010,206,27600,13.7,31.3,1.6,2.8,0
30,2010,207,27900,12.8,27.2,1.5,3.6,0
30,2010,208,27800,12.1,27.6,1.5,3.2,0
30,2010,209,28700,11.5,32.9,1.4,2.3,0
30,2010,210,28200,11.4,32.3,1.5,1.9,0
30,2010,211,28400,11.7,30.8,1.5,1.9,0
30,2010,212,28300,11.8,31.5,1.6,1.9,0
30,2010,213,28400,11,32.9,1.5,1.4,0
30,2010,214,28200,12.6,31.7,1.6,2,0
30,2010,215,27800,9.9,34.1,1.6,1.3,0
30,2010,216,27700,13.2,31.1,1.6,2.3,0
30,2010,217,27600,11.5,30.4,1.5,2.5,0
30,2010,218,27600,11.4,32.9,1.5,2.4,0
30,2010,219,26700,12.6,31.6,1.5,2.8,0
30,2010,220,26300,13.3,28.1,1.5,3.6,0
30,2010,221,26600,12.3,29.8,1.5,2.9,0
30,2010,222,26500,12.1,30.7,1.5,3.3,0
30,2010,223,25800,11.5,25.6,1.4,4,0
30,2010,224,26300,11.1,33,1.5,1.4,0
30,2010,225,26200,14.1,31.8,1.6,2.4,0
30,2010,226,26000,12.6,31.1,1.5,2.7,0
30,2010,227,26400,12.3,32.2,1.5,2.2,0
30,2010,228,26200,11.9,34.1,1.6,2,0
30,2010,229,26300,13.1,31.1,1.4,3.3,0
30,2010,230,26400,11.7,30,1.4,2.2,0
30,2010,231,26100,8.3,35.2,1.5,1.5,0
30,2010,232,26000,12,32,1.4,2.7,0
30,2010,233,22700,11.7,26.1,1.4,4.4,0
30,2010,234,25500,10.6,28.6,1.4,1.8,0
30,2010,235,25500,11.1,35,1.5,1.4,0
30,2010,236,25300,14.1,36.9,1.8,1.3,0
30,2010,237,24400,15.7,44.3,1.8,1.5,0
30,2010,238,24600,15.8,31.5,1.6,3.5,0
30,2010,239,24600,12.6,28.6,1.5,3.2,0
30,2010,240,21100,13.6,24.6,1.3,3.7,0
30,2010,241,23600,12.2,28.7,1.4,1.8,0.5
30,2010,242,23900,11.7,26.7,1.2,2.4,0
30,2010,243,24000,10.6,29.8,1.4,1.6,0
30,2010,244,23400,11.7,35,1.5,1.3,0
30,2010,245,23700,14,38.8,1.6,1.1,0
30,2010,246,23600,13.5,38.4,1.5,1.4,0
30,2010,247,23600,12.1,34.4,1.5,1.6,0
30,2010,248,23600,13.1,31.7,1.5,1.6,0
30,2010,249,23600,11.1,37,1.2,1.2,0
30,2010,250,22900,13.5,27.6,1.4,3.6,0
30,2010,251,16100,13.1,22.5,1.4,4.1,0
30,2010,252,21600,10.3,25.6,1.4,1.3,0
30,2010,253,22600,9.8,30.6,1.4,1.1,0.1
30,2010,254,22400,10.6,31,1.4,1.1,0
30,2010,255,22100,11.2,35.7,1.4,1.4,0
30,2010,256,19000,11.5,28.6,1.4,2,0
30,2010,257,21900,7.7,30.7,1.3,1.2,0
30,2010,258,21400,10.3,30.9,1.4,1.6,0
30,2010,259,21000,11.7,33.1,1.5,1.4,0
30,2010,260,17500,14.8,28.6,1.8,2.6,0
30,2010,261,20500,13.5,27.3,1.7,3,0
30,2010,262,16600,13.3,25.1,1.7,2.2,1.4
30,2010,263,20700,11.1,28,1.6,1.3,0.2
30,2010,264,20300,11,25.1,1.4,2.7,0
30,2010,265,20200,9.8,24.8,1.3,1.9,0
30,2010,266,20100,9.3,29.4,1.4,1.3,0
30,2010,267,20600,8.5,31.5,1.5,1.2,0
30,2010,268,20200,9.3,33.5,1.5,1.1,0
30,2010,269,20100,9.1,32.9,1.4,1.4,0
30,2010,270,20000,9.3,40.5,1.4,0.8,0
30,2010,271,19200,11.6,37.5,1.7,1.2,0
30,2010,272,18900,12.1,38.7,1.6,1.1,0
30,2010,273,18600,13.4,32.6,1.5,1.7,0
30,2010,274,18400,10.9,28.9,1.5,1.6,0
30,2010,275,17700,10.9,33.9,1.5,1.4,0
30,2010,276,15600,12.5,25.1,1.4,3.2,0
30,2010,277,16100,11.1,21.5,1.3,2.4,0
30,2010,278,14000,9.3,24.4,1.3,1.6,0
30,2010,279,17100,10.5,25.8,1.3,1.8,0
30,2010,280,17000,10.5,22.9,1.3,2.7,0
30,2010,281,16300,7.5,26.3,1.2,1.2,0
30,2010,282,16800,7.3,28.1,1.2,1.5,0
30,2010,283,16600,10.7,31.2,1.4,1.4,0
30,2010,284,16700,11.3,31,1.1,3.7,0
30,2010,285,16900,8.1,31.7,1,1.4,0
30,2010,286,16600,8,31.9,1.3,1.1,0
30,2010,287,15900,10.4,36,1.3,1.1,0
30,2010,288,15900,10.3,33.9,1.3,1.4,0
30,2010,289,13600,11.2,25.9,1.1,2.4,0
30,2010,290,3600,11.5,16.2,1.3,1.5,0.9
30,2010,291,15100,9.8,24,1.3,1.2,0
30,2010,292,15400,8.1,28.5,1.3,1.1,0
30,2010,293,15200,9.8,25.5,1.4,1.5,0
30,2010,294,13600,8.8,21.4,1.2,2.3,0
30,2010,295,8800,11.9,19.7,1.4,2.1,0.7
30,2010,296,4500,11.5,15.6,1.3,3,10.9
30,2010,297,3600,12,17.1,1.5,5.8,12.5
30,2010,298,14500,6.9,18.7,1.1,1.5,0
30,2010,299,14800,3.4,18.6,0.9,1.9,0.1
30,2010,300,10800,0.4,17.6,0.9,1.2,0.2
30,2010,301,12900,7.2,19.4,1.2,1.6,0
30,2010,302,7900,10.5,17.7,1.3,2.7,0.2
30,2010,303,7800,11.5,16.8,1.4,2.1,1.6
30,2010,304,13300,8.1,21.3,1.2,1.2,0
30,2010,305,13200,5.6,22.9,1.2,1,0.1
30,2010,306,13200,5.2,24.7,1.3,0.8,0.1
30,2010,307,12900,8.3,25.2,1.4,1.1,0.8
30,2010,308,12600,7.7,26.8,1.4,1,0.1
30,2010,309,11300,9.2,26.6,1.4,1.1,0
30,2010,310,12400,8.5,23.7,1.3,2.5,0
30,2010,311,5100,6.5,15.1,1.3,3.2,17.6
30,2010,312,12700,1.2,15.7,0.9,1.4,0.2
30,2010,313,11200,0.7,15.4,0.9,2.3,0.4
30,2010,314,11700,5.7,15.5,1,2.5,0
30,2010,315,12200,3,17.8,0.8,2.3,0
30,2010,316,11800,0.9,17.4,0.9,1.2,0
30,2010,317,10500,1.6,20.8,0.8,2.7,0
30,2010,318,10500,8.4,25.5,1.2,3.1,0
30,2010,319,11600,8.3,25.4,1.2,3.7,0
30,2010,320,11700,3.6,21.3,1,1.6,0
30,2010,321,11700,1.1,20.3,0.9,1.7,0.1
30,2010,322,11000,5.6,19.8,1,3.1,0
30,2010,323,3500,6.7,14.8,1.1,3,14.7
30,2010,324,7300,4.9,11.6,0.9,5.1,21.5
30,2010,325,9100,5.1,12,0.9,3.6,0
30,2010,326,7600,5.5,12.6,1,4.1,0.2
30,2010,327,9200,1.4,14.5,0.8,4.4,0.6
30,2010,328,11100,-3,10.2,0.5,2.5,0
30,2010,329,10800,-4.3,10.6,0.6,1.3,0
30,2010,330,10400,-3,11.7,0.7,1,0
30,2010,331,4100,2,9.2,0.9,3.6,7.3
30,2010,332,10400,-1.7,9.8,0.7,1.4,0.1
30,2010,333,10200,-3.2,11.2,0.6,1.3,0.1
30,2010,334,7400,-0.8,12.2,0.7,1,0
30,2010,335,9800,-1,13.4,0.7,1.1,0.1
30,2010,336,2800,0.9,10.6,0.9,1.3,2.9
30,2010,337,5400,6.8,10.6,1,1.9,2.8
30,2010,338,5900,6.7,14.1,1.1,1.4,4.8
30,2010,339,5700,6.9,15.3,1.3,2.4,21.7
30,2010,340,9300,6.5,17.8,1.2,3.6,2.4
30,2010,341,8600,3.5,16,1,1.1,0.1
30,2010,342,2700,8.4,12.6,1.2,1.6,4.2
30,2010,343,7000,10,16.6,1.3,1.9,1.3
30,2010,344,5800,10.8,17.3,1.4,2.7,0
30,2010,345,5600,7.8,16.6,1.3,1,0.1
30,2010,346,4900,8.1,16.6,1.3,1.2,0.1
30,2010,347,2800,10.2,12.6,1.2,1.1,0.1
30,2010,348,2100,7.5,12.5,1.2,4.1,4.3
30,2010,349,8100,1.2,12.9,0.9,1.7,0.4
30,2010,350,8500,-1,11.2,0.8,0.9,0.3
30,2010,351,3100,4.5,10.4,0.9,2.3,15.8
30,2010,352,3100,10.1,13.5,1.3,5.1,13.9
30,2010,353,3200,7.2,13.5,1.2,4.8,17.4
30,2010,354,4600,6.8,10.5,1,3.8,14
30,2010,355,6100,5.9,12.8,1,3,2
30,2010,356,5600,5.7,14,1.2,1.6,12.3
30,2010,357,8800,5.4,14.3,1,1.2,0.1
30,2010,358,6200,3.5,13.1,1,1.2,0
30,2010,359,1000,7.1,9.5,1.1,2.5,19
30,2010,360,8100,6.6,13.9,1,3.8,0.4
30,2010,361,6400,3.3,10.8,1,1.8,0
30,2010,362,3600,6,9.5,1,4.2,7.7
30,2010,363,7500,3.9,12.6,0.8,4.7,0.6
30,2010,364,8800,-1.7,9.9,0.6,1.3,0
30,2010,365,7900,-2.6,8.3,0.6,1.2,0
