*---------------------------------------------------------*
* Weather file for rice yield gap assessment using Oryza(v3)
*      Project: Global Yield Gap Atlas (www.yieldgap.org)
*      Country: USA
*  Station_num: 12
* Station_name: Durham
*         Year: 2004
*       Source: http://www.cimis.water.ca.gov
*       Author: M. Espe
*         Date: 11-16-2015
*    Longitude: -121.82
*     Latitude: 39.61
*    Elevation: 130
*
*  Columns:
*  1. station number
*  2. year
*  3. day
*  4. average insolation incident on a horizontal surface (kJ m-2 d-1)
*  5. minimum temperature (degrees Celsius)
*  6. maximum temperature (degrees Celsius)
*  7. vapour pressure (kPa)
*  8. mean wind speed (m s-1)
*  9. precipitation (mm d-1)
*---------------------------------------------------------*
-121.82,39.61,130,0,0
12,2004,1,5900,5.7,12.1,0.9,6.1,10.8
12,2004,2,6000,-0.8,10.2,0.8,2.9,1.3
12,2004,3,9500,-2.9,9.7,0.6,1.2,0.1
12,2004,4,9100,-3.6,9.4,0.5,1.2,0
12,2004,5,8900,0.4,10.1,0.6,1.8,0
12,2004,6,4500,3.9,9.2,0.8,1.5,3.4
12,2004,7,3400,6.2,10.4,1,1.5,12.4
12,2004,8,3200,6.6,11.3,1.1,1.8,1.4
12,2004,9,2600,5.4,10.5,1,1.8,16.6
12,2004,10,8700,6.5,15.8,1.1,1.8,0
12,2004,11,9500,5.1,17.8,1,1.4,0
12,2004,12,3200,7.3,9.2,1,1.3,0.3
12,2004,13,9000,5.5,7.7,0.9,1.2,0.1
12,2004,14,3300,3.8,7,0.8,1.1,2.8
12,2004,15,9900,5.6,9.4,0.9,1.3,0.1
12,2004,16,7500,1.7,10.2,0.9,0.9,0
12,2004,17,7300,1.7,9.9,0.9,1.1,0
12,2004,18,10700,4.4,14.1,0.9,1.2,0
12,2004,19,7900,2.3,8.9,0.9,1.1,0.1
12,2004,20,11900,0,17.4,0.8,3.1,0
12,2004,21,12400,0.4,17.4,0.6,2.1,0
12,2004,22,11700,-1.6,13,0.7,1,0
12,2004,23,8700,-0.8,12.2,0.8,1.2,2.5
12,2004,24,4600,6.8,11.4,1,1.3,0.2
12,2004,25,10500,-0.6,12.3,0.6,2,0.1
12,2004,26,5100,0,9.7,0.9,1.7,0
12,2004,27,3300,3.3,10.1,0.9,3.2,13.3
12,2004,28,7500,1.3,10.9,0.8,1.4,0
12,2004,29,11300,0.4,10.3,0.8,1.4,0.2
12,2004,30,8400,6.6,13.2,1,2.6,0
12,2004,31,12800,2.4,13.3,0.6,2.8,0
12,2004,32,4200,4.3,9.3,0.8,1.4,0.5
12,2004,33,2700,7,10.8,1,3.4,24.7
12,2004,34,4700,2.3,8.5,0.9,2.4,5.1
12,2004,35,12700,0.3,14.7,0.8,1.6,0.1
12,2004,36,11100,0.5,16.5,0.7,1.7,0
12,2004,37,4600,2.8,12.7,0.9,2.2,3.4
12,2004,38,12400,-0.3,14.2,0.7,1.7,0.2
12,2004,39,14100,2.9,15.9,0.6,2.6,0
12,2004,40,15000,1.3,17.5,0.5,2.5,0
12,2004,41,15400,0.8,18.9,0.6,1.8,0
12,2004,42,15400,-1.2,16.8,0.7,1.2,0
12,2004,43,15700,0.2,17.2,0.7,1.3,0
12,2004,44,4200,1.5,12.2,0.8,1.4,1.5
12,2004,45,8900,7.2,15.7,1,1.8,0
12,2004,46,3100,8.6,13,1.1,1.4,10.4
12,2004,47,1700,10.1,14.6,1.2,4.9,33
12,2004,48,1900,11.6,14.7,1.3,5,12.2
12,2004,49,13000,5.7,16.8,1.1,2.9,8.9
12,2004,50,14700,3.3,15.2,0.9,1.4,0
12,2004,51,10600,7.6,16.2,1,1.4,0
12,2004,52,3700,7.3,11.9,1,1.3,0
12,2004,53,5700,8,12.3,1.1,1.2,2.5
12,2004,54,13400,7.7,16,1.1,2.3,0
12,2004,55,13200,8.8,15.9,1.1,3.6,10.1
12,2004,56,7800,10,14.7,1.1,6.7,33.1
12,2004,57,9200,7.1,12.8,1,5.5,0.8
12,2004,58,13300,3.3,13.9,0.8,1.5,0
12,2004,59,14900,0.1,16.7,0.8,1.4,0
12,2004,60,15000,1.1,14.8,0.9,2.4,2.5
12,2004,61,6300,5.2,9.1,1,2.9,21.5
12,2004,62,16900,4.7,19.4,0.8,3.5,0
12,2004,63,9000,2.3,15.3,0.8,1.5,0
12,2004,64,17300,3.8,20.7,0.8,2,0
12,2004,65,7200,2.6,15.5,1,1.2,0
12,2004,66,16400,4,21.2,1.1,1.4,0
12,2004,67,19600,6.7,23.7,1.2,1.5,0
12,2004,68,19200,4.6,27.8,1.2,1.1,0
12,2004,69,19900,8.3,28.6,1.2,1.6,0
12,2004,70,21400,11.2,26.9,0.9,2.9,0
12,2004,71,20500,9.4,25.1,1.1,1.6,0
12,2004,72,21400,5.9,27.9,1,2,0
12,2004,73,19800,10.4,26,1.1,1.7,0
12,2004,74,18900,8.4,28.7,1.2,1.4,0
12,2004,75,21500,12.5,27.8,0.9,3.2,0
12,2004,76,21500,11.1,28.4,0.9,2.7,0
12,2004,77,21700,11.5,30.2,1.1,1.7,0
12,2004,78,19800,7.6,27.5,1.3,1.7,0
12,2004,79,21600,9.5,26.4,1.2,1.6,0
12,2004,80,21900,7.9,28.7,1.1,1.5,0
12,2004,81,21200,9.2,28.4,1.2,1.4,0
12,2004,82,21000,10.4,26.4,1.4,1.7,0
12,2004,83,18900,9,20.9,1.3,1.6,0
12,2004,84,18000,7.8,22.2,1.1,2.6,0
12,2004,85,5800,4.6,12.6,1.1,3.6,10.1
12,2004,86,12400,3.8,15.5,0.9,2.9,0.1
12,2004,87,18900,9.9,19,1,2.7,0
12,2004,88,23600,8.8,24.6,1.1,2,0
12,2004,89,21500,7.9,26.1,1.3,1.8,0
12,2004,90,12200,0,18.4,1.2,1.6,0
12,2004,91,24000,7.7,21.2,0.8,2,0
12,2004,92,24600,8.1,21.1,0.6,4,0
12,2004,93,24300,9.3,24.3,0.7,2.9,0
12,2004,94,24200,7,26.9,1,1.7,0
12,2004,95,22900,9.3,22.5,1.1,2,0
12,2004,96,18400,5.8,18.8,1.1,2.1,0
12,2004,97,23400,3.5,21.8,1,1.1,0
12,2004,98,24300,4.8,28.2,1,1.4,0
12,2004,99,25200,6.9,28,1.2,1.1,0
12,2004,100,26100,7.3,29.8,1,1.7,0
12,2004,101,25900,9.1,29.4,0.9,2,0
12,2004,102,23700,9.4,29.5,0.9,2.3,0
12,2004,103,24800,7.4,26.2,1,3.1,0
12,2004,104,21000,8.8,21.3,0.9,3.9,0
12,2004,105,16400,10.4,19.6,0.9,4.9,0
12,2004,106,20500,4,18.8,0.7,2.4,0
12,2004,107,18400,3.3,18.8,0.8,2.1,0
12,2004,108,14700,4.4,17,0.9,1.5,2
12,2004,109,11400,7.2,14.3,0.9,3.4,1
12,2004,110,8600,9.7,16.3,1.1,3.9,1.6
12,2004,111,13500,11.8,16.2,1.2,3.9,0.1
12,2004,112,24100,11.1,22.6,1,4.3,0
12,2004,113,29400,7,24.6,0.8,2.7,0
12,2004,114,27500,7.3,28.4,1,1.6,1.1
12,2004,115,29200,9.8,29.2,1.2,2,11.7
12,2004,116,29300,9.2,32.5,1.3,1.1,0
12,2004,117,28400,11.9,34.8,1.5,1.3,0
12,2004,118,29300,0,35.5,1.4,1.2,0
12,2004,119,30300,11,26.9,0.7,3.6,0
12,2004,120,30100,10.3,26.7,0.7,2.3,0
12,2004,121,29700,8.3,30.1,1,1.2,0
12,2004,122,29000,9.1,30.8,1.3,1.1,0
12,2004,123,29900,12.2,34.4,1.5,1.1,0
12,2004,124,30200,12.6,33.1,1.4,1.5,0
12,2004,125,30500,14.9,31.3,1.3,3.4,0
12,2004,126,28900,12,26.9,1.1,3.6,0
12,2004,127,24900,11.9,25.6,1.1,3.3,0
12,2004,128,19200,12.4,24.2,1.2,2.8,0
12,2004,129,24700,13,23.9,1.2,1.6,2.3
12,2004,130,30300,8.4,26.4,1.1,2,0
12,2004,131,26000,10.4,21.7,1.1,2.4,5
12,2004,132,27400,8.3,22.9,0.9,2.1,0
12,2004,133,31600,8.9,28.1,0.9,1.9,0
12,2004,134,31400,6.7,28.1,1,1.5,0
12,2004,135,29700,10.6,28.7,1.3,1.3,0
12,2004,136,28900,15.6,27.3,1.4,2,0
12,2004,137,29100,12.6,27.7,1.2,2.1,0
12,2004,138,22200,12.5,24,1.1,4.2,0
12,2004,139,22600,11.2,23.5,1.2,2,0.6
12,2004,140,24500,9,26.1,1.2,1.3,0
12,2004,141,19700,13.6,25.3,1.3,2.2,0
12,2004,142,25500,12,25.3,1.3,2.9,0
12,2004,143,28600,12.3,23.2,1.3,4.1,3.5
12,2004,144,30500,11.2,23.2,1.3,1.8,0
12,2004,145,29600,11.3,25.5,1.3,1.7,0
12,2004,146,28000,11.6,26.2,1.5,1.8,2.6
12,2004,147,31200,13.4,28.5,1.7,1.9,0
12,2004,148,19300,15.5,25.4,1.6,2.9,0
12,2004,149,24800,14.8,25.1,1.4,3.7,0.6
12,2004,150,32900,10.4,27.7,1.1,1.8,0
12,2004,151,32900,10.3,32.1,1.3,1.1,0
12,2004,152,29600,13.2,32.4,1.5,1.2,0
12,2004,153,32500,13.5,33,1.5,1.2,0
12,2004,154,33300,15,32.5,1.7,1.4,0
12,2004,155,29400,16.3,30.2,1.6,2.4,0
12,2004,156,32100,13.9,31.6,1.6,1.8,0
12,2004,157,30900,15.9,31.2,1.6,1.6,0
12,2004,158,32700,15.6,30.6,1.2,2.1,0
12,2004,159,31100,13.1,26,1,2.5,0
12,2004,160,23400,12.6,23.9,1,2.3,0
12,2004,161,28100,11.1,25.7,1.3,2.8,0
12,2004,162,30800,12.7,25.3,1.5,2.3,0
12,2004,163,29800,13.4,27.9,1.5,1.5,0
12,2004,164,31200,13.7,30.2,1.6,1.3,0
12,2004,165,31400,14.9,31.5,1.7,1.3,0
12,2004,166,31400,15.4,34.4,1.3,2.7,0
12,2004,167,32500,22.6,36.3,1.2,3.1,0
12,2004,168,32800,21.2,35.8,1.6,2.2,0
12,2004,169,30200,15.4,28.6,1.6,2.6,0
12,2004,170,31400,13.1,28.8,1.7,2.2,0
12,2004,171,32000,13.4,29.1,1.7,1.7,0
12,2004,172,32100,14.6,30,1.9,1.5,0
12,2004,173,32800,15.8,30.8,1.9,1.7,0
12,2004,174,31600,15.8,28.8,1.8,2.1,0
12,2004,175,31400,13.4,29.6,1.7,2.1,0
12,2004,176,32300,14.4,29.7,1.6,1.9,0
12,2004,177,32500,13.92,31,1.9,1.6,0
12,2004,178,32700,16.6,29.5,1.8,1.5,0
12,2004,179,32100,14.8,31.3,1.9,1.5,0
12,2004,180,23400,18.5,32.1,2,1.7,0
12,2004,181,28800,16.5,29,1.8,2.6,0
12,2004,182,25400,15,27.7,1.7,2.3,0
12,2004,183,27000,14.2,28.9,1.9,1.7,0
12,2004,184,29300,16.2,31.5,2.1,1.6,0
12,2004,185,30900,17.2,32.2,2,1.7,0
12,2004,186,31100,16.3,33.1,2.2,1.4,0
12,2004,187,31400,18.8,33.4,2.3,1.4,0
12,2004,188,31600,19.3,34.5,2.2,2.1,0
12,2004,189,30700,17.5,29.1,1.8,2.4,0
12,2004,190,29900,13.9,28.3,1.7,2.1,0
12,2004,191,29400,12.98,27.7,1.6,2.3,0
12,2004,192,31000,13.1,29.3,1.7,1.5,0
12,2004,193,31800,14.2,31.4,1.7,1.3,0
12,2004,194,32000,14.1,32.6,1.6,1.6,0
12,2004,195,31800,13.4,31.1,1.6,1.8,0
12,2004,196,32200,12.6,31.6,1.5,1.8,0
12,2004,197,32000,13.6,32.1,1.5,1.7,0
12,2004,198,29600,14.7,32.5,1.7,1.3,0
12,2004,199,27000,16.9,32.4,1.7,2,0
12,2004,200,25800,19.7,32.4,1.8,1.8,0
12,2004,201,23700,18.8,33,1.9,2.1,0
12,2004,202,31100,18.3,33.6,1.9,1.6,0
12,2004,203,31200,17.5,34.9,2,1.5,0
12,2004,204,30600,16.9,34.8,2.1,1.7,0
12,2004,205,29900,16.8,33,2.1,1.8,0
12,2004,206,28200,17.5,31.5,2.1,1.6,0
12,2004,207,30100,16.1,34.3,2,1.4,0
12,2004,208,30000,15.5,34.3,1.9,1.4,0
12,2004,209,30000,16.3,33.8,1.9,1.5,0
12,2004,210,29300,16.4,32,1.9,1.6,0
12,2004,211,29500,14.2,29.9,1.8,1.5,0
12,2004,212,28600,15.6,31.3,1.8,1.6,0
12,2004,213,28800,14.1,29.2,1.8,1.7,0
12,2004,214,28300,13.8,29.1,1.7,1.8,0
12,2004,215,28400,13.4,27,1.7,1.8,0
12,2004,216,28400,13.6,29.3,1.8,1.3,0
12,2004,217,27400,16.1,30.3,1.8,1.9,0
12,2004,218,26200,15.4,29.1,1.6,2.3,0
12,2004,219,27800,12.8,29.3,1.5,1.6,0
12,2004,220,29700,13.8,33.6,1.7,1.1,0
12,2004,221,29300,14.8,34.1,1.8,1.2,0
12,2004,222,29200,14.7,34.6,1.8,1.2,0
12,2004,223,29100,13.2,34.7,1.9,1.1,0
12,2004,224,26700,14.1,37.5,1.7,1.1,0
12,2004,225,27800,16.1,35.1,1.9,1.5,0
12,2004,226,27700,14.9,33.2,1.8,1.6,0
12,2004,227,27500,15.1,29.7,1.7,1.9,0
12,2004,228,26700,11.7,29,1.7,1.5,0
12,2004,229,27100,14.2,31.5,1.8,1.3,0
12,2004,230,26400,14.3,32.8,1.9,1.2,0
12,2004,231,26600,16.1,33.5,2,1.4,0
12,2004,232,23400,17.4,33.2,1.9,1.7,0
12,2004,233,26600,14.7,33,1.8,1.5,0
12,2004,234,26600,17,32.2,1.9,2.2,0
12,2004,235,16700,15.2,26.5,1.7,2.6,0
12,2004,236,21600,16.1,27.5,1.9,1.5,0
12,2004,237,24700,16.3,29.4,1.8,2.4,0
12,2004,238,21900,15.1,28.7,1.7,2.3,0
12,2004,239,25100,15.7,30.3,1.3,2.1,0
12,2004,240,26200,16.99,34.7,1.4,1.1,0
12,2004,241,26000,14,34.1,1.7,1.2,0
12,2004,242,25800,15.6,34.3,1.7,1.3,0
12,2004,243,25200,14.2,33.4,1.6,1.3,0
12,2004,244,24100,14,32.6,1.5,1.7,0
12,2004,245,23700,14.3,31.8,1.8,1.4,0
12,2004,246,26100,12.2,31.7,1,3.2,0
12,2004,247,25800,15.4,30.5,0.8,3.3,0
12,2004,248,25300,13.3,34.3,1.2,1.6,0
12,2004,249,25200,13.1,34.1,1.5,1.1,0
12,2004,250,24800,14.1,34.6,1.7,1.2,0
12,2004,251,24700,15.4,34.4,1.7,1.2,0
12,2004,252,24700,15,34.5,1.7,1.1,0
12,2004,253,24000,13.6,34.4,1.4,1.4,0
12,2004,254,24000,13.4,31.4,1.5,1.3,0
12,2004,255,23200,12.5,33.1,1.5,1.1,0
12,2004,256,22500,16.9,30,1.7,2.3,0
12,2004,257,23000,12.4,29.6,1.4,1.2,0
12,2004,258,23300,16.2,31.7,0.8,3.7,0
12,2004,259,22600,18.5,34.8,1,2.5,0
12,2004,260,22200,14.4,32.1,1.4,1.3,0
12,2004,261,19700,13.7,30,1.4,2.1,0
12,2004,262,19000,12.3,23.3,0.9,1.8,0
12,2004,263,12000,11.3,18.4,1,2.6,0
12,2004,264,20400,9.3,23.7,1,1.6,0
12,2004,265,21100,10.5,28.5,0.8,2.3,0
12,2004,266,20900,8,28.3,1,1.2,0
12,2004,267,20400,9.1,31.1,1.1,1.1,0
12,2004,268,20400,9.4,31.5,1.2,1,0
12,2004,269,20200,9.6,32.1,1.2,1.2,0
12,2004,270,18100,11.3,33,1.3,1,0
12,2004,271,19900,9.2,30.9,1.2,1.2,0
12,2004,272,18300,9.8,25.6,1.3,1.5,0
12,2004,273,18000,11.18,24.7,1.4,1.8,0
12,2004,274,17100,9.8,26.2,1.4,1,0
12,2004,275,18900,10.9,26.1,1.4,1.1,0
12,2004,276,18400,10.7,30.4,1.5,0.9,0
12,2004,277,17700,11.4,32.1,1.5,1,0
12,2004,278,17400,14.4,28.5,1.6,1.3,0
12,2004,279,17600,10.6,29.5,1.5,1.1,0
12,2004,280,18100,11.2,30.9,1.4,1,0
12,2004,281,18200,12.2,29.4,1.4,1,0
12,2004,282,16400,12.2,28.2,1.3,2.4,0.9
12,2004,283,16800,12.5,23.3,1.1,3.5,0.3
12,2004,284,16600,14.3,27.3,0.7,3.1,0
12,2004,285,17600,11.4,29,0.7,2.7,0
12,2004,286,17000,13,32.3,0.8,2.2,0
12,2004,287,17600,13.7,34.1,1,2.1,0
12,2004,288,16500,11.1,27,1.1,1.4,0
12,2004,289,16300,6.9,29.4,1,1.3,0
12,2004,290,16300,8.2,23,1.2,2.7,0
12,2004,291,6300,10,19.9,1.4,3.4,3
12,2004,292,8000,9.2,16.5,1.1,2.4,0.9
12,2004,293,3200,11.3,14.5,1.2,4.5,21.4
12,2004,294,8200,5.9,14.5,1.1,1.6,17.2
12,2004,295,15200,4.6,19.7,1,1.2,0.1
12,2004,296,11700,5.7,18.5,1.2,0.9,0
12,2004,297,6100,11.7,15.1,1.3,2.5,7.3
12,2004,298,14000,7.4,19.8,1.1,1.3,0.1
12,2004,299,11800,4.6,18.4,1.1,2.5,9.9
12,2004,300,10200,7.3,15.3,1,3.3,25.7
12,2004,301,12500,4.4,16.2,0.9,1.2,2.4
12,2004,302,10200,4,14.7,1,1.1,0
12,2004,303,11800,7,18.5,1,1.3,0
12,2004,304,12900,4.2,19,1,1.1,0
12,2004,305,14700,5.6,18.1,0.8,2.6,0
12,2004,306,14300,6.2,21.2,0.7,2.4,0
12,2004,307,12500,4,20.2,1,1.1,0
12,2004,308,3600,10,14.3,1,2,5.9
12,2004,309,5000,3,13.8,0.9,1.5,0.5
12,2004,310,14000,2.6,23.5,0.9,1.6,0
12,2004,311,13500,2.3,24.9,1,1.5,0
12,2004,312,12900,3.2,17.7,1.1,1.3,0
12,2004,313,9400,5.7,16.5,1.1,1.5,0
12,2004,314,5400,11.5,15.9,1.3,0.7,0
12,2004,315,3300,11.1,14.5,1.3,1.2,12
12,2004,316,3300,7.4,15.3,1.2,1.3,0.2
12,2004,317,11000,7.1,20,1.1,1.5,0.3
12,2004,318,12000,8,21.6,1.1,2.1,0.9
12,2004,319,9700,6.5,17.2,1.1,0.9,0
12,2004,320,7200,6.5,16.5,1.1,0.7,0
12,2004,321,7600,5.6,18.4,1.1,0.8,0
12,2004,322,12200,3.8,18.7,1,0.7,0
12,2004,323,8500,8.2,9.9,1.1,0.9,0.2
12,2004,324,10900,5,17.1,0.8,2.2,0
12,2004,325,11700,6.2,18.9,0.5,2.7,0
12,2004,326,12000,2,16.5,0.5,2.2,0
12,2004,327,10400,0.6,14.1,0.6,1.6,0
12,2004,328,11600,-0.6,16.8,0.7,1,0
12,2004,329,10700,-0.5,15.9,0.8,0.9,0
12,2004,330,3000,0.5,10.8,0.9,1.2,3.5
12,2004,331,5400,6,10.7,1,1.6,1.4
12,2004,332,10400,5.5,14,0.8,3.5,14.8
12,2004,333,11500,0.3,12.8,0.5,2.3,0
12,2004,334,10200,-2,11.3,0.5,1.5,0
12,2004,335,8700,-2.6,12.7,0.5,1.1,0
12,2004,336,10500,-1.7,15,0.5,1.8,0
12,2004,337,10800,0,15.8,0.5,2.3,0
12,2004,338,11000,2.1,13.2,0.5,2,0
12,2004,339,7400,-2.1,10,0.6,1.4,0
12,2004,340,10000,0.5,13.9,0.6,1.5,0
12,2004,341,3700,5.4,10.9,0.8,4.7,14.1
12,2004,342,5200,8.3,11.8,1,5.8,14.7
12,2004,343,2600,10.1,13.4,1.2,7.1,19.8
12,2004,344,7000,10.2,18.6,1.3,2.5,0
12,2004,345,8500,6.2,14.7,1.1,1.2,0.2
12,2004,346,8300,5,17.2,1,1,0.2
12,2004,347,6200,7.5,11,1.1,1.7,0.1
12,2004,348,5100,7.7,16.2,1.2,1.2,0
12,2004,349,8800,3.8,17.4,1.1,1,0
12,2004,350,9900,1.2,13.6,0.9,1,0.2
12,2004,351,9000,0.3,9.9,0.8,1,0.2
12,2004,352,8400,0,15.3,0.8,0.7,0
12,2004,353,9300,1.1,12.7,0.8,1,0
12,2004,354,8900,0.3,6.8,0.8,1.1,0.2
12,2004,355,5200,2.8,4.9,0.8,1.5,0.4
12,2004,356,10200,1.2,18.3,0.6,2.7,0
12,2004,357,10000,2.3,17,0.6,2.5,0
12,2004,358,9400,2.3,16.4,0.5,2.8,0
12,2004,359,9700,-1.6,12.1,0.7,1.3,0
12,2004,360,7000,-1.8,4.3,0.7,1.6,0.2
12,2004,361,2400,3.2,11.8,0.8,3,0.8
12,2004,362,2100,7.4,13.7,1,2.1,17.1
12,2004,363,3600,8.7,10.4,1.1,2.2,19.2
12,2004,364,6700,7.7,11.3,1,3.4,7.1
12,2004,365,8000,7.9,12.7,1,4.9,21.1
12,2004,366,6300,5.4,10.6,0.9,3.4,5.2
