*---------------------------------------------------------*
* Weather file for rice yield gap assessment using Oryza(v3)
*      Project: Global Yield Gap Atlas (www.yieldgap.org)
*      Country: USA
*  Station_num: 166
* Station_name: Lodi West
*         Year: 2014
*       Source: http://www.cimis.water.ca.gov
*       Author: M. Espe
*         Date: 11-16-2015
*    Longitude: -121.39
*     Latitude: 38.13
*    Elevation: 25
*
*  Columns:
*  1. station number
*  2. year
*  3. day
*  4. average insolation incident on a horizontal surface (kJ m-2 d-1)
*  5. minimum temperature (degrees Celsius)
*  6. maximum temperature (degrees Celsius)
*  7. vapour pressure (kPa)
*  8. mean wind speed (m s-1)
*  9. precipitation (mm d-1)
*---------------------------------------------------------*
-121.39,38.13,25,0,0
166,2014,1,9700,-1.5,18.3,0.6,0.8,0
166,2014,2,9000,-1.6,18.4,0.7,0.8,0
166,2014,3,9700,-0.5,18.5,0.7,0.8,0
166,2014,4,10200,-1,17.9,0.7,1.2,0
166,2014,5,10200,-1.2,18.7,0.7,0.9,0
166,2014,6,5700,-0.6,15.2,0.7,0.8,0
166,2014,7,9300,1.3,17.2,0.7,0.8,0
166,2014,8,6300,3.8,12.9,0.9,1.3,0
166,2014,9,9300,4,16.9,0.9,1.4,0
166,2014,10,9700,0.2,16.5,0.8,0.9,0
166,2014,11,2600,4.2,14.6,0.9,1.4,0
166,2014,12,10400,2.4,15.6,0.7,2.6,0
166,2014,13,10900,-0.5,17.3,0.7,0.9,0
166,2014,14,11000,-1.8,18.4,0.7,0.9,0
166,2014,15,11000,1.8,20.6,0.8,0.8,0
166,2014,16,11400,-0.6,20.7,0.7,0.8,0
166,2014,17,11400,-1.8,20.3,0.7,0.9,0
166,2014,18,11500,-2.4,19.5,0.7,0.8,0
166,2014,19,11700,-1.4,20.4,0.6,0.9,0
166,2014,20,11400,-2.9,20.3,0.6,0.8,0
166,2014,21,11300,-2.5,20.5,0.6,1,0
166,2014,22,11700,-2.8,19.1,0.6,0.8,0
166,2014,23,11800,-0.6,19.7,0.6,1,0
166,2014,24,11600,1.9,21.8,0.7,0.9,0
166,2014,25,11900,2.9,22.3,0.6,1,0
166,2014,26,9700,1.7,20.2,0.7,0.9,0
166,2014,27,8000,0.5,17.1,0.8,1,0
166,2014,28,10100,7.8,20.2,1.1,1.1,0
166,2014,29,2500,10.8,18.9,1.4,1.6,0.1
166,2014,30,11300,9,17.7,1.1,1.6,1.9
166,2014,31,13000,3.1,16.2,0.7,2,0.1
166,2014,32,13400,-2.2,17,0.5,1.2,0
166,2014,33,3100,2.7,8.4,0.7,2.4,2.9
166,2014,34,13000,1.9,14,0.8,1.3,0
166,2014,35,11800,-1.5,13.3,0.7,0.9,0
166,2014,36,11100,-2.1,13.6,0.7,1.1,1.7
166,2014,37,5500,6.5,12.2,0.9,3.1,6.2
166,2014,38,3100,7.7,11.7,1.1,4.4,10.5
166,2014,39,3000,10.5,14,1.2,4.5,23
166,2014,40,2100,12.3,15.4,1.4,2.9,17.4
166,2014,41,9500,9.4,16.9,1.3,1.6,0.4
166,2014,42,12300,4.6,16.9,1.2,0.8,0
166,2014,43,9900,5.4,17.8,1.2,1,0
166,2014,44,11700,9.1,21.3,1.4,1.1,0
166,2014,45,10400,9.3,18.6,1.3,1.1,0
166,2014,46,4200,8.7,16.7,1.3,1.4,0
166,2014,47,15800,5.4,18.6,1,1.7,0.1
166,2014,48,14700,1.3,17,0.9,1.2,0
166,2014,49,14000,5.2,18.2,1,1.1,0
166,2014,50,15300,6.5,18.2,1,2.2,0
166,2014,51,15400,4.2,19.5,0.8,1.5,0
166,2014,52,16300,6.9,21,0.9,1.3,0
166,2014,53,16500,3.4,21.6,0.9,1.2,0
166,2014,54,16900,2,22,1,1,0
166,2014,55,17100,2.5,22.9,1,0.9,0
166,2014,56,17000,3.8,22.1,1.1,1.4,0
166,2014,57,6500,9,17.2,1.2,3,9.5
166,2014,58,12200,10,19.7,1.1,2.7,1.4
166,2014,59,3300,10.7,15,1.2,3.3,20.8
166,2014,60,14600,10.1,19.7,1.1,3.1,0.9
166,2014,61,5800,7.9,16.6,1.2,2,1.8
166,2014,62,6000,6.6,15.6,1.2,1.3,2.7
166,2014,63,11100,10.6,18,1.3,1.5,1.1
166,2014,64,10000,10.5,21.3,1.5,1.5,4.5
166,2014,65,17600,9.3,19.7,1.3,1.7,0.6
166,2014,66,18800,7.4,21,1.1,2.1,0
166,2014,67,17500,5.1,21.5,1.2,1,0
166,2014,68,7600,11.3,22.5,1.4,1,0
166,2014,69,19400,8.8,20,1.1,2.2,0.6
166,2014,70,20400,8.1,21.7,0.7,3.8,0
166,2014,71,20600,9.9,24.6,0.6,3.6,0
166,2014,72,20700,5.3,24.7,0.8,1.8,0
166,2014,73,20200,4.4,22.3,1.1,1.4,0
166,2014,74,20800,6.1,25.7,1.1,1.1,0
166,2014,75,20700,5.6,26.8,1.1,1.3,0
166,2014,76,21100,6.8,20.1,0.9,3,0
166,2014,77,21800,7,21.2,0.7,2.5,0
166,2014,78,21600,2.4,23.8,0.9,1,0
166,2014,79,21600,7,24.2,1,1.2,0
166,2014,80,21400,4.8,23.7,1,1.5,0
166,2014,81,22200,5.4,23.6,1,1.6,0
166,2014,82,22500,3.7,23.8,1,1.4,0
166,2014,83,22700,3.7,25.7,1,1.1,0
166,2014,84,11600,10.6,19.5,1.2,1.8,0.2
166,2014,85,10700,8.6,17.4,1.1,1.9,5.8
166,2014,86,12900,7.9,17.1,1.1,1.5,0.2
166,2014,87,17100,7.4,21.1,1.1,1.6,0
166,2014,88,3500,9.7,15.7,1.2,1.4,12.3
166,2014,89,19900,5,17.8,1,1.6,0
166,2014,90,4100,4.9,14.9,0.9,2,5.3
166,2014,91,9400,5.8,14.9,1,2.4,15.9
166,2014,92,20300,6,15.9,0.9,1.3,0.2
166,2014,93,21700,5,19.5,1,1.6,0
166,2014,94,14600,6.8,15.8,1,1.2,0.6
166,2014,95,24500,5.1,20.4,1.1,1.8,0
166,2014,96,24300,5.5,25.6,1.2,1.6,0
166,2014,97,24900,9.3,26.9,1.5,1.1,0
166,2014,98,24200,10.4,29.2,1.5,1.1,0
166,2014,99,25100,10.3,27.2,1.3,1.2,0
166,2014,100,25700,5.9,28.2,1.2,1.1,0
166,2014,101,21900,9.9,24.6,1.4,1.8,0
166,2014,102,25700,10.1,23,1.2,2.7,0
166,2014,103,26000,8.4,27.2,1.2,2.4,0
166,2014,104,26200,5.9,26.9,1.2,1.2,0
166,2014,105,25600,6.9,26.5,1.2,1.5,0
166,2014,106,23800,9.2,27.5,1.1,2,0
166,2014,107,25900,8.4,29.3,1.2,1.8,0
166,2014,108,25600,10.1,26.2,1.2,2.2,0
166,2014,109,26500,7.7,23.3,1.1,2.1,0
166,2014,110,26700,6.9,28.4,1.1,1.8,0
166,2014,111,11500,7.7,25.8,0.9,2,0
166,2014,112,24800,8.8,20.1,0.8,3,0
166,2014,113,27000,5.7,22.1,0.9,2.2,0
166,2014,114,21200,10.3,22.3,1.2,2.6,0.1
166,2014,115,6200,8.6,15.2,1.2,2,5.8
166,2014,116,22400,4.7,19,0.9,2.1,0
166,2014,117,20100,7.9,20.4,1.1,1.8,0.7
166,2014,118,27700,5.2,24.2,1,2.1,0
166,2014,119,28000,6.5,29.8,1.1,1.5,0
166,2014,120,28000,10.7,31.9,1.4,1.1,0
166,2014,121,27200,10.6,32.6,1.3,1.2,0
166,2014,122,26100,7.3,31,1.1,1.8,0
166,2014,123,28000,10.3,23.3,1.2,2.8,0
166,2014,124,25700,11.6,22.7,1.2,2.7,0
166,2014,125,24400,10.7,21.3,1,2.9,0
166,2014,126,28000,9.3,23.9,1,2.4,0
166,2014,127,28300,7.7,23.6,1.1,1.9,0
166,2014,128,16400,9.7,20.9,1.3,2.1,0
166,2014,129,27100,12.3,22.4,1.2,2.8,0
166,2014,130,28000,9.3,22.7,0.9,2.8,0
166,2014,131,29800,7.4,26.7,0.8,3.4,0
166,2014,132,29300,4.8,29.8,1,1.3,0
166,2014,133,29800,7.4,33.8,1.1,1,0
166,2014,134,29300,10.5,34.1,1.2,1.2,0
166,2014,135,27200,9.2,34.7,1,1.5,0
166,2014,136,29800,9.4,31.1,1,2,0
166,2014,137,27000,10.6,25.9,1.2,2.3,0
166,2014,138,29300,13.6,24.7,1.1,3,0
166,2014,139,28300,12.5,22.7,1.1,2.9,0
166,2014,140,19500,9.9,22.6,1.2,1.5,0
166,2014,141,29200,7.9,27.9,1.3,1.5,0
166,2014,142,29100,11.1,29.3,1.3,1.8,0
166,2014,143,29400,12.6,31.5,1.4,2.2,0
166,2014,144,29400,14.8,32.3,1.4,2.1,0
166,2014,145,29700,14.3,34.9,1.3,2.1,0
166,2014,146,30600,11.6,33.5,1.2,2.1,0
166,2014,147,30700,15,30.1,1,2.4,0
166,2014,148,31900,10.7,27.1,0.8,2.8,0
166,2014,149,31400,10.1,30.4,0.9,1.9,0
166,2014,150,30200,6.5,28.1,1,1.7,0
166,2014,151,31400,5.9,29.1,1.1,1.5,0
166,2014,152,31600,8.5,32,1.2,1.3,0
166,2014,153,31400,11,26.3,1.2,2.2,0
166,2014,154,31600,10.3,28.6,1.2,1.8,0
166,2014,155,31600,8.9,32.9,1.3,1.8,0
166,2014,156,31000,13.4,32.3,1.3,1.7,0
166,2014,157,31100,11.6,31.3,1.3,2.2,0
166,2014,158,31700,11.1,33.1,1.5,1.6,0
166,2014,159,31800,13.2,37.2,1.5,1.6,0
166,2014,160,31500,13.8,38.2,1.5,1.4,0
166,2014,161,31300,14.6,33,1.6,2.6,0
166,2014,162,31800,12.6,26.5,1.5,2.6,0
166,2014,163,31500,9,26.3,1.2,2,0
166,2014,164,32000,8.6,28.5,1.2,1.9,0
166,2014,165,22200,10.2,29.1,1.2,1.9,0
166,2014,166,30300,9.1,27.1,1.2,1.8,0
166,2014,167,31100,10.7,23.9,1.1,2.1,0
166,2014,168,31700,7.6,27,1,2.2,0
166,2014,169,32100,13.4,31.5,1,2.1,0
166,2014,170,31500,7.6,31.9,1.1,1.2,0
166,2014,171,31000,10.8,32.6,1.3,1.8,0
166,2014,172,30800,10.1,30.1,1.1,1.9,0
166,2014,173,31300,8.1,31.5,1.2,1.7,0
166,2014,174,30900,9,33,1.3,1.8,0
166,2014,175,30800,14,32.2,1.3,2,0
166,2014,176,23400,13.9,27.4,1.5,2.8,0
166,2014,177,30100,15.5,26.1,1.4,2.9,0
166,2014,178,30200,14.2,28.5,1.6,2.8,0
166,2014,179,31400,11.6,31,1.5,1.8,0
166,2014,180,31000,15.1,34.8,1.5,1.7,0
166,2014,181,31000,14.2,38.7,1.5,1.6,0
166,2014,182,30900,14.3,30.4,1.5,2,0
166,2014,183,31000,12.6,31.2,1.6,1.8,0
166,2014,184,31500,12.6,32.8,1.6,1.5,0
166,2014,185,31700,12.2,33.6,1.4,1.5,0
166,2014,186,32200,9.5,34.6,1.2,1.7,0
166,2014,187,30700,10.9,35.1,1.3,1.7,0
166,2014,188,17900,12.9,33.1,1.5,1.3,0
166,2014,189,26100,16.3,33.9,1.7,1.5,0
166,2014,190,30500,13.6,29.6,1.7,2.2,0
166,2014,191,29800,14,27.5,1.6,2.5,0
166,2014,192,29900,14.7,27.1,1.6,2.6,0
166,2014,193,30100,14.2,30.1,1.6,2.4,0
166,2014,194,29800,13.7,34.4,1.7,1.6,0
166,2014,195,29400,15.2,37.5,1.8,1.5,0
166,2014,196,26600,17.1,30.9,1.8,2.3,0
166,2014,197,26800,17.1,26.9,1.7,3.2,0
166,2014,198,28900,15.5,27,1.6,2.6,0
166,2014,199,29400,14.8,27.4,1.6,2.4,0
166,2014,200,28700,14.3,31.6,1.7,2,0
166,2014,201,15600,17.2,25.5,1.7,2.2,0
166,2014,202,28400,16.3,28.1,1.7,2.7,0
166,2014,203,26800,15.4,29.3,1.7,2.4,0
166,2014,204,29300,13.9,29.4,1.7,1.9,0
166,2014,205,30100,13.6,34.6,1.6,1.6,0
166,2014,206,30400,12.9,37,1.5,1.3,0
166,2014,207,29700,13.2,37.7,1.5,1.5,0
166,2014,208,24500,19.3,37.1,1.5,1.8,0
166,2014,209,25900,14.3,33.5,1.5,1.4,0
166,2014,210,28000,15.8,35.4,1.5,1.7,0
166,2014,211,28300,19.8,36.1,1.7,1.7,0
166,2014,212,28500,15.3,35.2,1.7,1.4,0
166,2014,213,28900,15,37,1.6,1.8,0
166,2014,214,28000,15.2,33.2,1.7,1.6,0
166,2014,215,22800,14.2,28.6,1.6,1.6,0
166,2014,216,13000,14.9,26.4,1.6,1.8,0
166,2014,217,8700,17.7,28.3,1.9,2,0
166,2014,218,26500,19.1,32.2,2,1.6,0
166,2014,219,27700,15.9,32.3,1.7,1.6,0
166,2014,220,27800,12.8,32.4,1.7,1.3,0
166,2014,221,28000,11.3,29.6,1.5,1.5,0
166,2014,222,27900,12.6,28.3,1.6,1.6,0
166,2014,223,26800,12.3,32.9,1.6,1.6,0
166,2014,224,26400,13.2,27.3,1.6,1.8,0
166,2014,225,26100,11.3,29.4,1.6,1.7,0
166,2014,226,27300,13.1,31.1,1.6,1.4,0
166,2014,227,27300,12.5,32.5,1.5,1.5,0
166,2014,228,27800,11.3,33.1,1.5,1.6,0
166,2014,229,27700,8.8,32.3,1.5,1.4,0
166,2014,230,27400,10.6,29.8,1.6,1.6,0
166,2014,231,26700,14,26.9,1.6,2.3,0
166,2014,232,25800,14,24.8,1.7,2,0
166,2014,233,25800,12.3,30.3,1.7,1.3,0
166,2014,234,26300,13,29.6,1.7,1.7,0
166,2014,235,26400,12.3,30.7,1.5,1.6,0
166,2014,236,26100,12.3,29.2,1.5,2.4,0
166,2014,237,25100,12.5,26.4,1.5,1.9,0
166,2014,238,25700,11,30.5,1.6,1.6,0
166,2014,239,25600,12.7,33.1,1.6,1.4,0
166,2014,240,25300,12.9,34.1,1.6,1.6,0
166,2014,241,14900,12,32.1,1.6,1.4,0
166,2014,242,24800,13.3,35.2,1.4,1.7,0
166,2014,243,24900,14.1,33.9,1.5,1.5,0
166,2014,244,25100,12.4,36.4,1.4,1.4,0
166,2014,245,25000,13.4,32.4,1.6,1.6,0
166,2014,246,25200,16.8,32.5,1.7,2,0
166,2014,247,24700,13.1,33.2,1.5,1.7,0
166,2014,248,24400,13.5,31.2,1.5,1.7,0
166,2014,249,24300,12.7,31.4,1.5,1.8,0
166,2014,250,24400,11.6,31.1,1.4,1.7,0
166,2014,251,24100,11.2,27.2,1.3,1.9,0
166,2014,252,23900,10.8,29.6,1.4,1.4,0
166,2014,253,23900,9.2,36,1.4,1,0
166,2014,254,23800,10.8,35.1,1.4,1.2,0
166,2014,255,23200,11.3,37.1,1.4,1.3,0
166,2014,256,22200,13,36.4,1.5,1.4,0
166,2014,257,22700,12.5,34.8,1.4,1.4,0
166,2014,258,22000,15.3,31.6,1.4,2,0
166,2014,259,22300,11.6,31.5,1.4,1.4,0
166,2014,260,21600,11.8,32.4,1.5,1.5,0
166,2014,261,17800,14.8,28.9,1.8,1.7,0
166,2014,262,20000,14.4,30,1.7,1.6,0
166,2014,263,20500,14.1,30.2,1.7,2.1,0.3
166,2014,264,15400,16.3,27.1,1.7,2.7,0
166,2014,265,20700,15.5,30.8,1.6,1.7,0
166,2014,266,20500,12.5,31.1,1.6,1.7,0
166,2014,267,20300,15.8,29.2,1.8,1.8,0
166,2014,268,16200,13.6,22.1,1.6,1.3,7.3
166,2014,269,18700,11.7,24,1.4,1.7,0
166,2014,270,19600,12.5,25.4,1.5,1.5,0
166,2014,271,6800,11.9,22.2,1.5,1,0
166,2014,272,19300,9.6,27.1,1.5,1.2,0
166,2014,273,19500,10.7,26.4,1.5,1.6,0
166,2014,274,20300,10.8,28.7,1,2.9,0
166,2014,275,19800,6.1,31,1.2,0.9,0
166,2014,276,19600,8.8,33.2,1.3,0.9,0
166,2014,277,19400,8.6,33.6,1.3,1,0
166,2014,278,19200,9.1,33.7,1.3,0.9,0
166,2014,279,18800,9.7,33.6,1.3,1.1,0
166,2014,280,18500,8.7,32.4,1.3,1.2,0
166,2014,281,18600,13.3,33.6,1.2,1.7,0
166,2014,282,18000,9.9,30.2,1.3,1.2,0
166,2014,283,17700,11.5,28.8,1.4,1.5,0
166,2014,284,17500,10,29.8,1.4,1.1,0
166,2014,285,18100,10.2,30.7,0.9,2.7,0
166,2014,286,17600,7.9,31.7,1,1.2,0
166,2014,287,12000,7.8,24,1.4,1.5,0
166,2014,288,11300,12,22.3,1.4,1.4,0
166,2014,289,14500,8.5,24.3,1.2,1,0
166,2014,290,13600,8.4,23.9,1.2,0.8,0
166,2014,291,16200,8.3,25.6,1.3,1.1,0
166,2014,292,16000,7.9,27.7,1.4,1.1,0
166,2014,293,10200,10.1,21.8,1.4,1.6,0
166,2014,294,15500,5.4,21.6,1.1,1.5,0
166,2014,295,14000,6,24.8,1.2,0.9,0
166,2014,296,11000,10.8,24.1,1.5,1.2,0
166,2014,297,15300,6.8,24.2,1.3,1,0
166,2014,298,12600,10.9,22.9,1.4,1.7,1.9
166,2014,299,14900,6.7,20.6,1.1,1.9,0
166,2014,300,14300,3.9,21.1,0.9,1.3,0
166,2014,301,14600,3.2,23.7,1,0.9,0
166,2014,302,13800,5.3,27,1.1,0.8,0
166,2014,303,12700,8.4,25.9,1.2,1.1,0
166,2014,304,3100,12.5,19.7,1.4,1.4,6.1
166,2014,305,12100,5.7,19,1.2,1.7,0.1
166,2014,306,14000,4.6,18.6,0.9,1.6,0
166,2014,307,13700,0.6,19.4,0.9,0.8,0
166,2014,308,12700,2,20.5,1,0.8,0
166,2014,309,13200,11.7,22.5,1.2,0.9,0
166,2014,310,13000,6.1,23.9,1.2,0.8,0
166,2014,311,13100,5.8,23.8,1.2,1,0
166,2014,312,12700,6.3,25.1,1.2,0.8,0
166,2014,313,12800,5.9,25.1,1.2,0.7,0
166,2014,314,12700,4.9,24.1,1.2,0.8,0
166,2014,315,7300,6.2,18.7,1.2,0.9,0
166,2014,316,9500,5.6,18.6,1.1,0.8,0
166,2014,317,5200,12.4,17.5,1.5,1.9,9.2
166,2014,318,10400,7.3,19.2,1.3,0.9,0
166,2014,319,11200,4.4,17.3,1.1,1.1,0.1
166,2014,320,10600,2.1,15,0.8,1.3,0
166,2014,321,11900,-0.1,18.2,0.8,0.7,0
166,2014,322,7800,1.1,17.2,0.9,0.9,0.1
166,2014,323,4500,6.5,16.5,1.2,1.2,2.7
166,2014,324,2300,10.1,12.7,1.3,1.1,3.8
166,2014,325,6700,9.4,13.4,1.2,1.2,0.1
166,2014,326,5800,8.3,15.5,1.2,2.8,6.4
166,2014,327,7600,3.3,15.7,1,1.7,0.1
166,2014,328,10700,0.9,17,0.9,0.8,0
166,2014,329,10700,2.2,18.1,0.9,0.8,0
166,2014,330,10700,1.1,19.4,1,0.6,0.1
166,2014,331,10300,2.6,20.3,1,0.7,0
166,2014,332,8400,1.2,17.7,1,0.7,1
166,2014,333,4600,9.4,15.8,1.2,1.4,3.3
166,2014,334,2500,9.2,13.5,1.2,1.1,8.4
166,2014,335,8700,7.2,19.4,1.2,1,0
166,2014,336,2400,9.7,14.3,1.3,2.3,28.7
166,2014,337,4400,13.6,18.3,1.6,3.1,26
166,2014,338,7100,9.9,20.9,1.5,1.1,0.1
166,2014,339,4800,12.6,18.1,1.5,2,1.7
166,2014,340,8000,11.9,21.3,1.5,1.1,0.9
166,2014,341,6300,9.1,15,1.3,0.9,0.1
166,2014,342,4600,10.2,17.8,1.3,0.9,0.3
166,2014,343,3200,9.6,14,1.3,0.9,0.2
166,2014,344,3000,10.6,13.3,1.2,2.7,0
166,2014,345,3600,9.3,17,1.3,3.5,47.5
166,2014,346,4200,6.8,12,1.1,0.9,10.3
166,2014,347,5000,4.8,11.8,1,0.9,0.2
166,2014,348,3600,5.8,12.5,1,1,0
166,2014,349,1500,8.1,11.2,1,2.7,17.4
166,2014,350,8900,8.3,16.4,1.1,2.8,11.8
166,2014,351,5700,8.3,14.7,1.1,1.7,1.2
166,2014,352,6400,8.4,15.3,1.2,1.5,1.1
166,2014,353,1600,9.7,11.9,1.2,2.5,15.7
166,2014,354,3200,10.8,14.3,1.3,1.7,1.3
166,2014,355,6000,11.6,19.4,1.5,1.3,0
166,2014,356,7100,8.1,16.8,1.4,1.6,0
166,2014,357,8500,6.1,16.6,1.2,0.8,0.2
166,2014,358,3400,6.7,14.7,1.1,2,1.5
166,2014,359,9800,3.1,13.6,0.7,3.3,0
166,2014,360,9900,-0.5,14,0.6,1.8,0
166,2014,361,9600,-0.8,13,0.7,0.9,0
166,2014,362,9600,-0.6,13.2,0.8,0.7,0
166,2014,363,4700,2.4,10.3,0.8,0.8,0
166,2014,364,10100,1.3,13.3,0.4,4.7,0
166,2014,365,10000,0,11.2,0.4,3,0
