*---------------------------------------------------------*
* Weather file for rice yield gap assessment using Oryza(v3)
*      Project: Global Yield Gap Atlas (www.yieldgap.org)
*      Country: USA
*  Station_num: 12
* Station_name: Durham
*         Year: 2006
*       Source: http://www.cimis.water.ca.gov
*       Author: M. Espe
*         Date: 11-16-2015
*    Longitude: -121.82
*     Latitude: 39.61
*    Elevation: 130
*
*  Columns:
*  1. station number
*  2. year
*  3. day
*  4. average insolation incident on a horizontal surface (kJ m-2 d-1)
*  5. minimum temperature (degrees Celsius)
*  6. maximum temperature (degrees Celsius)
*  7. vapour pressure (kPa)
*  8. mean wind speed (m s-1)
*  9. precipitation (mm d-1)
*---------------------------------------------------------*
-121.82,39.61,130,0,0
12,2006,1,1800,8.9,11,1,4.6,27.1
12,2006,2,2100,8.4,12.2,1.1,1.8,1.3
12,2006,3,1800,8.2,11.2,1,3.8,6.7
12,2006,4,8500,6.3,15.7,1.1,2.4,1
12,2006,5,9800,4.5,17.9,1,1.2,0
12,2006,6,8700,0,15.3,1.1,0.8,0
12,2006,7,6700,9.5,15.7,1.2,2.7,5.2
12,2006,8,9900,4.5,14.1,0.8,2.3,0
12,2006,9,10900,0.6,12.8,0.8,1.3,0
12,2006,10,6400,2.4,12.5,0.9,1.3,2.4
12,2006,11,7200,5.9,12.9,1.1,2.8,0.3
12,2006,12,8600,5.2,13.6,0.9,1.3,0
12,2006,13,6400,7.6,10.8,1,1.2,0.6
12,2006,14,5400,4.4,10.8,1,2.6,17.3
12,2006,15,11100,0,12.7,0.6,1.2,0.2
12,2006,16,4600,2.6,11.5,0.7,0.8,0
12,2006,17,3600,5.3,10.1,0.9,3.1,3.6
12,2006,18,7600,5.9,12.7,0.9,3,3
12,2006,19,10600,0.1,13.3,0.7,1.4,0
12,2006,20,9000,-0.9,12.1,0.7,1.8,0.8
12,2006,21,6800,4.3,13.5,0.9,1.7,0
12,2006,22,11800,3.6,16.1,0.6,2.9,0
12,2006,23,12300,3.9,20,0.6,2.9,0
12,2006,24,12700,-0.3,14.7,0.8,1.2,0
12,2006,25,6000,-1,13.5,0.8,2.1,0.5
12,2006,26,9300,6.9,12.1,0.9,2.3,0
12,2006,27,7800,7,12.6,0.9,2.8,0.5
12,2006,28,3100,8.4,12.1,1,4.6,2.3
12,2006,29,7400,9.7,13.2,1.1,2,0
12,2006,30,4300,2.9,13.8,1,3.6,3.8
12,2006,31,5000,1.3,10.3,0.8,1.6,0
12,2006,32,2400,7.3,12.4,1,3.9,2.6
12,2006,33,4900,12,15.9,1.3,2.8,0
12,2006,34,8700,7.7,18.5,1.2,1.6,0
12,2006,35,11600,5.7,16.4,0.9,3.6,0.4
12,2006,36,14300,3.3,17.7,0.6,2.8,0
12,2006,37,10800,2.2,19.3,0.8,1.4,0
12,2006,38,14700,0.8,22.2,0.8,1.1,0
12,2006,39,15000,1.4,19.4,0.8,1,0
12,2006,40,15200,0.5,24.2,0.8,1.3,0
12,2006,41,15500,1.5,23.4,0.8,0.8,0
12,2006,42,15300,3.2,22.3,0.9,0.9,0
12,2006,43,13700,1.9,23.8,0.8,2.1,0
12,2006,44,15900,3.3,23.8,0.8,1.4,0
12,2006,45,15700,7.8,18.5,0.5,3.7,0
12,2006,46,13100,-2.3,12.4,0.4,2.4,0
12,2006,47,13900,-2.8,11.9,0.5,1.5,0
12,2006,48,5000,-0.6,8.2,0.6,1.3,0
12,2006,49,7600,1.7,10.3,0.7,2,0
12,2006,50,9400,-0.4,13,0.6,1.5,0
12,2006,51,17200,-1.6,15.4,0.5,1.7,0
12,2006,52,16500,-1.7,17.8,0.5,1.4,0
12,2006,53,17400,-1.2,22.2,0.7,1.7,0
12,2006,54,17900,0,20.6,0.8,1,0
12,2006,55,17900,0.4,19.8,0.8,1.1,0
12,2006,56,15700,3.3,20.6,0.8,1,0
12,2006,57,4000,4.1,16.3,0.9,2.6,5.6
12,2006,58,2100,9.9,15.3,1.3,4.7,65.5
12,2006,59,8400,8.5,14.7,1,5.1,3.4
12,2006,60,9700,2.7,15,0.9,3.5,3.6
12,2006,61,12600,5.2,12.8,0.8,3.1,0
12,2006,62,9900,5.1,12,0.8,2.1,12.1
12,2006,63,12200,4,12.4,0.7,2.8,0
12,2006,64,2900,8.1,10.7,0.9,3.4,51.4
12,2006,65,8900,6.9,11.1,1,3.1,22.3
12,2006,66,15700,3.4,15.1,0.9,2.7,1.2
12,2006,67,12800,0,14.4,0.7,1.7,0
12,2006,68,16500,3,13.8,0.7,2.8,0.5
12,2006,69,9700,1.7,10.5,0.7,3.4,0.1
12,2006,70,18000,1.1,10.2,0.6,1.9,0
12,2006,71,10300,1.1,7.4,0.7,2.4,4.6
12,2006,72,9800,1.4,11.8,0.8,3.5,4
12,2006,73,13000,6.6,12.1,0.9,4,2.3
12,2006,74,12600,5.6,14,0.9,3,0.4
12,2006,75,3500,7.9,12.7,1,4.2,8.1
12,2006,76,16600,4.1,15.4,0.9,1.4,1
12,2006,77,21200,3.3,17.3,0.6,3.1,0
12,2006,78,22500,2.2,16.2,0.6,2.1,0
12,2006,79,8300,5.7,8.8,0.8,3.4,8.4
12,2006,80,11700,4,13.2,0.8,2,0
12,2006,81,14800,1.1,15,0.8,1.2,0
12,2006,82,17900,3.3,18.2,1,2.1,0
12,2006,83,5900,9.3,15.7,1.2,3.2,19
12,2006,84,12200,9.2,16.1,1.1,4.9,8.9
12,2006,85,22200,5,18,0.9,2.3,0
12,2006,86,13100,3.5,16.9,1,2.9,9.6
12,2006,87,9800,8.2,14.6,1.1,3.8,5.4
12,2006,88,7200,5.7,13.7,0.9,2.1,2.5
12,2006,89,6700,4.1,14.1,1,2,0
12,2006,90,4100,7.2,13.7,1,3.5,6.6
12,2006,91,15300,7.1,14.6,1,4.1,1.4
12,2006,92,7100,9,13.4,1,1.9,10.9
12,2006,93,9800,8.3,13.1,1.2,2.3,16.1
12,2006,94,4900,7.6,12.8,1,1.6,8.2
12,2006,95,17100,7.2,15.7,1,2.5,1.2
12,2006,96,15800,7.8,16.7,1,2.1,0
12,2006,97,7400,6.9,17.4,1.1,2.6,2
12,2006,98,13900,9,16.5,1,2.7,0
12,2006,99,9100,8.7,16.7,1.1,2.2,1.1
12,2006,100,13800,9.1,16.5,1.1,3.3,2.7
12,2006,101,3200,9.9,12.5,1.1,3.1,22.2
12,2006,102,4500,10,15.9,1.2,1.8,17.7
12,2006,103,21600,8.2,23.1,1.2,1.6,0
12,2006,104,21000,9.6,22.1,1.3,2.6,0.3
12,2006,105,7000,9.8,14.2,1.1,5.6,0
12,2006,106,12600,5.9,15.6,0.9,3.2,5
12,2006,107,24200,4,16.2,0.8,1.8,0
12,2006,108,27200,4.8,21.5,0.8,2.2,0
12,2006,109,28200,3.8,23.4,1,1.2,0
12,2006,110,26600,6.8,23.5,1.2,1.6,0
12,2006,111,21600,7.7,23.2,1.3,1.5,0.2
12,2006,112,11600,11.2,15.2,1.3,1.4,4.5
12,2006,113,16100,8,21.3,1.3,2.2,0
12,2006,114,7100,12,18.7,1.2,2.9,0
12,2006,115,13400,11.7,23,1.3,1.4,0
12,2006,116,28700,9.9,29.5,1.4,1.9,0
12,2006,117,29000,0,31.3,1.5,2.2,0
12,2006,118,28800,11.6,31.2,1.7,1.5,0
12,2006,119,25800,13.1,27.1,1.7,1.4,0
12,2006,120,29400,12.4,30.4,1.3,2.2,0
12,2006,121,29800,7.6,30.7,1.3,1,0
12,2006,122,30000,11.3,29.7,1.1,2,0
12,2006,123,27000,11.1,28.4,1.3,1.5,0
12,2006,124,23100,10.2,24.4,1.3,1.9,0
12,2006,125,23600,9.9,25.4,1.4,1.7,0
12,2006,126,27600,10.5,25.8,1.3,1.5,0
12,2006,127,29800,10.2,29.6,1.5,1,0
12,2006,128,30900,11.3,28.5,1,1.9,0
12,2006,129,31100,12.3,29.6,0.9,2.7,0
12,2006,130,29000,13,32.8,1.2,1.8,0
12,2006,131,30800,10.8,32.6,1.3,1.3,0
12,2006,132,28900,0,32.1,1.6,1.1,0
12,2006,133,31200,14.7,31.9,1.5,1.2,0
12,2006,134,31000,14.1,34.7,1.6,1.5,0
12,2006,135,29400,15.6,35.8,1.8,1.4,0
12,2006,136,30800,15.5,35.6,1.9,1,0
12,2006,137,30300,17.1,35.2,2.1,1.2,0
12,2006,138,29500,18.3,33.2,1.8,2.1,0
12,2006,139,6800,14.3,25.9,1.5,2.2,4.5
12,2006,140,16600,12.5,24.3,1.6,1.1,0
12,2006,141,12900,15,21.3,1.6,2.3,10.1
12,2006,142,18900,13.4,21.6,1.3,3.2,1.2
12,2006,143,13000,13.8,22.7,1.3,2.5,0
12,2006,144,24800,12.1,24.1,1.4,2.3,0
12,2006,145,31600,12.6,25.1,1.4,1.9,0
12,2006,146,27000,11.7,21.7,1.1,2,0
12,2006,147,30100,7.3,21.7,0.9,1.3,0.5
12,2006,148,31100,7.2,23.8,1,1.2,0
12,2006,149,32200,7.2,27.5,1.1,1.1,0
12,2006,150,32500,7.3,29.5,1.3,1,0
12,2006,151,30400,11.1,30.6,1.5,1,0
12,2006,152,18100,17,29,1.8,1.4,0
12,2006,153,26900,19,30.1,1.8,2.5,0
12,2006,154,31000,17.2,32.6,2,1.1,0
12,2006,155,31500,16.6,30.2,1.8,1.8,0.1
12,2006,156,32500,14.2,31.7,1.8,1.2,0
12,2006,157,32400,15,31.9,1.9,1.4,0
12,2006,158,32800,16.6,31,1.7,1.8,0
12,2006,159,31700,14.1,26.9,1.4,1.7,0
12,2006,160,32400,13.44,29.4,1.7,1.9,0
12,2006,161,28500,13.5,28.1,1.6,1.6,0
12,2006,162,21600,15.4,26.7,1.6,1.9,0
12,2006,163,15900,14.1,23.6,1.4,3.3,0
12,2006,164,16700,13.6,22.8,1.3,2.9,0
12,2006,165,20000,10.2,23.3,1.4,1.2,0
12,2006,166,32800,11.1,31.3,1.5,1.4,0
12,2006,167,32700,15.7,36.5,1.5,1.9,0
12,2006,168,33200,13.8,34.8,1.7,1.1,0
12,2006,169,33000,14.3,33.2,1.8,1.7,0
12,2006,170,33200,13.8,31.4,1.6,1.2,0
12,2006,171,33000,13.6,36,1.7,1.1,0
12,2006,172,33400,14.6,35.1,1.2,2.7,0
12,2006,173,32600,17.81,37.1,2.2,1.1,0
12,2006,174,32600,15.2,39.8,2.1,1,0
12,2006,175,28800,17.4,36.1,2.4,1.2,0
12,2006,176,25600,20.7,35.2,2.6,1.4,0
12,2006,177,27500,17.88,35.7,2.8,1.4,0
12,2006,178,22200,20.5,34,2.3,1.6,0
12,2006,179,16100,19.2,29.8,1.9,1.3,0
12,2006,180,29800,18.8,33.7,2.1,1.5,0
12,2006,181,31000,16.8,31.5,1.9,1.4,0
12,2006,182,32400,14.5,32.6,1.9,1.3,0
12,2006,183,32100,16.8,32.4,2,1.4,0
12,2006,184,32500,16.1,31.7,1.8,1.5,0
12,2006,185,31000,15.7,31.1,1.8,1.6,0
12,2006,186,31300,14,29.7,1.7,1.8,0
12,2006,187,32200,14,30.8,1.7,1.6,0
12,2006,188,32400,14.3,32.8,1.8,1.3,0
12,2006,189,30600,16,36.6,2,1.1,0
12,2006,190,31300,17.4,35.4,2,1.3,0
12,2006,191,31800,15.6,32.5,2,1.5,0
12,2006,192,31000,15.5,31.2,1.7,2.3,0
12,2006,193,31300,12.9,28.1,1.6,1.8,0
12,2006,194,32200,14.6,33.3,2,1.1,0
12,2006,195,31900,16.9,34.2,1.9,1.1,0
12,2006,196,31400,15.3,34.9,2,0.9,0
12,2006,197,31900,15.9,37.3,2.1,0.9,0
12,2006,198,31600,16.4,38.3,2.2,1,0
12,2006,199,31000,18.1,36.3,2.3,1.4,0
12,2006,200,24100,19.2,34.7,2.4,1,0
12,2006,201,30100,19.8,38.6,2.5,1.1,0
12,2006,202,9100,24.1,36,2.5,1.3,0
12,2006,203,30000,21.8,40,2.9,1.2,0
12,2006,204,29800,22.7,39.7,2.9,1.2,0
12,2006,205,28500,22.2,38.8,2.8,1.1,0
12,2006,206,30100,21.2,38.1,2.6,1.3,0
12,2006,207,30100,19.3,37.2,2.2,1.1,0
12,2006,208,30500,17.2,34.8,2.1,1.5,0
12,2006,209,29900,14.2,31.8,1.8,1.6,0
12,2006,210,28900,13.8,29.8,1.8,1.9,0
12,2006,211,28400,14.7,30.6,1.9,1.2,0
12,2006,212,27400,14.4,29.5,1.6,1.6,0
12,2006,213,30400,12.5,30.2,1.7,1.2,0
12,2006,214,29800,14.1,31.3,1.9,1.2,0
12,2006,215,29400,14.9,32.9,1.9,1.1,0
12,2006,216,29100,14.3,31.2,1.8,1.3,0
12,2006,217,26600,15.9,29,1.8,1.9,0
12,2006,218,28700,16.3,31.1,1.9,1.4,0
12,2006,219,26400,15.3,26.6,1.6,2.3,0
12,2006,220,28800,12.8,30.2,1.7,1.2,0
12,2006,221,29500,15.6,36,2,1.2,0
12,2006,222,28700,15.9,33.9,1.9,1.6,0
12,2006,223,29500,15.3,31.6,1.7,1.6,0
12,2006,224,29400,12.8,31.7,1.8,1,0
12,2006,225,29100,13.2,30.8,1.8,1.2,0
12,2006,226,28700,14.3,30.9,1.8,1.4,0
12,2006,227,27000,13.3,29.6,1.7,1.3,0
12,2006,228,28900,13.4,28,1.5,1.5,0
12,2006,229,29000,10.9,34.4,1.4,1,0
12,2006,230,28900,12.2,31.4,1.6,0.9,0
12,2006,231,27200,13.3,31.8,1.7,1.1,0
12,2006,232,23800,13,31.7,1.7,1.1,0
12,2006,233,28000,13.3,31.3,1.8,1,0
12,2006,234,27600,12.1,32.4,1.5,1.1,0
12,2006,235,27400,12.5,31.2,1.5,1,0
12,2006,236,27000,11.3,31.7,1.5,1.1,0
12,2006,237,26300,11.1,29.5,1.6,1.1,0
12,2006,238,26600,12.2,31,1.8,1,0
12,2006,239,26300,14.3,31.9,1.9,0.9,0
12,2006,240,25700,14.5,32.9,1.8,1,0
12,2006,241,26100,13,29.4,1.7,1.5,0
12,2006,242,25600,12.7,33.8,1.7,0.8,0
12,2006,243,25000,15.2,33.4,1.4,1.3,0
12,2006,244,26200,13.1,33.6,1.7,0.9,0
12,2006,245,22600,13.9,31.5,1.8,0.9,0
12,2006,246,23300,11.5,30.1,1.6,1.1,0
12,2006,247,25800,10.4,32,1.7,0.9,0
12,2006,248,25400,12.7,34.3,1.8,0.8,0
12,2006,249,25400,12.4,33.8,1.7,0.9,0
12,2006,250,24600,13.3,32.3,1.7,0.9,0
12,2006,251,21400,14,26.4,1.5,2,0
12,2006,252,22100,10,23.7,1.5,1.4,0
12,2006,253,24300,10.6,28.3,1.6,0.9,0
12,2006,254,23400,13.1,31.8,1.8,0.8,0
12,2006,255,23000,15.07,33,2.1,1.1,0
12,2006,256,22100,15.66,33.1,1.6,1.7,0
12,2006,257,20100,12.1,22.9,1.2,2.3,0
12,2006,258,14900,10.1,21.7,1,1.7,0
12,2006,259,23100,6.3,26,0.7,1.6,0
12,2006,260,22900,10.8,28.2,0.8,1.4,0
12,2006,261,18500,8.9,29.4,1.2,1.1,0
12,2006,262,22100,12.2,29.5,1,1.4,0
12,2006,263,19800,13.9,28.3,0.6,2.5,0
12,2006,264,18900,11.5,30.8,0.7,2.2,0
12,2006,265,21300,14.6,29.2,0.3,4,0
12,2006,266,21500,10.9,30.7,0.6,1.8,0
12,2006,267,21200,7.8,31.3,0.8,1.2,0
12,2006,268,20300,7.8,31.7,1,1,0
12,2006,269,20300,9.8,32.2,1.2,1,0
12,2006,270,19800,9.5,29.9,1.4,1.1,0
12,2006,271,19700,9.2,31,1.4,0.9,0
12,2006,272,19700,10.2,29.1,1.4,1,0
12,2006,273,17700,9.6,24.8,1.3,1.5,0
12,2006,274,17800,8.1,21.2,1.2,1.5,0
12,2006,275,14800,0,21.7,1.3,1.4,0
12,2006,276,13600,7.6,22.5,1.2,1.2,0
12,2006,277,5500,12.2,20.1,1.2,1.9,0
12,2006,278,9100,10.8,21.2,1.3,1.2,3.9
12,2006,279,17000,6.7,23.4,1.2,1.4,0
12,2006,280,18400,7.7,25.6,1,1.6,0
12,2006,281,18400,10,30.1,0.8,1.9,0
12,2006,282,18900,7.3,30,0.8,1.3,0
12,2006,283,17400,8.9,26.1,0.5,1.7,0
12,2006,284,18500,8.8,29.5,0.7,1.5,0
12,2006,285,17600,5.8,30.4,0.9,0.9,0
12,2006,286,18100,7.4,23.2,1.2,1.5,0
12,2006,287,15300,6.5,22.7,1.2,1.1,0.4
12,2006,288,8900,8.1,20.6,1.2,1.7,0
12,2006,289,12000,9.9,20.6,1.1,1.5,0
12,2006,290,15900,7.7,23.2,0.7,2.3,0
12,2006,291,15700,7.4,25.5,0.7,1.5,0
12,2006,292,14700,5.9,25.2,0.9,1.2,0
12,2006,293,15000,7.3,30.3,0.6,1.9,0
12,2006,294,14400,7.4,28.7,0.6,1.5,0
12,2006,295,15100,6.4,30.4,0.8,1,0
12,2006,296,14100,5.2,28.9,0.9,0.8,0
12,2006,297,13400,6,28.4,0.9,1.1,0
12,2006,298,15000,10.4,21.7,0.2,3.4,0
12,2006,299,14400,4.3,26.2,0.5,1.5,7.8
12,2006,300,14200,2.7,29.3,0.7,0.9,0
12,2006,301,14100,2,26.6,0.7,0.9,0
12,2006,302,13600,2.1,23,0.7,1,0
12,2006,303,12500,0.9,19.3,0.9,0.9,0.1
12,2006,304,11600,1.1,19.1,0.9,0.9,0
12,2006,305,5200,2.6,17.5,1,1,0.2
12,2006,306,2400,11,15.4,1.4,1.5,13
12,2006,307,3900,12.2,17.6,1.4,1,0.1
12,2006,308,7400,8.8,19,1.3,1,0
12,2006,309,9600,7,22.3,1.1,0.8,0
12,2006,310,9500,9.7,23.1,1.3,1,0
12,2006,311,11500,9,24.3,1.4,1.4,0.1
12,2006,312,11300,5,21.8,1.1,2.3,0
12,2006,313,12700,2,17.8,0.6,1.6,0
12,2006,314,7700,-0.9,15.4,0.8,1.4,0
12,2006,315,8600,5,14.7,0.9,2,19.6
12,2006,316,5400,3.8,11.3,0.8,2.2,2.1
12,2006,317,2100,9.1,13.6,1.1,3.3,3
12,2006,318,12100,5.6,18.9,1,1.6,0
12,2006,319,10300,4.3,18.6,1,1.4,0
12,2006,320,2700,12,17.2,1.3,1.9,2.1
12,2006,321,5400,10.8,18.2,1.4,1,0
12,2006,322,11200,8.4,21.5,1.2,1,0
12,2006,323,7300,8.3,17.4,1.3,0.7,0.1
12,2006,324,2900,11.1,13.9,1.3,1.4,0.3
12,2006,325,4700,12.1,17.1,1.2,3,0.5
12,2006,326,5200,9.8,16,1.1,2.9,0.5
12,2006,327,11100,1.4,15.2,0.6,2.3,0
12,2006,328,10700,-1.7,14.9,0.6,1,0
12,2006,329,8300,-2.3,13.4,0.7,0.8,0
12,2006,330,1900,0.4,9.3,0.9,2.8,11.6
12,2006,331,6800,0.9,14.8,0.7,2,0
12,2006,332,7300,-1.5,13,0.6,1.4,0
12,2006,333,10400,-0.1,11.9,0.56,2.5,0.28
12,2006,334,10000,-2.8,13.9,0.5,1.2,0
12,2006,335,10700,-1.4,17.4,0.5,2.1,0
12,2006,336,10500,0.4,18.4,0.4,2.5,0
12,2006,337,10800,-2.5,17.8,0.5,1.2,0
12,2006,338,10600,-1.8,18.5,0.6,1,0
12,2006,339,10200,-1.3,17.5,0.6,1.1,0
12,2006,340,10500,0,18.8,0.6,1.2,0
12,2006,341,9100,-2.3,18.5,0.7,0.8,0.1
12,2006,342,5700,0.5,16.1,0.8,1.9,8
12,2006,343,3200,9.9,13.3,1.2,4.5,13.9
12,2006,344,3300,8.6,10.4,1,3,2.7
12,2006,345,2100,6.2,10.9,1,2.4,13.6
12,2006,346,2300,9.8,11.6,1.2,2.9,5
12,2006,347,1700,11.2,15,1.4,3.2,1.1
12,2006,348,3300,13.9,17.5,1.5,4.2,0
12,2006,349,6700,3.2,14.1,0.7,3.6,0
12,2006,350,4800,0.8,7.2,0.6,1.9,0
12,2006,351,10100,-2.7,10.6,0.5,1.1,0
12,2006,352,10600,-1.6,13.8,0.4,1.3,0
12,2006,353,8900,-4.4,10.3,0.5,1.1,0
12,2006,354,6800,-2.5,9.3,0.6,1.1,0
12,2006,355,1600,5.2,6.2,0.9,1.2,9
12,2006,356,9500,1.4,12.7,0.7,2.1,0
12,2006,357,3600,1,10.9,0.8,1.5,0
12,2006,358,4100,-0.2,9.1,0.8,1.2,0.2
12,2006,359,2300,3.7,10.3,0.9,1.2,0
12,2006,360,1300,5.7,11.2,1,3.5,28.8
12,2006,361,8800,6,14,0.6,4.8,0.6
12,2006,362,10200,3.5,12.8,0.3,3.4,0
12,2006,363,7500,-1.8,10.4,0.6,1.3,0
12,2006,364,7800,-2.6,13.2,0.6,1.1,0
12,2006,365,7600,-1,12.7,0.7,1,0
