*---------------------------------------------------------*
* Weather file for rice yield gap assessment using Oryza(v3)
*      Project: Global Yield Gap Atlas (www.yieldgap.org)
*      Country: USA
*  Station_num: 12
* Station_name: Durham
*         Year: 2008
*       Source: http://www.cimis.water.ca.gov
*       Author: M. Espe
*         Date: 11-16-2015
*    Longitude: -121.82
*     Latitude: 39.61
*    Elevation: 130
*
*  Columns:
*  1. station number
*  2. year
*  3. day
*  4. average insolation incident on a horizontal surface (kJ m-2 d-1)
*  5. minimum temperature (degrees Celsius)
*  6. maximum temperature (degrees Celsius)
*  7. vapour pressure (kPa)
*  8. mean wind speed (m s-1)
*  9. precipitation (mm d-1)
*---------------------------------------------------------*
-121.82,39.61,130,0,0
12,2008,1,8200,-0.4,14.2,0.6,1.3,0
12,2008,2,8500,-1.7,12.2,0.7,0.9,0
12,2008,3,1900,1.2,10.5,0.9,2.3,14.1
12,2008,4,1400,7.9,10.5,1,7.5,30.1
12,2008,5,2000,5.7,9.4,0.8,4.3,3.4
12,2008,6,5700,4.5,10.6,0.8,2.9,0.1
12,2008,7,6700,2.2,10.5,0.8,1.6,0
12,2008,8,2400,5.8,7.8,0.8,2.9,14.6
12,2008,9,3400,6.6,9.2,1,1.3,0.8
12,2008,10,3900,6.9,9.5,1,1,1.6
12,2008,11,4900,7.4,11.1,1.1,1.2,1.2
12,2008,12,7100,5.4,14.3,1,1.2,3.4
12,2008,13,9400,0.8,10.6,0.8,1.3,0
12,2008,14,6900,-1.2,11.3,0.8,1,0.1
12,2008,15,10000,-0.3,14.6,0.6,2.9,0.2
12,2008,16,9800,4.5,13.2,0.3,4.1,0
12,2008,17,10300,0.4,16.6,0.5,2.3,0
12,2008,18,10300,-2.2,13.6,0.7,1.2,0
12,2008,19,10200,-1.7,13.1,0.7,1,0
12,2008,20,4200,-0.1,8.9,0.7,1.3,0
12,2008,21,5600,-0.3,8.6,0.8,2.2,4.8
12,2008,22,4300,2.1,6.6,0.7,1.8,1.1
12,2008,23,4600,0,7.8,0.8,0.7,0
12,2008,24,4600,3.9,8.2,0.8,3.2,6
12,2008,25,2500,4.8,9.4,0.9,1.7,35.9
12,2008,26,8400,7,14.8,1,1.7,5.8
12,2008,27,4200,4.8,12.4,1.1,3.8,17.7
12,2008,28,10100,0.9,10,0.6,1.9,0
12,2008,29,3600,0.3,5.8,0.7,3.2,2.6
12,2008,30,8500,-1,9.6,0.7,1.6,0
12,2008,31,2200,5.6,7.2,0.8,3.6,13.4
12,2008,32,7800,1.1,9.6,0.8,1.7,0
12,2008,33,3200,0,6.6,0.8,4.3,10.5
12,2008,34,8400,4.5,11.9,0.8,2.7,0
12,2008,35,12300,0.9,12.3,0.5,2.8,0
12,2008,36,12100,0.6,11.8,0.6,1.9,0
12,2008,37,11700,1.4,13.9,0.8,1.2,0
12,2008,38,9600,2,14.2,0.8,1.2,0
12,2008,39,11700,-0.3,19.1,0.6,2.2,0
12,2008,40,12600,0.2,17.2,0.8,1.2,0
12,2008,41,12500,0.6,19.5,0.8,1,0
12,2008,42,12900,2.8,21.9,0.8,1.7,0
12,2008,43,13500,3,21,1,1.2,0
12,2008,44,14000,4.8,16.2,0.5,3.8,0
12,2008,45,14200,3.2,15.1,0.4,3.4,0
12,2008,46,14100,3.7,16.1,0.5,2.2,0
12,2008,47,14200,-0.4,18,0.7,1.2,0
12,2008,48,14200,-0.7,17.2,0.8,1.2,0
12,2008,49,13800,1.5,19.2,0.8,1.2,0
12,2008,50,6600,4.1,10.6,1,1.8,6.6
12,2008,51,8500,4.1,13.7,1,1.6,17.9
12,2008,52,4200,5.2,9.7,1,1.9,16
12,2008,53,6900,3.9,11.8,1,2.4,3.9
12,2008,54,3200,4.6,9.7,0.9,2.4,12.6
12,2008,55,5300,9,13.6,1.1,5.7,8.2
12,2008,56,15200,3.5,16.3,1,1.9,0
12,2008,57,14800,2.2,17.2,0.9,1.1,0
12,2008,58,15400,3.3,20.2,1,1.1,0
12,2008,59,16300,7.9,24.8,1,2.3,0
12,2008,60,15900,5.5,20.8,1.2,1.9,0
12,2008,61,16300,7.3,16.9,0.8,3,0
12,2008,62,16900,7.3,18.6,0.4,4.3,0
12,2008,63,17100,1.2,18.7,0.7,1.7,0
12,2008,64,17700,2.7,21.3,0.7,1.7,0
12,2008,65,18200,3.3,20.4,0.5,2.4,0
12,2008,66,11800,1.2,17.7,0.7,1.3,0
12,2008,67,16300,0.3,19.4,0.8,1.2,0
12,2008,68,18200,3,21.1,0.7,1.9,0
12,2008,69,17900,4.9,22,0.7,1.7,0
12,2008,70,16300,6.1,21.7,1,1.5,0
12,2008,71,17000,6.2,22.7,1.1,1.3,0
12,2008,72,16900,5.9,20.6,1.1,1.8,0
12,2008,73,12300,4.4,19.9,1,2.9,0
12,2008,74,10700,0,16.7,0.7,3.9,0
12,2008,75,13300,3.2,14.9,0.7,2.1,3.5
12,2008,76,19600,3.4,17.7,0.5,2.9,0
12,2008,77,19300,2.2,23.2,0.7,2.6,0
12,2008,78,17800,6,22.3,0.9,1.3,0
12,2008,79,9100,7.2,17.6,1.1,2.1,3.3
12,2008,80,18900,4.8,17.8,1,1.2,0
12,2008,81,21000,0.7,19.7,0.7,1.9,0
12,2008,82,21000,6.9,24.9,0.6,2,0
12,2008,83,21000,3.5,24.2,0.8,1.3,0
12,2008,84,19900,4,24.5,0.9,1.4,0
12,2008,85,20500,9.5,22.5,1,3,0
12,2008,86,17200,6.6,18.6,0.8,3.3,0
12,2008,87,21300,4.2,17.2,0.4,2.5,0
12,2008,88,8700,1.5,17,0.8,2.6,0
12,2008,89,13300,6.6,16.4,0.8,2.2,0.5
12,2008,90,21300,5.2,16.7,0.4,2.3,0
12,2008,91,22300,2.1,18.2,0.5,2.1,0
12,2008,92,11300,4,20.3,0.7,1.1,0
12,2008,93,20900,3,21.7,0.7,1.2,0
12,2008,94,22600,1.8,23.6,0.9,1.3,11.1
12,2008,95,17900,8,20.4,0.8,2.6,0.2
12,2008,96,22400,5.1,19.5,0.8,1.9,0
12,2008,97,21000,7,19.5,0.8,2.3,0
12,2008,98,23200,3.5,18.7,0.7,1.3,0
12,2008,99,18500,7.3,17.9,0.7,1.6,0
12,2008,100,22600,2.2,20.1,0.8,1.1,0
12,2008,101,24000,3.6,24,0.7,2.1,0
12,2008,102,24300,8.7,28.4,0.7,2.3,0
12,2008,103,24400,8.2,30.7,1,1.2,0
12,2008,104,24000,7.2,31.3,0.9,1.6,0
12,2008,105,21100,0,22.6,0.6,3.3,0
12,2008,106,24800,5.7,18.2,0.5,2.2,0
12,2008,107,25300,3.2,22.9,0.6,2.4,0
12,2008,108,25300,5.4,26.8,0.7,2.1,0
12,2008,109,25000,6.7,26.7,0.8,2.4,0
12,2008,110,25000,0.7,19.3,0.7,2.2,0
12,2008,111,25500,-2.5,15.7,0.4,1.4,0
12,2008,112,25400,1.9,17.1,0.6,2,0
12,2008,113,9500,3.7,16.5,0.9,2.4,0
12,2008,114,14100,5.9,18.1,0.8,3.2,0
12,2008,115,26600,1,20.8,0.7,1.6,0
12,2008,116,25400,0,23.5,1.2,1,0
12,2008,117,25700,8.7,29.9,1.1,1.9,0
12,2008,118,26000,9.6,32.2,1.2,1.3,0
12,2008,119,25800,10,29.9,1.1,1.9,0
12,2008,120,19700,8.6,20.7,0.8,3,0
12,2008,121,26900,7,19,0.5,3.2,0
12,2008,122,27100,5.5,23.6,0.6,2.3,0
12,2008,123,18100,4.7,23.7,0.9,1.3,0
12,2008,124,26500,5.3,26.6,1.1,1,0
12,2008,125,24500,7.5,26.7,1.2,1.5,0
12,2008,126,26400,11,32.7,1.2,1.7,0
12,2008,127,26500,10.2,29.1,1.4,1.4,0
12,2008,128,25100,10.6,26.2,1.1,1.6,0
12,2008,129,27300,7.6,26.5,1.1,1.5,0
12,2008,130,27100,9.1,27.1,1,1.1,0
12,2008,131,27100,7.3,28.3,1,1.4,0
12,2008,132,27100,11,26.9,1,1.8,0
12,2008,133,28100,12.8,24.7,0.6,3.8,0
12,2008,134,27300,7.9,30.1,1,1.6,0
12,2008,135,23900,14,32,1.3,2.2,0
12,2008,136,27600,17.4,36.1,1.5,1.8,0
12,2008,137,27800,15.2,33.9,2,1.2,0
12,2008,138,28000,16.9,36.5,2.3,1.1,0
12,2008,139,28000,17.7,34.2,2,1.3,0
12,2008,140,25500,13.7,32.7,1.7,0.8,0
12,2008,141,19200,15.3,27.6,1.2,2.3,0
12,2008,142,28800,12.9,24.3,0.6,4.8,0
12,2008,143,27300,12.7,24.2,0.6,4.4,0
12,2008,144,15300,13.6,21.8,0.9,3.1,0
12,2008,145,10100,9,15.8,1.1,2.9,0
12,2008,146,24600,7.7,23.7,1.1,1.7,0
12,2008,147,16300,12.3,21.8,1.1,2.6,0
12,2008,148,24100,9.1,23.3,1.1,1.8,0
12,2008,149,23100,11.1,22.2,1.1,2.7,0
12,2008,150,25100,10.3,24.2,1.1,1.5,0
12,2008,151,28300,0,25.4,1.1,1.6,0
12,2008,152,28400,12.2,24.7,1.2,2.1,0
12,2008,153,28900,10.8,26.6,1.3,1.4,0
12,2008,154,28200,10.7,27.8,1.4,1.3,0
12,2008,155,23600,15.1,26.7,1.2,1.9,0
12,2008,156,29600,13.7,25,0.6,3.4,0
12,2008,157,29100,9.8,28.2,0.9,2.68,0.23
12,2008,158,29700,14.9,27.4,0.7,2.7,0
12,2008,159,30300,14.3,28,0.7,3,0
12,2008,160,29700,13,34.3,1.1,1.7,0
12,2008,161,29500,10.5,32.9,1.5,1.4,0
12,2008,162,30800,17.1,26.8,0.6,4.4,0
12,2008,163,30600,12.1,29.4,0.6,3.1,0
12,2008,164,30500,13.5,31.7,0.8,2.4,0
12,2008,165,29800,12.5,34.2,1.2,1.4,0
12,2008,166,29400,13.3,30.4,1.6,1.5,0
12,2008,167,30100,12.6,31,1.5,1.5,0
12,2008,168,29600,11.1,30.2,1.5,1.5,0
12,2008,169,30000,12.4,33,1.5,1.3,0
12,2008,170,30100,9,34.1,1.3,1,0
12,2008,171,28600,11.5,33.9,1.4,1.1,0
12,2008,172,29000,13.3,35.7,1.6,1.1,0
12,2008,173,23500,16.8,34.9,1.9,1.1,0
12,2008,174,30100,14.8,31.9,1.4,1.2,0
12,2008,175,27400,12.9,29.5,1.7,1.1,0
12,2008,176,26000,14,28.4,1.8,1.1,0
12,2008,177,26300,14.3,27.6,1.9,1.1,0
12,2008,178,27400,15.1,29.9,1.9,1.2,0
12,2008,179,27250,16.9,30.8,2.1,1.2,0
12,2008,180,27100,17.2,28.7,1.8,1.5,0
12,2008,181,28500,14.7,30.5,1.7,1.4,0
12,2008,182,27100,13.6,31,1.5,1.4,0
12,2008,183,28900,13.3,30.8,1.7,1.2,0
12,2008,184,28700,14.2,31.2,1.4,1.6,0
12,2008,185,28700,13.67,31.4,1.7,2.6,0
12,2008,186,29000,16.3,28,1.7,2.1,0
12,2008,187,27900,14.7,31.8,2,0.9,0
12,2008,188,27800,16.1,34.2,2.3,1,0
12,2008,189,28600,17.3,37.8,2.5,1.1,0
12,2008,190,26900,18.6,35,2.3,1.1,0
12,2008,191,26500,19,37,2.6,0.8,0
12,2008,192,26300,18.6,33.6,2.4,0.8,0
12,2008,193,26300,18.7,29.7,2.2,1.3,0
12,2008,194,27000,16.4,30.1,2.1,1.1,0
12,2008,195,24900,17.2,32.1,2.1,1.1,0
12,2008,196,27800,18.6,33.3,2,2,0
12,2008,197,28700,15,30.2,1.8,1.8,0
12,2008,198,28800,13.5,30.9,1.8,1.2,0
12,2008,199,29100,15.8,32.3,1.9,1.1,0
12,2008,200,28900,14.4,31.8,2.1,0.9,0
12,2008,201,28600,16.4,33.2,2,1.3,0
12,2008,202,26600,12.7,29,1.6,1.8,0
12,2008,203,26600,10.6,27,1.5,1.4,0
12,2008,204,27600,10.8,29.6,1.7,1,0
12,2008,205,28300,13.6,32.9,1.8,1,0
12,2008,206,28500,14.4,31.3,2,1.1,0
12,2008,207,28200,14.1,33.7,2,1,0
12,2008,208,28100,15.8,33.1,1.8,1.2,0
12,2008,209,28100,13.8,30.9,1.7,1.7,0
12,2008,210,27500,13.1,29.9,1.6,1.6,0
12,2008,211,27400,14.1,30.1,1.6,1.6,0
12,2008,212,27500,12.3,30.7,1.7,1.1,0
12,2008,213,27300,13.8,31.5,1.6,1.4,0
12,2008,214,27400,11.9,31.3,1.6,1.2,0
12,2008,215,27400,15.1,33.6,1.7,1.2,0
12,2008,216,27600,13,30.9,1.5,1.5,0
12,2008,217,27900,11.4,32.1,1.6,1.1,0
12,2008,218,26300,12.2,31.6,1.6,1.1,0
12,2008,219,25500,17.1,34.6,2,1,0
12,2008,220,26400,16.6,33.1,1.6,1.7,0
12,2008,221,27100,13,30.1,1.4,2,0
12,2008,222,26700,12.1,29,1.6,1.5,0
12,2008,223,26400,12.4,33.9,1.7,0.9,0
12,2008,224,26200,13.7,32.8,1.8,1,0
12,2008,225,26100,15.2,34.4,2,1,0
12,2008,226,26000,16.3,36.8,2.1,1,0
12,2008,227,25700,17.8,37.1,2.1,1.1,0
12,2008,228,25300,16.1,36.7,1.9,1.3,0
12,2008,229,24600,16.8,33.5,1.9,1.3,0
12,2008,230,24200,15,29.6,1.7,1.9,0
12,2008,231,24600,15.3,27.7,1.7,2.7,0
12,2008,232,24000,13.6,27.9,1.6,1.5,0
12,2008,233,24000,14.1,30.9,1.7,1.5,0
12,2008,234,24400,17.2,31.5,2,1.2,0
12,2008,235,24000,14.26,32.4,2.1,0.9,0
12,2008,236,24300,15.5,33.1,1.8,1,0
12,2008,237,24300,14.7,34.5,1.8,1.2,0
12,2008,238,24300,15.2,32,1.6,1.7,0
12,2008,239,24100,12.6,35.1,1.5,1.3,0
12,2008,240,24000,13.4,39.6,1.4,1,0
12,2008,241,24300,18.7,39.6,1.3,2,0
12,2008,242,22900,14.9,37,1.8,1.1,0
12,2008,243,24000,15.2,32.6,1.6,1.5,0
12,2008,244,24400,12.4,28.4,1,1.7,0
12,2008,245,24400,15.4,29.2,0.6,3.9,0
12,2008,246,23400,9.6,31.8,1,1.2,0
12,2008,247,23600,10.7,34.2,1.3,1.2,0
12,2008,248,23500,12.3,35.7,1.4,1,0
12,2008,249,23100,13.3,35.6,1.7,0.9,0
12,2008,250,23000,13.7,35.1,1.8,1,0
12,2008,251,22800,14.5,33.7,1.7,1.1,0
12,2008,252,22900,12.4,32.4,1.6,1.1,0
12,2008,253,22400,9.9,26.7,1.4,1.6,0
12,2008,254,22100,10.8,32.2,1.6,1.1,0
12,2008,255,22300,11.5,32,1.7,1,0
12,2008,256,21900,12.3,29.5,1.5,1,0
12,2008,257,21500,9.6,29.9,1.5,1,0
12,2008,258,21400,10.8,32,1.6,0.9,0
12,2008,259,21300,11.1,32.3,1.6,1,0
12,2008,260,17900,11.9,29.7,1.7,1.1,0
12,2008,261,21100,10.1,25.8,1.3,1.8,0
12,2008,262,20900,7.5,25.6,1.2,1,0
12,2008,263,15100,9.3,24.5,1.3,1.2,0
12,2008,264,19300,12.8,25.6,1.5,1.3,0
12,2008,265,19400,10.5,26.6,1.5,1,0
12,2008,266,20200,9.9,28.8,1.1,1.8,0
12,2008,267,20100,6.7,31.3,1.1,0.9,0
12,2008,268,19700,7.8,31.2,1,1,0
12,2008,269,18800,10.5,31.2,1.2,1.1,0
12,2008,270,19200,9.5,32.6,1.2,0.9,0
12,2008,271,19100,11.3,36,1.3,0.9,0
12,2008,272,18500,12.4,36.3,1.3,1,0
12,2008,273,17100,13,31.8,1.4,1.1,0
12,2008,274,17400,13.4,32.2,1.5,1,0
12,2008,275,17700,12.4,31.9,1.4,1,0
12,2008,276,13000,17.3,26.9,1.4,2.7,0
12,2008,277,4500,14.3,18.5,1.6,2.1,0
12,2008,278,10700,12.1,22,1.6,2.6,0
12,2008,279,15400,10,23.6,1.4,1.1,0
12,2008,280,17500,9.6,27,1.4,1,0
12,2008,281,17200,0,30.3,1.5,0.7,0
12,2008,282,17100,9.7,27.6,1.2,1.2,0
12,2008,283,17700,0,20.6,0.4,4,0
12,2008,284,16600,8.3,18.4,0.4,4,0
12,2008,285,16800,5.1,18.9,0.4,2.9,0
12,2008,286,17100,3.7,22,0.5,1.8,0
12,2008,287,16500,3.1,26.8,0.6,2.2,0
12,2008,288,16200,4,26.1,0.8,0.8,0
12,2008,289,15900,4.2,27.1,1,0.7,0
12,2008,290,15500,6.5,31,1,0.8,0
12,2008,291,14300,6.3,29.6,1.1,0.6,0
12,2008,292,13100,6.2,26.4,1.1,0.9,0
12,2008,293,14700,7.5,26.4,1.1,0.7,0
12,2008,294,14500,6.8,24.2,1.2,0.8,0
12,2008,295,14700,6.5,24.8,0.7,2.8,0
12,2008,296,15000,8,30.1,0.7,1.6,0
12,2008,297,14900,5,29.8,0.9,0.9,0
12,2008,298,14400,4.9,29,1,0.6,0
12,2008,299,14400,5.6,30.1,1,0.8,0
12,2008,300,14400,5.4,29.8,1,0.6,0
12,2008,301,12100,5.3,26.3,1.1,0.6,0.4
12,2008,302,13600,6.1,24.4,1.1,0.6,29.9
12,2008,303,13500,5,26,0.9,0.8,0.1
12,2008,304,4700,9.7,18.7,1.2,1.3,3.5
12,2008,305,6800,13.3,18.9,1.6,1.9,15.5
12,2008,306,2600,13.3,15.3,1.5,2.7,35.6
12,2008,307,8400,12.4,18.5,1.4,2.7,0.1
12,2008,308,3500,8.8,13.2,1.3,2.7,9.7
12,2008,309,11200,4.8,16.5,1,1.2,0.1
12,2008,310,7700,1.7,13.2,0.9,1.4,0
12,2008,311,11800,6.9,20.5,1.1,1.7,0
12,2008,312,12100,5.7,21.6,1.2,0.8,0
12,2008,313,6000,8,17.1,1.2,1.5,1.3
12,2008,314,11700,5.3,19.1,1,1.3,0.1
12,2008,315,8000,3.6,17,1,0.8,0
12,2008,316,6500,5.8,14.7,1.1,0.7,0
12,2008,317,9600,7.6,18.7,1.2,0.9,0
12,2008,318,10450,6.6,24.1,1.3,2,0.1
12,2008,319,11300,12.6,25.7,0.8,2.7,0
12,2008,320,11100,7.2,24.1,1,1,0
12,2008,321,11000,4.9,24.6,1.1,0.6,0.1
12,2008,322,10700,6.1,25.3,1.1,0.9,0.1
12,2008,323,10800,4.2,23.9,1,0.7,0.1
12,2008,324,9300,4.3,19.9,1,0.8,0.1
12,2008,325,7200,6.3,16.6,1.1,1.9,0.1
12,2008,326,10500,4.7,17.4,0.9,2,0
12,2008,327,8200,1.4,17,0.9,0.7,0
12,2008,328,10500,0.7,18.6,0.9,0.8,0.1
12,2008,329,8900,1.9,20,0.9,1.3,0.1
12,2008,330,6200,6,15.6,1.1,0.9,0
12,2008,331,4700,6.6,13.5,1.1,1.5,0
12,2008,332,9200,4.3,15.7,1.1,0.8,0
12,2008,333,7000,3.4,14,1,0.7,0
12,2008,334,9600,1.9,24.1,0.9,1.8,0.1
12,2008,335,9400,2.3,16.8,1,0.9,0
12,2008,336,8400,0,16.9,1.1,0.8,0
12,2008,337,6800,3.4,16,1.1,1.2,0.4
12,2008,338,6700,1.7,11.8,1,1.3,0.2
12,2008,339,7800,-0.1,13.2,0.8,1,0.2
12,2008,340,8700,0,10.9,0.8,1,0.3
12,2008,341,7500,0,7.1,0.8,1.1,0.3
12,2008,342,6100,4,5.3,0.8,1.1,0.2
12,2008,343,7100,3.2,12,0.8,1.5,0
12,2008,344,9000,-0.3,11.7,0.7,1.6,0
12,2008,345,9000,-0.3,18.1,0.7,1.2,0.1
12,2008,346,8900,-1.5,14.7,0.7,0.9,0
12,2008,347,5300,-1.7,11.5,0.8,1.6,0.1
12,2008,348,7700,-1.1,11.4,0.5,1.6,0
12,2008,349,2600,-1.6,6.2,0.7,3.2,5.8
12,2008,350,5300,2.1,10.1,0.7,3.5,0.3
12,2008,351,5800,-2,7.6,0.6,1.8,0.3
12,2008,352,9100,-4.1,10.1,0.4,1.9,0
12,2008,353,4600,-5.8,7.5,0.6,3,0
12,2008,354,5900,-0.6,12.1,0.7,2.5,0
12,2008,355,8400,-2,11.9,0.6,1,0
12,2008,356,2400,5,7.4,0.9,2.6,8.2
12,2008,357,6300,0,10.4,0.8,2.3,0
12,2008,358,5500,-0.1,8.7,0.7,1,0
12,2008,359,3100,4,8.7,0.9,2.1,29.6
12,2008,360,7900,-0.4,11.4,0.7,2.5,7.5
12,2008,361,8700,-4.1,10.1,0.5,0.9,0
12,2008,362,4900,0.5,8.2,0.7,1.4,0
12,2008,363,4000,3.9,10.2,0.8,1.3,0
12,2008,364,6800,2.5,13.5,0.9,1.6,0
12,2008,365,8700,-1,12.7,0.8,1.2,0.1
12,2008,366,7500,-0.8,6.4,0.8,1.3,0.2
