*---------------------------------------------------------*
* Weather file for rice yield gap assessment using Oryza(v3)
*      Project: Global Yield Gap Atlas (www.yieldgap.org)
*      Country: USA
*  Station_num: 32
* Station_name: Colusa
*         Year: 1999
*       Source: http://www.cimis.water.ca.gov
*       Author: M. Espe
*         Date: 11-16-2015
*    Longitude: -122.02
*     Latitude: 39.23
*    Elevation: 55
*
*  Columns:
*  1. station number
*  2. year
*  3. day
*  4. average insolation incident on a horizontal surface (kJ m-2 d-1)
*  5. minimum temperature (degrees Celsius)
*  6. maximum temperature (degrees Celsius)
*  7. vapour pressure (kPa)
*  8. mean wind speed (m s-1)
*  9. precipitation (mm d-1)
*---------------------------------------------------------*
-122.02,39.23,55,0,0
32,1999,1,9800,-0.5,14.6,0.8,1.4,0
32,1999,2,9000,-1.2,21.9,0.8,1.3,0
32,1999,3,10000,-0.7,12.3,0.8,2.2,0
32,1999,4,9300,-1.6,11.2,0.8,0.7,1
32,1999,5,9000,-1.2,3.6,0.7,1.1,0
32,1999,6,7000,1.2,6.3,0.8,1.5,0
32,1999,7,9700,2.1,4.2,0.8,1.2,0
32,1999,8,10500,-2.7,19.7,0.7,3.9,0
32,1999,9,10300,-1.1,3,0.7,1.5,0
32,1999,10,10800,0.6,3,0.7,1.2,1
32,1999,11,7800,0.3,3.8,0.7,1.2,0
32,1999,12,9400,0.5,16,0.8,1.9,0
32,1999,13,10100,0.3,17.3,0.9,1.6,0
32,1999,14,4100,1.9,11.8,1,1.2,2
32,1999,15,5000,8.6,12.9,1.3,2.2,4
32,1999,16,6200,10,17.6,1.3,3.2,0
32,1999,17,2200,9.6,15.2,1.4,4.3,0
32,1999,18,6200,12.2,17,1.5,4.5,0
32,1999,19,2300,11.1,15.3,1.5,3.4,0
32,1999,20,2700,7.8,16.4,1.3,4,0
32,1999,21,5300,5.4,16,1,2.2,0
32,1999,22,2100,9.4,14,1.2,5.1,0
32,1999,23,8400,0.6,15.1,0.8,3.4,0
32,1999,24,12300,0.5,14,0.7,4.5,0
32,1999,25,12200,5.5,13.9,0.6,5.6,0
32,1999,26,7300,3.1,10.3,0.9,2.7,0
32,1999,27,11800,0,13.9,0.96,0.9,0
32,1999,28,8900,-1.3,10.7,0.8,1.7,0
32,1999,29,11300,-2.7,12.4,0.7,0.9,0
32,1999,30,7700,-1.4,9.7,0.8,1,0
32,1999,31,8300,2.8,12,1,1.2,13
32,1999,32,13300,-1.1,13.9,0.7,1.6,0
32,1999,33,11200,-2,13.8,0.8,0.8,30
32,1999,34,10200,0.5,15.9,0.9,1.2,0
32,1999,35,13000,0.2,15.3,0.8,2,0
32,1999,36,7900,-2.4,14.7,0.7,2,0
32,1999,37,1700,6.8,9.7,1.1,6.4,10
32,1999,38,5700,9.6,18,1.2,5.7,6
32,1999,39,2400,9.6,14.6,1.3,3.6,4
32,1999,40,7700,-1.1,13.6,0.9,4.5,13
32,1999,41,14500,-2.3,11.3,0.6,1.1,0
32,1999,42,12000,0,11.1,0.7,1.5,0
32,1999,43,9400,-0.6,11.8,0.7,0.9,0
32,1999,44,2800,0.5,11.7,0.9,1.1,1
32,1999,45,11700,1.9,14.2,1,1.1,0
32,1999,46,9500,-0.9,14.5,0.9,1.7,5
32,1999,47,1500,7.1,10.8,1.1,3.2,21
32,1999,48,11600,7.8,13.8,1.3,2.2,0
32,1999,49,4800,7.5,14.5,1.1,3.6,1
32,1999,50,14900,3.6,15.4,0.9,3.4,0
32,1999,51,1700,2.1,9,1,2.2,13
32,1999,52,8000,5.2,13.7,0.9,3.5,0
32,1999,53,7800,7.5,14.2,1.1,3,0
32,1999,54,6000,8.6,17.8,1.2,2.9,0
32,1999,55,4300,8.6,16.1,1.2,4.1,1
32,1999,56,13600,2.7,15,0.9,3,1
32,1999,57,10600,1.1,14,0.9,1.1,1
32,1999,58,5200,7.4,14.8,1.1,1.7,0
32,1999,59,6700,10.3,17.2,1.3,3.9,4
32,1999,60,18200,4,17.6,1.1,1.4,0
32,1999,61,12500,1.4,18.8,1,3.2,0
32,1999,62,12300,2.4,16.8,0.8,2,0
32,1999,63,18300,1.9,14.3,0.7,1.5,0
32,1999,64,19200,-0.8,15.9,0.7,1.3,0
32,1999,65,15300,3.4,15.8,0.8,1.3,0
32,1999,66,20000,0.8,17,0.7,2.1,0
32,1999,67,5400,7.2,10.1,1,5,4
32,1999,68,16600,1.8,13.6,0.8,2.6,1
32,1999,69,13700,1.5,13.9,0.8,1.2,0
32,1999,70,20300,0,17.2,0.98,1.5,0
32,1999,71,15800,0.3,19,0.8,1.3,0
32,1999,72,14500,4.7,17.7,1,2.7,0
32,1999,73,5000,7.6,12,1.1,2.6,2
32,1999,74,20700,3.7,21.4,1.1,2.5,0
32,1999,75,21300,3.3,18.3,1.2,2.2,0
32,1999,76,19400,9.6,18.6,1.2,1.9,0
32,1999,77,10200,8.2,16.3,1.1,2.1,0
32,1999,78,9400,7.2,19.2,1.1,2.3,0
32,1999,79,17600,5.2,16.7,1,1.6,3
32,1999,80,14900,5.2,17.5,1.1,2.2,0
32,1999,81,8100,1.9,15.9,1,2,1
32,1999,82,16500,8.5,17.2,1.1,2.5,1
32,1999,83,4200,8.6,13.3,1.2,2.3,17
32,1999,84,13500,7.2,19.7,1.4,1.8,1
32,1999,85,22600,0,21.3,1.18,2.4,0
32,1999,86,23800,2.8,18.6,0.7,2.2,0
32,1999,87,24400,0.4,18.2,0.9,1.7,0
32,1999,88,8200,3.4,17.5,0.9,3.9,0
32,1999,89,11100,-0.9,14.5,0.7,3.3,1
32,1999,90,17700,-0.7,14.6,0.7,1.9,0
32,1999,91,22800,0.1,17.4,0.7,3.1,0
32,1999,92,23500,6.2,19,0.6,3.7,0
32,1999,93,21500,5.4,15.1,0.6,6,0
32,1999,94,22300,4.7,18.4,0.5,4.5,0
32,1999,95,11500,4.5,10.7,0.9,4.1,6
32,1999,96,21000,2.3,15.5,0.9,1.4,0
32,1999,97,14100,0.9,16.3,1,4,0
32,1999,98,12400,1.2,13.7,0.8,4.2,6
32,1999,99,22400,-2.4,15,0.6,1.4,0
32,1999,100,5900,5.6,10.7,1,3.3,4
32,1999,101,21900,7.8,20.4,1.1,3.9,1
32,1999,102,25800,3.8,27.1,1.1,2.5,0
32,1999,103,26100,5.6,26.3,1.3,1.6,0
32,1999,104,26500,11.3,27.8,0.8,4.7,0
32,1999,105,24500,8.7,29.4,0.9,2.4,0
32,1999,106,21200,8.1,29.8,1.2,1.3,0
32,1999,107,26500,10.8,30.4,1.3,1.4,0
32,1999,108,20800,7.4,29.8,1.3,1.6,0
32,1999,109,24400,12.7,27,1.4,2,0
32,1999,110,22500,7.8,26.5,1,2,0
32,1999,111,17000,0,24.2,1.28,1.6,0
32,1999,112,27700,7.2,23.4,0.7,6.3,0
32,1999,113,28600,11.4,26.4,0.8,4.6,0
32,1999,114,26000,12.8,29.3,1,3,0
32,1999,115,18800,10.2,23.5,1.3,2.8,0
32,1999,116,23500,8.7,24,1.1,3.9,0
32,1999,117,23300,5.1,20.3,0.8,2.3,0
32,1999,118,28000,1.5,19.6,0.6,5.9,0
32,1999,119,28900,11.2,24.8,0.8,5.4,0
32,1999,120,27800,13.4,28,1.1,3.4,0
32,1999,121,18300,10.1,27,1.2,3.4,0
32,1999,122,6300,8.6,16.2,1.1,3.3,2
32,1999,123,13800,6.4,20.1,1,4.3,0
32,1999,124,24200,2.4,20.7,1,1.4,0
32,1999,125,29800,7.8,29.5,1.1,2.7,0
32,1999,126,24200,13.3,28.9,1,3.4,0
32,1999,127,30400,7,25.5,0.6,2.5,0
32,1999,128,29400,9.7,24.1,0.6,4.5,0
32,1999,129,29000,7.3,23.2,0.6,4.5,0
32,1999,130,19300,4.7,25.6,0.9,1.5,0
32,1999,131,26900,10,30.1,1.4,2.2,0
32,1999,132,27900,10.4,28.4,1.2,2,0
32,1999,133,30700,8.1,22.8,0.7,3,0
32,1999,134,23500,5.6,22.3,0.8,2.1,0
32,1999,135,30800,4.1,24.1,0.8,2,0
32,1999,136,27800,6,27.5,1,1.6,0
32,1999,137,27000,10.3,29.1,1.2,2.1,0
32,1999,138,21800,12.5,27.7,1.4,2.5,0
32,1999,139,25900,7.6,26.9,1.3,2.8,0
32,1999,140,25100,9.8,24.4,1.3,1.7,0
32,1999,141,29300,11.16,32.8,1,5.7,0
32,1999,142,31600,17.5,34.7,1.1,5.4,0
32,1999,143,27900,10.5,30.4,1.5,3.1,0
32,1999,144,25700,12.4,28.6,1.6,2.2,0
32,1999,145,29900,12.3,32.5,1.8,2,0
32,1999,146,30500,15,33.7,2,2.1,0
32,1999,147,29200,12.8,31.3,1.7,2.1,0
32,1999,148,27900,12.5,29.5,1.6,3.3,0
32,1999,149,23200,11.9,25.3,1.4,1.9,0
32,1999,150,24800,12,28.7,1.6,2.3,0
32,1999,151,21700,12.5,29.3,1.4,2.7,0
32,1999,152,12600,10.8,22.4,1.3,3.6,0
32,1999,153,22600,9.3,20.4,1.1,3.2,1
32,1999,154,19100,6.9,18.4,1.2,1.3,2
32,1999,155,27300,7.5,25.4,1.4,1.6,0
32,1999,156,29600,12.2,28.1,1.6,2.5,0
32,1999,157,33000,11.8,27.4,1.2,2,0
32,1999,158,31300,8.5,25.6,1,2,0
32,1999,159,33300,7.2,25.8,1,1.6,0
32,1999,160,30200,8.4,28.4,1.1,1.4,0
32,1999,161,31400,9.6,31.5,1.3,1.3,0
32,1999,162,28400,14.1,31.9,1.4,2.4,0
32,1999,163,26200,13.8,31.4,1.5,2.4,0
32,1999,164,30800,11,32.5,1.5,1.9,0
32,1999,165,25000,16.2,32.8,1.9,2.5,0
32,1999,166,23800,13.8,29,1.7,3,0
32,1999,167,31600,12.6,31.9,1.6,1.8,0
32,1999,168,26900,15,33.5,1.7,2,0
32,1999,169,27400,15.8,31.4,1.8,2.2,0
32,1999,170,31900,15,32.3,1.6,1.7,0
32,1999,171,24400,12.9,33.9,1.7,1.6,0
32,1999,172,30800,18,32.5,1.8,1.8,0
32,1999,173,32500,17.2,37.5,1.8,2.8,0
32,1999,174,28700,17.7,36.6,2,2.4,0
32,1999,175,29200,14.93,33.1,1.56,3.1,0
32,1999,176,32800,11.5,31.1,1.5,1.4,0
32,1999,177,32500,12.4,33.3,1.5,1.7,0
32,1999,178,32600,13.9,35.7,1.4,2,0
32,1999,179,32400,14.1,37.5,1.8,1.7,0
32,1999,180,32500,16.2,39,1.9,1.3,0
32,1999,181,31600,18.7,40.4,2.1,1.5,0
32,1999,182,32600,17.9,38.6,1.9,1.7,0
32,1999,183,32000,16.9,32.6,1.7,2.5,0
32,1999,184,32100,13.9,29.3,1.2,3.5,0
32,1999,185,32900,9.3,29.5,1.2,1.7,0
32,1999,186,32100,10.2,35.2,1.4,1.6,0
32,1999,187,28700,13.4,33.8,1.5,2.3,0
32,1999,188,32300,12.2,34.2,1.3,2.3,0
32,1999,189,30200,18.9,37,1.3,2.1,0
32,1999,190,28700,14,36.6,1.4,1.9,0
32,1999,191,30500,13.9,37.3,1.7,1.6,0
32,1999,192,31400,16.6,40.1,2.1,1.6,0
32,1999,193,28400,19.8,42.7,2.3,1.7,0
32,1999,194,27600,19.3,36.3,2,2,0
32,1999,195,27200,20.3,33.8,1.6,2.8,0
32,1999,196,31200,14.2,31,1.8,2.7,0
32,1999,197,28800,12.6,29,1.6,3.1,0
32,1999,198,30600,12.5,29.6,1.5,2.4,0
32,1999,199,26500,9.6,31.9,1.4,2,0
32,1999,200,24500,12.6,28.9,1.4,2.9,0
32,1999,201,24100,12.3,27,1.4,2.8,0
32,1999,202,24600,12,29.2,1.5,1.8,0
32,1999,203,24900,16.2,33.4,1.5,1.9,0
32,1999,204,21000,14.3,30.7,1.6,3.2,0
32,1999,205,22000,11.2,29.6,1.4,1.7,0
32,1999,206,28600,11.7,32.1,1.7,2,0
32,1999,207,24800,12.4,32.7,1.6,2.4,0
32,1999,208,22500,11.8,31.7,1.6,2.4,0
32,1999,209,24300,13.5,29.9,1.5,3,0
32,1999,210,26700,11,31.1,1.4,2.2,0
32,1999,211,26800,12.2,33,1.4,2.2,0
32,1999,212,24400,14.2,31.3,1.5,2.8,0
32,1999,213,29000,13,30.5,1.6,2.6,0
32,1999,214,29800,15.8,33.3,1.9,2.2,0
32,1999,215,24700,16.3,34.2,2,2.1,0
32,1999,216,25200,15.9,33.9,1.9,2.8,0
32,1999,217,9000,13.29,26.8,1.96,3.4,0
32,1999,218,12000,13.4,26.3,1.6,2.6,0
32,1999,219,20200,13.3,28,1.6,2.2,0
32,1999,220,21200,12.5,29.6,1.6,2,0
32,1999,221,22800,14.4,30.6,1.6,2.1,0
32,1999,222,15500,15.4,23.2,1.8,2.1,0
32,1999,223,13100,13.4,28,1.8,2,0
32,1999,224,17900,14.4,30.5,1.8,2.4,0
32,1999,225,26800,13.1,29.5,1.6,2.3,0
32,1999,226,28900,14.5,29.7,1.7,2.3,0
32,1999,227,29200,10.3,32.5,1.5,1.4,0
32,1999,228,27500,11.3,34.8,1.6,1.3,0
32,1999,229,23800,13.2,35.2,1.6,1.5,0
32,1999,230,19100,13.8,30.6,1.6,2.8,0
32,1999,231,28000,13.13,34.5,1.47,1.8,0
32,1999,232,26700,12.8,34.9,1.6,1.8,0
32,1999,233,27300,12.7,37,1.8,1.6,0
32,1999,234,26700,15.2,38.8,1.9,1.4,0
32,1999,235,20000,20.3,36.2,2.1,2.1,0
32,1999,236,25600,15.2,39,1.9,1.2,0
32,1999,237,25400,13.8,39.6,1.8,1.1,0
32,1999,238,21100,16.8,38.2,1.8,2.2,0
32,1999,239,20200,18.4,37,2.1,1.4,0
32,1999,240,21200,16.9,36.5,2,1.4,0
32,1999,241,24000,18.3,34.6,1.9,3,0
32,1999,242,24000,16.2,27.6,1.4,2.7,0
32,1999,243,23300,11.2,28.1,1,3.2,0
32,1999,244,25300,7.9,28.7,1.1,1.5,0
32,1999,245,22400,8.5,30,1.3,1.6,0
32,1999,246,22300,0,30.8,0.92,1.4,0
32,1999,247,22500,9.4,33.9,1.3,1.3,0
32,1999,248,24900,10.3,35.2,1.5,1.2,0
32,1999,249,25200,12.2,35.2,1.7,1.2,0
32,1999,250,21900,11.9,36.2,1.5,1.3,0
32,1999,251,20700,12.2,35.3,1.7,1.5,0
32,1999,252,16800,16.1,32.5,1.8,2.2,0
32,1999,253,19400,12.9,32.1,1.8,1.6,0
32,1999,254,19700,13.2,31.4,1.8,1.8,0
32,1999,255,20900,12.9,33.1,1.8,1.8,0
32,1999,256,19000,14,33.8,1.7,1.5,0
32,1999,257,19700,12.5,34.7,1.7,1.7,0
32,1999,258,19500,11.8,32.8,1.7,1.3,0
32,1999,259,19200,12.2,32,1.7,1.1,0
32,1999,260,18700,10.4,34.4,1.5,1.3,0
32,1999,261,16200,10.5,30.8,1.5,1.6,0
32,1999,262,15800,14.8,29.5,1.7,2.4,0
32,1999,263,18000,12.1,29.9,1.7,1.6,0
32,1999,264,19900,0,34.6,1.21,0.9,0
32,1999,265,16900,13.4,35.6,1.6,1.9,0
32,1999,266,19400,13.9,33.3,1.8,1.5,0
32,1999,267,20100,15.7,31.4,1.7,1.4,0
32,1999,268,20700,12.7,35.4,1.6,1.4,0
32,1999,269,20300,16.5,33.8,0.8,4.3,0
32,1999,270,21100,17.6,30.5,0.6,5.3,0
32,1999,271,21100,12.5,31.9,0.7,3.4,0
32,1999,272,20100,8.2,34.5,1.2,1.1,0
32,1999,273,19300,9.4,34.8,1.4,1.1,0
32,1999,274,18800,10.3,32.9,1.4,1.2,0
32,1999,275,16900,9.8,29.5,1.5,1.2,0
32,1999,276,16300,9.5,28.6,1.4,1.9,0
32,1999,277,12700,11.7,25.7,1.3,2.7,0
32,1999,278,11000,6.3,22.8,1.3,2.1,0
32,1999,279,13100,0,24.6,1.59,1.7,0
32,1999,280,19100,12.6,30.6,1,3.4,0
32,1999,281,19000,8.5,31.4,1.2,1.1,0
32,1999,282,18900,8.9,32.5,1.4,1.3,0
32,1999,283,18700,8.9,32.9,1.4,1.1,0
32,1999,284,18400,8.9,32.4,1.3,1.2,0
32,1999,285,18100,7,33.8,1.2,1.3,0
32,1999,286,16300,6.2,33.3,1.2,1.2,0
32,1999,287,16700,12.2,32.5,1.2,1.4,0
32,1999,288,16600,17.4,27.9,0.5,5.8,0
32,1999,289,18100,13.3,26.1,0.4,6.1,0
32,1999,290,15700,7,26.9,0.6,1.6,0
32,1999,291,15400,3,27.4,0.8,0.8,0
32,1999,292,16300,0,27.6,0.5,0.9,0
32,1999,293,15100,4.7,30,1,1,0
32,1999,294,14100,4.7,30.1,1,0.8,0
32,1999,295,11700,4.6,28.8,1.1,0.9,0
32,1999,296,13000,6.1,27.2,1,1.6,0
32,1999,297,15200,3.3,25.6,1,0.9,0
32,1999,298,14200,3.7,26.5,1,0.9,0
32,1999,299,8700,5.6,26.1,1.2,1.5,0
32,1999,300,2300,9.3,18.8,1.6,3,5.1
32,1999,301,11000,8.9,22.7,1.2,2.7,0
32,1999,302,14400,6.9,23.9,0.9,2.5,0
32,1999,303,14500,4.6,24.3,1.1,1,0
32,1999,304,14400,5.5,27,1.1,1.6,0
32,1999,305,15300,5.8,27.5,1.1,1.1,0
32,1999,306,13700,5.5,26.9,1.2,0.9,0
32,1999,307,12000,5.6,25.1,1.2,0.9,0
32,1999,308,11600,6.8,25.7,1.3,1.1,0
32,1999,309,12000,6.6,26.3,1.3,0.9,0
32,1999,310,11600,0,20.9,1.44,0.9,0
32,1999,311,2600,6.6,20.2,1.3,3.1,5.9
32,1999,312,9900,10.3,19.1,1.3,3.3,2.9
32,1999,313,5400,8.6,17.4,1.2,2,0
32,1999,314,2300,11.3,13.9,1.4,2,10.1
32,1999,315,4800,9,21.4,1.5,1,0.1
32,1999,316,7500,7.2,22.4,1.4,0.8,0
32,1999,317,12500,6.4,23.8,1.3,1,0.1
32,1999,318,6800,6.7,19.7,1.4,1,1
32,1999,319,5100,8.5,21.1,1.5,1.9,0.4
32,1999,320,2000,7.9,19.4,1.3,2.2,2.9
32,1999,321,8500,5.7,16.5,1.1,1.2,0
32,1999,322,9100,1.7,16.1,1,0.9,0
32,1999,323,3500,5.9,11.6,1.2,3.1,11.5
32,1999,324,8900,7.3,15.7,1.4,2.5,2.7
32,1999,325,11400,3.6,15.7,0.9,2.3,0.1
32,1999,326,7500,1.1,14.6,0.7,1.8,0
32,1999,327,6300,-0.7,13.7,0.8,1,0
32,1999,328,7500,0,15.6,0.9,1,0
32,1999,329,9700,0.7,17.5,0.9,0.8,0
32,1999,330,6100,3.3,16.1,1.1,0.9,0
32,1999,331,8400,4.3,14.4,1.1,0.7,0
32,1999,332,6200,4.3,14.2,1.2,0.7,0
32,1999,333,2100,8.3,12.3,1.3,2,2.1
32,1999,334,2900,8.6,14.4,1.2,3.3,4.6
32,1999,335,7300,2.2,13.5,1,1.5,0
32,1999,336,9600,2.5,15.7,1,2.3,0
32,1999,337,10500,4,14.4,0.7,4.7,0
32,1999,338,10400,-1,15.4,0.8,0.9,0
32,1999,339,6200,-0.7,13.3,0.8,0.8,0
32,1999,340,4200,-0.6,11.8,0.9,1.2,0
32,1999,341,8000,-1.4,12.1,0.8,1.1,0.1
32,1999,342,3200,-0.4,11.3,0.7,1.5,0
32,1999,343,3300,3.4,12.8,1,2.7,1.8
32,1999,344,9600,1.9,13.1,0.7,3.3,0
32,1999,345,9900,1.4,17.3,0.9,2.3,0
32,1999,346,5200,1,12.5,0.9,2,0
32,1999,347,8000,3,13,0.8,2.6,0
32,1999,348,9600,0,14.6,0.6,1.8,0
32,1999,349,9400,-2.9,13.8,0.7,0.9,0
32,1999,350,8500,-3.1,14.3,0.7,0.8,0
32,1999,351,7000,0.5,14.8,0.8,1.1,0
32,1999,352,7300,-0.2,13.9,0.9,1.6,0
32,1999,353,9500,9.8,22.3,0.8,5.4,0
32,1999,354,10200,13,23,0.9,5.8,0
32,1999,355,10200,0.9,21.8,0.7,3.8,0
32,1999,356,10200,2.1,20.1,0.7,1.9,0
32,1999,357,7900,-1.4,16.8,0.8,0.8,0
32,1999,358,10000,-1.4,19.7,0.8,1,0
32,1999,359,10000,-1.5,18.9,0.8,0.9,0
32,1999,360,10200,-3.1,17.1,0.8,0.9,0
32,1999,361,10100,-2,20.1,0.7,1.2,0.1
32,1999,362,10200,-2,19.5,0.7,1.1,0
32,1999,363,10200,-2.3,17.5,0.7,0.9,0.1
32,1999,364,10400,-2.9,15.5,0.7,0.9,0
32,1999,365,7800,-3.4,16.1,0.7,1.2,0.1
