*---------------------------------------------------------*
* Weather file for rice yield gap assessment using Oryza(v3)
*      Project: Global Yield Gap Atlas (www.yieldgap.org)
*      Country: USA
*  Station_num: 12
* Station_name: Durham
*         Year: 2000
*       Source: http://www.cimis.water.ca.gov
*       Author: M. Espe
*         Date: 11-16-2015
*    Longitude: -121.82
*     Latitude: 39.61
*    Elevation: 130
*
*  Columns:
*  1. station number
*  2. year
*  3. day
*  4. average insolation incident on a horizontal surface (kJ m-2 d-1)
*  5. minimum temperature (degrees Celsius)
*  6. maximum temperature (degrees Celsius)
*  7. vapour pressure (kPa)
*  8. mean wind speed (m s-1)
*  9. precipitation (mm d-1)
*---------------------------------------------------------*
-121.82,39.61,130,0,0
12,2000,1,5600,-0.5,10.6,0.9,1.6,0
12,2000,2,7600,-3.4,11.2,0.7,1.6,0.1
12,2000,3,8600,-0.7,15.3,0.7,2,0
12,2000,4,7500,3.1,12.2,0.9,1.9,0.4
12,2000,5,10800,2.2,14.8,0.6,3.2,0
12,2000,6,6200,-1.9,11.5,0.7,1.7,0
12,2000,7,9800,1.2,15.3,0.8,1.5,0
12,2000,8,10100,-0.3,12.8,0.8,1.2,0
12,2000,9,4400,-0.3,10.6,1,1.3,0
12,2000,10,5300,6.6,16.2,1.2,6.1,0
12,2000,11,3200,6.9,12.2,1.2,6.3,3.9
12,2000,12,7100,1.7,10.6,0.9,2,0
12,2000,13,5100,6.5,15.9,1.1,4.6,0.2
12,2000,14,3800,8.9,14.9,1.2,3.5,0
12,2000,15,4000,10.4,13.1,1.4,2.3,7.8
12,2000,16,7600,3.8,13.3,1.1,4.8,8
12,2000,17,7500,3.4,12,1,1.7,0.1
12,2000,18,3900,7.9,13.9,1.3,1.9,16.7
12,2000,19,2700,10.6,14.9,1.5,3.1,6
12,2000,20,8400,7.7,13.8,1.3,2,0
12,2000,21,4200,6.1,12.9,1.1,2,15.5
12,2000,22,9400,6.3,12.5,1.2,1.4,0.9
12,2000,23,1900,8.3,11.3,1.3,2.4,25.2
12,2000,24,3500,9.3,11.6,1.3,1.5,18.7
12,2000,25,5700,7.3,14.6,1.3,1.4,0
12,2000,26,12300,4.1,15.8,1,1.3,0
12,2000,27,12500,1.7,16.2,0.5,1.6,0
12,2000,28,11600,0.8,14.9,0.6,1.5,0
12,2000,29,11200,0.1,15.8,0.8,1.4,0
12,2000,30,5300,7.4,13.6,1.1,4.3,28.1
12,2000,31,3800,7.6,9.8,0.3,2.5,3.6
12,2000,32,6300,4.4,14.5,0.2,1.8,0
12,2000,33,12600,3.6,18.7,0.3,1.3,0.1
12,2000,34,3600,5.6,14.7,0.2,2.3,9.2
12,2000,35,4700,5.5,13.8,0.2,1.3,0
12,2000,36,4100,6.1,13.4,0.3,3.5,3.3
12,2000,37,10900,5.2,18.8,0.3,1.9,0.1
12,2000,38,11500,3.8,18.7,0.3,1.3,0
12,2000,39,8400,5.4,16.6,0.3,1.3,0.3
12,2000,40,5100,10,15.5,0.3,1.5,0.6
12,2000,41,7200,8.6,13.5,0.3,2.6,10.2
12,2000,42,2600,8.2,10.9,0.3,5,22.1
12,2000,43,5800,7.1,10.7,0.3,4.8,3.8
12,2000,44,3800,7.7,13.5,0.4,6.1,44.1
12,2000,45,10300,10,16.4,0.4,7.1,5.3
12,2000,46,11600,5.8,16,0.3,1.5,0
12,2000,47,5000,7.5,10.6,0.3,1.3,10.6
12,2000,48,10400,4.4,14.8,0.3,1.2,0
12,2000,49,16500,1.2,18.1,0.4,1.5,0.1
12,2000,50,12900,3.7,18.3,0.4,2,0.8
12,2000,51,4600,9.5,16.2,0.5,2.7,9.7
12,2000,52,12200,6.1,17.8,0.5,1.9,1.4
12,2000,53,4100,8,11.9,0.4,6.4,27.3
12,2000,54,12000,2.8,13.6,0.3,1.5,1.3
12,2000,55,7600,-0.5,10.5,0.3,2.1,3.4
12,2000,56,8100,6.4,13.9,0.3,1.6,1.4
12,2000,57,4900,9.7,12.6,0.4,4.6,24.8
12,2000,58,9900,9.3,14.6,0.5,4.7,1.4
12,2000,59,10300,6.8,14.2,0.4,3.4,0.1
12,2000,60,13100,3.8,14.3,0.4,2.7,12.6
12,2000,61,13300,2,16.9,0.4,1.4,0
12,2000,62,6000,6.4,11.7,0.4,2.2,0.2
12,2000,63,18200,1.9,20.2,0.5,2,0
12,2000,64,6300,3.8,16.1,0.5,2.9,15.3
12,2000,65,5200,7.7,11.3,0.5,2.2,24.4
12,2000,66,5800,7.3,10.5,0.4,2,2.8
12,2000,67,6200,7.2,11.1,0.4,3.8,7.6
12,2000,68,7300,5.6,12.5,0.5,4.1,10.5
12,2000,69,10800,7.4,14.2,0.4,4.5,2.1
12,2000,70,7700,2.5,13.5,0.4,2.3,0.8
12,2000,71,13500,7.3,17.2,0.3,1.7,0
12,2000,72,20000,5.7,21.1,0.3,1.6,0
12,2000,73,18400,4.2,21.9,0.4,1,0
12,2000,74,18700,7.9,22.9,0.5,2.9,0
12,2000,75,21100,6.3,24.2,0.8,2.3,0
12,2000,76,20600,9.7,20.9,0.6,2.7,0
12,2000,77,21100,4,21.5,0.7,2.9,0
12,2000,78,21900,9.3,24.2,1.2,1.5,0
12,2000,79,18600,9.6,18.3,0.9,3.6,0
12,2000,80,21400,7.7,20.3,0.5,4.2,0
12,2000,81,23200,3.2,24.9,0.6,2.8,0
12,2000,82,20200,4.3,22.2,1,2.7,0.2
12,2000,83,17800,7.7,19.9,1.2,1.6,0
12,2000,84,22600,4.2,21,1.1,1.5,0
12,2000,85,21500,5.2,21.2,1.1,1.6,0
12,2000,86,23400,4.2,24.9,1.2,1.4,0
12,2000,87,17900,8.7,17.1,1.2,2.7,0
12,2000,88,22100,7.7,20.1,1,1.6,0
12,2000,89,23800,3.8,22.8,1,1.5,0
12,2000,90,25400,7,23.9,0.6,2.9,0
12,2000,91,24800,6.5,27.2,0.6,2.4,0
12,2000,92,23900,8.3,29.6,0.9,2.2,0
12,2000,93,24200,10.64,26.32,1.23,2.24,0.35
12,2000,94,24200,8.1,31.5,1.3,2.1,0
12,2000,95,24400,9.9,23.7,1.3,2.8,0.4
12,2000,96,25300,6.2,26.7,1.3,1.5,0
12,2000,97,25300,6.1,25.4,1.3,1.5,0
12,2000,98,25300,5.6,28.7,1.3,1.4,0
12,2000,99,22100,9.6,23.3,1.2,3.3,0
12,2000,100,23100,5.5,22.7,1.2,1.5,0
12,2000,101,25900,8.1,27.5,1.2,2,0
12,2000,102,19700,10.4,27.4,1.4,1.6,0
12,2000,103,13400,0,24.7,1.21,2.2,7.9
12,2000,104,15100,11.7,20.2,1.4,3.7,2
12,2000,105,15300,9.6,19.6,1.3,1.4,0
12,2000,106,12100,10.4,16.7,1.3,3.5,0.3
12,2000,107,7000,10.5,18.2,1.4,2.7,12.2
12,2000,108,7400,8.4,13,1.3,2.4,21.6
12,2000,109,16700,8,17.5,1.2,1.6,0
12,2000,110,18900,9.7,20.2,1.3,1.1,0
12,2000,111,24400,9.8,24,1.4,1.1,0
12,2000,112,27500,7.9,27.4,1.5,2.4,0
12,2000,113,22100,9.8,20.7,1.3,3.5,0
12,2000,114,26600,5.6,20.8,1,1.5,0
12,2000,115,27200,4.7,24.3,1.1,1.5,0
12,2000,116,24000,9.9,25.6,1.2,1.7,0
12,2000,117,29000,9.4,29.2,1.4,1.4,0
12,2000,118,14800,0,22.2,1.12,3.8,0
12,2000,119,27200,2.7,20.2,0.7,2.3,0
12,2000,120,29900,7,25.5,0.9,2.1,0
12,2000,121,29600,5.3,28.2,1.1,1.5,0
12,2000,122,22600,8.1,27.7,1.3,1.6,0
12,2000,123,29600,8.3,27.5,1.4,1.4,0
12,2000,124,29400,10.4,28.3,1.4,2.6,0
12,2000,125,22200,14.1,25.3,1.4,2.2,0
12,2000,126,28100,10.6,24.6,1.1,2.7,0
12,2000,127,11000,8.7,17.7,1.1,3.4,4
12,2000,128,8900,9.3,14.4,1.4,1.6,8.6
12,2000,129,24300,14,22.9,1.7,2,0
12,2000,130,21300,11.2,23.4,1.4,3.4,0
12,2000,131,22600,0,17.6,0.99,1.8,0
12,2000,132,30000,0.9,21.3,0.8,1.4,0
12,2000,133,20700,1.9,22.4,0.9,1.4,0
12,2000,134,15000,10.1,22.1,1.2,1.2,0
12,2000,135,8700,10.7,18.7,1.4,2.6,8.2
12,2000,136,11800,9.6,15.8,1.4,1.7,2.5
12,2000,137,17700,0,17.5,1.42,2.2,0
12,2000,138,31300,10.8,26.3,1.4,2,0
12,2000,139,31800,11,29.9,1.4,2.2,0
12,2000,140,31200,12.3,32.6,1.6,1.8,0
12,2000,141,30700,14.1,34.7,1.8,1.9,0
12,2000,142,31600,14.6,35.9,1.9,1.4,0
12,2000,143,31200,15.8,36.3,2.1,1.5,0
12,2000,144,30000,0,37,1.6,2.5,0
12,2000,145,28700,20.1,33.1,2,2.5,0
12,2000,146,29300,16.4,27.9,1.5,2.2,0
12,2000,147,32000,13.3,30.4,1.5,2,0
12,2000,148,32100,15.9,31.7,1.7,2.7,0
12,2000,149,27100,15.9,29.5,1.6,1.9,0
12,2000,150,32900,13.1,28,1.2,1.8,0
12,2000,151,32800,0,26.9,0.9,2.7,0
12,2000,152,32900,13.4,28.5,0.7,3.9,0
12,2000,153,32800,9.7,31.2,1,2.1,0
12,2000,154,32600,13,30.6,1.2,1.9,0
12,2000,155,32400,11.2,31.8,1.3,1.6,0
12,2000,156,31700,12.4,31.8,1.3,2.4,0
12,2000,157,31200,11.6,26.9,1.2,3.3,0
12,2000,158,32500,13.1,29.3,1.4,2.6,0
12,2000,159,22600,14.3,26.6,1.3,4.3,0
12,2000,160,16400,13.5,21.6,1.5,2,0
12,2000,161,25100,13.6,23.6,1.4,3.3,0
12,2000,162,28800,13.2,24.7,1.4,2,0
12,2000,163,25200,12.1,27.6,1.5,1.3,0
12,2000,164,24600,17.5,31.4,1.7,1.7,0
12,2000,165,32700,17.8,36.7,1.5,3.2,0
12,2000,166,33300,22,41,1.7,2.5,0
12,2000,167,32600,17.8,39,1.6,2.2,0
12,2000,168,33200,22.5,36.3,1.1,3,0
12,2000,169,33000,18.8,36.5,1.3,2.7,0
12,2000,170,31500,15.3,27.4,1.7,3.2,0
12,2000,171,32400,14.3,34.8,1.6,1.4,0
12,2000,172,33200,16.7,37.8,1.5,1.9,0
12,2000,173,32900,17.66,34.7,1.03,2.1,0
12,2000,174,33100,19.5,33,1.9,2.3,0
12,2000,175,32500,13.4,31.7,1.7,1.9,0
12,2000,176,32500,15.4,33.3,1.8,1.9,0
12,2000,177,30500,16.2,33.9,1.9,1.8,0
12,2000,178,31900,18.6,35.2,2.2,2,0
12,2000,179,32800,19.4,35.9,2.3,1.7,0
12,2000,180,32300,19.8,36.1,2.2,1.9,0
12,2000,181,31800,19.3,34.3,2,2.5,0
12,2000,182,31900,14.9,30.4,1.7,2.8,0
12,2000,183,32100,12.6,28.1,1.6,2.7,0
12,2000,184,28000,13.4,27.9,1.4,2.5,0
12,2000,185,27800,12.1,25.6,1.5,2.6,0
12,2000,186,29100,13.4,28.6,1.6,2.2,0
12,2000,187,24800,14.4,26.6,1.5,3,0
12,2000,188,24400,12.9,26.7,1.5,2.2,0
12,2000,189,24900,13,26.8,1.4,2.1,0
12,2000,190,29100,11.99,28.9,1.42,1.7,0
12,2000,191,31900,13.1,31.3,1.5,1.5,0
12,2000,192,32500,14.9,31.9,1.7,2.1,0
12,2000,193,32300,14.5,32.5,1.7,1.8,0
12,2000,194,32100,15.2,32.4,1.8,2.4,0
12,2000,195,31900,13.7,30.6,1.6,2.5,0
12,2000,196,32700,13.2,32.5,1.4,1.6,0
12,2000,197,31400,15,32.2,1.6,2,0
12,2000,198,22900,15.7,28.3,1.6,2.8,0
12,2000,199,30700,13.2,27.2,1.6,2.4,0
12,2000,200,31900,12.6,31.8,1.6,1.4,0
12,2000,201,32400,14.3,33.5,1.8,1.6,0
12,2000,202,32100,14.5,34.4,1.9,1.9,0
12,2000,203,32200,15.8,31.4,1.8,2.2,0
12,2000,204,31000,14.5,30.5,1.8,1.9,0
12,2000,205,32300,14.3,33.5,1.7,1.4,0
12,2000,206,30200,15.9,35,1.8,1.5,0
12,2000,207,30400,17,34.3,2,1.6,0
12,2000,208,31100,16.3,30.7,1.7,2.6,0
12,2000,209,31200,13,31.6,1.7,1.4,0
12,2000,210,31500,14.7,34.5,1.8,1.4,0
12,2000,211,30600,15.4,36.1,1.7,1.9,0
12,2000,212,24400,17.7,36.6,1.9,1.3,0
12,2000,213,29900,17.1,37.8,2.1,1.3,0
12,2000,214,26200,18.9,37.4,2.4,1.7,0
12,2000,215,28500,19.41,38.2,1.57,2.9,0
12,2000,216,28100,18.8,34.7,1.6,2.8,0
12,2000,217,29300,18.4,33.8,1.6,2.4,0
12,2000,218,29800,17.4,36.8,1.8,1.6,0
12,2000,219,29700,16.9,34.9,2,1.7,0
12,2000,220,26600,16,29.1,1.7,2.4,0
12,2000,221,29100,13.1,29.7,1.8,1.8,0
12,2000,222,27900,14.3,31.4,1.6,2,0
12,2000,223,28400,13.5,28.7,1.5,2.3,0
12,2000,224,29800,12.7,34.4,1.5,1.3,0
12,2000,225,29700,14.8,35.1,1.5,1.8,0
12,2000,226,29200,12.9,33.4,1.4,1.4,0
12,2000,227,29300,13.2,34.4,1.5,1.5,0
12,2000,228,28700,13.3,35.5,1.5,1.1,0
12,2000,229,28800,13.9,36.6,1.4,1.4,0
12,2000,230,27600,13.8,34.2,1.5,1.5,0
12,2000,231,27600,14.9,31,1.4,1.6,0
12,2000,232,26900,13.2,29.4,1.5,1.9,0
12,2000,233,27000,12,29.1,1.5,1.2,0
12,2000,234,25500,11.9,30.5,1.6,1.3,0
12,2000,235,26300,13.7,32.6,1.6,1.4,0
12,2000,236,26100,13.8,30.3,1.6,1.8,0
12,2000,237,26600,12.3,32.2,1.5,1.2,0
12,2000,238,26100,13.1,34.5,1.3,1.4,0
12,2000,239,26400,12.9,32.6,1.5,1.4,0
12,2000,240,26000,12.8,33.4,1.5,1.2,0
12,2000,241,25300,13.4,33.3,1.5,1.4,2.7
12,2000,242,8700,16,19.8,1.6,1.8,2
12,2000,243,13400,14.3,22.6,1.6,1.9,0
12,2000,244,14000,14.5,24.9,1.6,2.5,0
12,2000,245,8400,14.3,18.8,1.5,4.1,4.2
12,2000,246,17100,12.5,22.3,1.4,2.3,0.6
12,2000,247,21100,12.2,24,1.3,1.6,0
12,2000,248,19900,9.1,23.6,1.2,1.5,0
12,2000,249,24500,9.8,27.1,1,2.1,0
12,2000,250,25200,12.3,31.4,1,2.4,0
12,2000,251,25000,14.63,31,1.17,1.5,0
12,2000,252,24500,9.6,30.8,1.3,1.5,0
12,2000,253,24300,11.1,28.8,1.4,1.3,0
12,2000,254,24600,10.4,30.6,1.4,1.1,0
12,2000,255,24000,11.8,33.9,1.4,1.1,0
12,2000,256,21400,12.2,35.5,1.4,1.2,0
12,2000,257,14900,18.6,32.5,1.5,1.7,0
12,2000,258,17200,19.4,29.3,1.8,3.1,0
12,2000,259,21100,14.7,28.2,1.6,1.6,0
12,2000,260,21300,12.4,32,1.6,1,0
12,2000,261,22400,14.6,37,1.4,2.1,0
12,2000,262,21900,18.2,40.5,1.5,1.7,0
12,2000,263,21700,17.7,40.5,1.6,1.7,0
12,2000,264,20600,20.1,34.8,1.7,1.8,0
12,2000,265,19300,15.5,25.3,1.6,3.6,0
12,2000,266,10000,13.5,22.2,1.5,2.3,0
12,2000,267,21100,9.1,27.6,1,1.7,0
12,2000,268,20600,5.7,29,1,0.9,0
12,2000,269,20200,11.6,32.4,1.2,1.4,0
12,2000,270,20400,11.1,33.1,1.2,1.1,0
12,2000,271,16500,11.2,28.7,1.18,2.6,0
12,2000,272,18100,11.3,26.5,1.4,1.2,0
12,2000,273,18400,9.3,33.9,1.2,2.1,0
12,2000,274,17800,13,34.3,1.6,0.9,0
12,2000,275,19200,13.3,34,1.6,1,0
12,2000,276,19000,13.1,29.3,1.5,1.2,0
12,2000,277,18900,9.9,30.1,1.4,0.9,0
12,2000,278,18700,10.6,29,1.4,0.9,0
12,2000,279,18700,10.4,30.7,1.4,0.7,0
12,2000,280,17400,10.4,35,1.3,1,0
12,2000,281,17200,11.2,26.6,1.4,1.5,0
12,2000,282,17400,9.5,27.2,1.4,1,0
12,2000,283,7800,12.6,19.1,1.4,3.6,0.9
12,2000,284,8000,9.5,15.6,1.3,1.7,7.8
12,2000,285,7100,9.4,15.6,1.3,1.2,1.3
12,2000,286,12700,6,20.5,1.2,0.9,0.1
12,2000,287,15200,6.3,22.2,1.2,0.9,0.1
12,2000,288,15800,6.8,24.1,1.2,1.2,0
12,2000,289,15500,7,25.9,1.3,0.8,0
12,2000,290,16700,7.3,26.6,1.2,0.8,0
12,2000,291,15700,0,29.1,0.96,0.9,0
12,2000,292,14800,9.52,27.8,0.83,0.8,0
12,2000,293,15100,0,28.5,0.93,0.8,0
12,2000,294,6800,9.2,23,1.3,2.1,0
12,2000,295,15900,11.1,21.1,0.7,5,0
12,2000,296,16500,9.4,22.1,0.5,3.7,0
12,2000,297,15200,6.6,26,0.7,1.9,0
12,2000,298,13900,6.2,24.5,0.9,1.4,0
12,2000,299,3500,11.5,15.9,1.2,2.3,13.7
12,2000,300,4200,7.9,14.3,1.2,1.3,15.3
12,2000,301,14300,4.6,19.6,1.1,1.3,0.1
12,2000,302,3400,10.8,13.5,1.2,4.6,17.8
12,2000,303,7700,9.8,16.9,1.1,3.4,0.1
12,2000,304,5600,4.8,14.8,1,1.9,5.9
12,2000,305,13000,3.6,20.2,0.9,1.3,0.1
12,2000,306,8700,3.2,15.7,1,1,0
12,2000,307,13900,8.5,23.7,1.1,2,0
12,2000,308,14500,7.5,23.3,1,2.4,0
12,2000,309,13600,5.1,20.6,1.1,1.3,0
12,2000,310,11300,7.1,22.2,1.1,0.9,0
12,2000,311,13900,5.4,19.6,0.8,3.2,0
12,2000,312,13500,7,21.1,0.7,2.1,0
12,2000,313,11800,7.8,18.4,0.9,2.5,0
12,2000,314,10900,1.5,15.3,0.7,1.7,4
12,2000,315,7700,0.6,11.3,0.8,1.1,0.3
12,2000,316,12500,-0.8,13.9,0.6,1.3,0.1
12,2000,317,13000,-2.3,14,0.6,1.1,0
12,2000,318,3700,-1.8,7.6,0.7,1.5,5.4
12,2000,319,7200,1.4,11.1,0.8,1.2,0
12,2000,320,8100,2.4,9.1,0.8,0.8,0
12,2000,321,11400,0.7,15.3,0.6,2.1,0
12,2000,322,12300,-2.6,18,0.6,1.2,0
12,2000,323,12300,-2.2,14.8,0.7,0.9,0.1
12,2000,324,9300,0.3,16.7,0.7,1.1,0
12,2000,325,10300,-2.3,16,0.7,0.9,0.1
12,2000,326,3100,1,8.6,0.8,1.1,1.2
12,2000,327,11200,2.1,12,0.9,1.2,0.2
12,2000,328,4600,1.2,10.7,0.9,1,0.2
12,2000,329,10600,3.7,14.8,0.9,1.3,0.1
12,2000,330,7400,2.8,11.2,0.9,1.1,0
12,2000,331,9300,3.7,13.4,0.9,1.2,0.1
12,2000,332,4800,5,11,1,0.9,0.2
12,2000,333,7300,3.9,10,1,1.7,0.1
12,2000,334,6600,5.6,15.9,1.1,4.6,4.1
12,2000,335,9400,2.5,16.5,0.9,1.7,0
12,2000,336,8900,1.1,16.6,0.8,1.2,0
12,2000,337,10700,1.5,16.3,0.8,1.3,0.1
12,2000,338,8700,1.7,16.6,0.8,1.2,0.1
12,2000,339,6700,1.8,15.4,0.9,0.9,0.1
12,2000,340,10200,0.4,10,0.8,1.2,0.4
12,2000,341,6600,3.9,6.9,0.8,1.6,0.2
12,2000,342,5400,5.2,11.2,1,1.4,0.1
12,2000,343,9900,2.6,17.3,0.9,1,0
12,2000,344,5700,3,12.1,1,1.2,0.3
12,2000,345,6200,3.2,14.5,1.1,1,0.1
12,2000,346,2300,3.4,10.2,1,1.7,4.5
12,2000,347,9400,3.2,12.2,0.9,1.4,0
12,2000,348,2700,7.1,10.1,1,4.9,4.6
12,2000,349,2600,7.9,10.6,1.1,3.9,0.3
12,2000,350,8100,7,15.8,1.1,1.6,0
12,2000,351,9900,4.6,19.8,0.9,2.4,0
12,2000,352,10300,4.8,15.2,0.7,3.5,0
12,2000,353,10300,-1.2,14.5,0.7,1.2,0
12,2000,354,8500,0.4,17,0.7,1.2,0
12,2000,355,7400,2.8,17.3,0.8,1.2,0
12,2000,356,4900,-0.2,13.1,0.9,3.8,0.1
12,2000,357,7100,4.3,15.6,1,2.4,0
12,2000,358,3500,0.1,9.9,0.8,1.2,0.6
12,2000,359,8400,3.1,14.4,0.7,3.4,0
12,2000,360,6900,-0.5,17.2,0.6,3,0
12,2000,361,9200,-2.8,14.4,0.7,1.2,0.1
12,2000,362,6900,-1.7,14.3,0.6,1.2,0.1
12,2000,363,10200,-2.6,14.3,0.6,1.3,0
12,2000,364,8100,-1,15.2,0.7,1.1,0
12,2000,365,10600,-2.7,16.9,0.7,0.9,0.1
12,2000,366,9400,-2.5,14,0.7,1.1,0.1
