*---------------------------------------------------------*
* Weather file for rice yield gap assessment using Oryza(v3)
*      Project: Global Yield Gap Atlas (www.yieldgap.org)
*      Country: USA
*  Station_num: 32
* Station_name: Colusa
*         Year: 2009
*       Source: http://www.cimis.water.ca.gov
*       Author: M. Espe
*         Date: 11-16-2015
*    Longitude: -122.02
*     Latitude: 39.23
*    Elevation: 55
*
*  Columns:
*  1. station number
*  2. year
*  3. day
*  4. average insolation incident on a horizontal surface (kJ m-2 d-1)
*  5. minimum temperature (degrees Celsius)
*  6. maximum temperature (degrees Celsius)
*  7. vapour pressure (kPa)
*  8. mean wind speed (m s-1)
*  9. precipitation (mm d-1)
*---------------------------------------------------------*
-122.02,39.23,55,0,0
32,2009,1,5200,3.7,5.4,0.8,1.6,0.2
32,2009,2,4500,1.8,8.8,0.9,3.7,0.3
32,2009,3,9100,-1.5,10.4,0.5,3.3,0
32,2009,4,6600,-4.1,9.2,0.5,1.2,0
32,2009,5,4000,4.6,6.2,0.8,1.9,0.5
32,2009,6,8600,0.1,13.4,0.8,1.6,0
32,2009,7,6900,2.2,7.9,0.9,1.4,0
32,2009,8,6400,2.9,8.9,0.9,1.6,0.1
32,2009,9,9800,3.7,16.1,0.5,5.6,0
32,2009,10,9900,-1.7,18.1,0.6,1.3,0
32,2009,11,9900,-2.8,20.1,0.7,2.2,0
32,2009,12,9900,14.2,23,0.9,6.1,0
32,2009,13,10200,3.2,22.6,0.9,1,0
32,2009,14,10100,-1.3,20,0.8,1,0.1
32,2009,15,10400,-0.8,23.8,0.7,2.4,0.2
32,2009,16,10500,2.5,23.5,0.7,1.6,0
32,2009,17,10600,-0.2,20.6,0.7,0.9,0.1
32,2009,18,10600,-0.5,21.3,0.7,1.2,0
32,2009,19,10800,-1,20.1,0.7,1.1,0
32,2009,20,10800,-0.2,20.3,0.7,1.4,0
32,2009,21,4000,4,14.4,0.9,1.1,1.9
32,2009,22,4100,8.5,12.9,1.2,1.1,5.8
32,2009,23,8100,8.1,13.7,1.3,1.5,0.2
32,2009,24,5500,4.7,17.7,1.2,2.5,0.4
32,2009,25,9400,4,12.7,0.9,1.6,2.4
32,2009,26,11500,0.8,12.7,0.6,3.2,0.1
32,2009,27,11200,0.4,14.1,0.5,2.4,0
32,2009,28,11500,0,17,0.8,2.8,0
32,2009,29,12000,3.9,21,0.7,4,0
32,2009,30,12100,-0.7,18.1,0.8,1,0
32,2009,31,12300,-0.4,22.1,0.8,1.3,0.1
32,2009,32,12300,1.1,20.6,0.6,2.5,0
32,2009,33,12500,0.5,19.9,0.8,0.9,0
32,2009,34,12600,0.7,21.3,0.8,1,0
32,2009,35,9300,2,18.9,0.9,1,0
32,2009,36,5500,7.1,13.6,1.1,3,1.6
32,2009,37,5700,4.5,13.2,1.1,2.1,0.5
32,2009,38,12300,2.3,19.5,0.8,3.3,0.1
32,2009,39,9800,3.4,14.8,0.8,3.3,0.8
32,2009,40,13200,-1.6,12.5,0.6,1.3,0
32,2009,41,8700,-3.7,11.1,0.6,2.9,1.3
32,2009,42,4200,4.7,9.3,0.9,4.1,0.2
32,2009,43,8200,4.5,10.7,0.8,2.5,0.1
32,2009,44,5500,3.7,9.9,0.8,4,7.4
32,2009,45,5500,4.6,11.7,0.9,4,0.3
32,2009,46,5300,6.7,9.6,0.9,3.9,21.5
32,2009,47,3700,6.6,11,1,2.5,19.7
32,2009,48,5200,7.3,11,1,4.2,16.4
32,2009,49,10700,4.7,12.2,1,1.4,0.1
32,2009,50,13200,1.2,16.3,0.9,1.2,0
32,2009,51,14600,4.3,18.2,0.9,1.7,0
32,2009,52,10400,3,16,1,1.3,0.5
32,2009,53,5000,10.4,13.3,1.3,4.7,24.6
32,2009,54,8700,11.3,16.7,1.4,4.9,0.9
32,2009,55,15700,9.3,16.5,1,2,0
32,2009,56,9900,8.1,16,1.1,3,0.4
32,2009,57,15300,6.9,18.3,1,3.1,0.2
32,2009,58,16600,0.8,15.5,0.9,1.1,0
32,2009,59,8000,5.8,16.7,1,1.3,0.1
32,2009,60,3000,10,14.1,1.3,3.1,15.6
32,2009,61,8000,9.5,15.2,1.2,4.3,1.9
32,2009,62,14000,7.2,14.1,1,4,8
32,2009,63,14100,5.3,12.9,0.8,3.1,0.1
32,2009,64,15200,3.5,14.8,0.8,1.5,0
32,2009,65,14900,1.4,15.2,0.8,1.1,0
32,2009,66,18000,2.3,18.9,0.8,2.1,0
32,2009,67,18400,1.8,16.1,0.9,2,0
32,2009,68,18900,0.9,13.3,0.5,2.1,0
32,2009,69,19000,-1.2,16.6,0.6,1.9,0
32,2009,70,19100,0,17.8,0.7,1.1,0
32,2009,71,19500,0.8,21.5,0.8,1.6,0
32,2009,72,19400,0.6,21.3,0.9,1.6,0
32,2009,73,14000,6.4,15.7,0.9,3,0
32,2009,74,10400,8.6,15.1,1.1,4.4,0
32,2009,75,10900,11.2,19.7,1.2,4.3,0
32,2009,76,15900,6.6,18.6,1.1,1.5,0
32,2009,77,18500,4.1,22.2,1.1,1.4,0
32,2009,78,19900,6.1,25.8,1.1,1,0
32,2009,79,20200,6.4,25.3,1.2,1.3,0
32,2009,80,9300,9,16.7,1.1,4.1,1.4
32,2009,81,19500,4.7,15.1,0.6,3,0.1
32,2009,82,20400,2,16,0.5,3,0
32,2009,83,21200,0,21.7,0.9,1.2,0
32,2009,84,16600,5.3,22.6,0.9,1.7,0
32,2009,85,20800,6.2,23.8,1,2.5,0
32,2009,86,21300,11.1,25.8,0.9,3.9,0
32,2009,87,21900,6.5,25.3,1,2.1,0
32,2009,88,22500,4.5,16.8,0.5,5.5,0
32,2009,89,22500,6.5,20.1,0.5,5,0
32,2009,90,21500,1.2,24.1,0.8,1.3,0
32,2009,91,22200,9.5,24,0.9,2.3,0
32,2009,92,21500,6.7,21.8,0.9,2.2,0
32,2009,93,23600,4.1,18,0.5,4.1,0
32,2009,94,24000,4.3,20.1,0.5,2.3,0
32,2009,95,23800,0.5,24.4,0.7,0.7,0
32,2009,96,22000,3.2,27.2,0.8,0.6,0
32,2009,97,6800,5.5,19.3,1,2.4,0.2
32,2009,98,15200,8.2,18.5,1,2.8,0.2
32,2009,99,10000,9.9,13.3,1.1,2.7,1.2
32,2009,100,20100,5.7,18.2,1,1.6,1.5
32,2009,101,23800,2.5,21.4,0.9,1.3,0
32,2009,102,23800,4.8,23.9,1.1,1.4,0
32,2009,103,25000,6.9,24.6,1,1.8,0
32,2009,104,21400,4.3,16.1,0.4,2.5,0
32,2009,105,25600,0.4,18.9,0.5,0.7,0
32,2009,106,24700,0.9,23.2,0.7,0.8,0
32,2009,107,24300,3.7,27,0.9,1.3,0
32,2009,108,25200,6.8,30.9,1.1,1.5,0
32,2009,109,25300,8.5,32.6,1.2,1.1,0
32,2009,110,25800,8.5,36,1.2,1.2,0
32,2009,111,25600,11.9,35.1,1.3,1.3,0
32,2009,112,26000,11.4,34.9,1.1,1.8,0
32,2009,113,21100,11.6,25.1,0.9,3.3,0
32,2009,114,21700,5.9,20.5,0.7,2.5,0
32,2009,115,26400,2.7,22.9,0.9,1.3,0
32,2009,116,26400,7.5,23.5,0.9,1.5,0
32,2009,117,26600,7.9,21.5,0.9,4,0
32,2009,118,20500,6.6,17.1,0.8,2.2,0
32,2009,119,26200,6.6,19.8,0.8,2.5,0
32,2009,120,16700,7.8,18.8,0.9,1.7,0
32,2009,121,7800,12.8,18.1,1.3,2.1,5
32,2009,122,7000,11.7,14.6,1.4,3.1,8.1
32,2009,123,19700,13.5,21.8,1.4,3.7,0.1
32,2009,124,9700,11.8,20,1.4,3.9,1.3
32,2009,125,23800,13.7,24.4,1.4,3.6,0
32,2009,126,19100,11.6,24.8,1.4,3.6,0
32,2009,127,28100,9.5,26.3,1,2.3,0
32,2009,128,27900,10.4,28.9,0.9,3.3,0
32,2009,129,28000,8.5,30.1,1,1.8,0
32,2009,130,26100,9.6,31.4,1.1,1.8,0
32,2009,131,28400,11.4,30,1.1,1.8,0
32,2009,132,27400,10.5,26.4,0.9,1.5,0
32,2009,133,26900,7.8,28.1,0.9,1.2,0
32,2009,134,25900,10.5,29.2,1.3,1.1,0
32,2009,135,28300,12.3,33.6,1.3,2.5,0
32,2009,136,28600,13.1,37.1,1.4,1.5,0
32,2009,137,28700,15.7,37.1,1.5,1.6,0
32,2009,138,27300,18.3,36.2,1.6,2.3,0
32,2009,139,28500,13.3,30.8,1.3,2.7,0
32,2009,140,29100,11,28.4,1,1.5,0
32,2009,141,29100,8.7,30.6,1.1,1.3,0
32,2009,142,28700,10.4,31,1.3,1.5,0
32,2009,143,28700,11.2,27.3,1.4,1.9,0
32,2009,144,28300,10,25.7,1.4,2.1,0
32,2009,145,28600,9.3,30.1,1.4,1.5,0
32,2009,146,28700,13.7,35.1,1.5,1.7,0
32,2009,147,28500,16.6,34.8,1.6,1.7,0
32,2009,148,28700,0,34.7,1.7,2.4,0
32,2009,149,28200,14.7,33.1,1.5,2.4,0
32,2009,150,28100,13.4,29.6,1.5,3,0
32,2009,151,26400,12.2,29.7,1.5,2.4,0
32,2009,152,19900,12.1,27.9,1.5,2.3,0
32,2009,153,22500,13.9,26.5,1.5,2.2,0
32,2009,154,22000,16.3,27.7,1.5,2,0.8
32,2009,155,19900,13.9,23.6,1.6,2.2,3.6
32,2009,156,12000,12.3,23,1.4,2.6,1.2
32,2009,157,20400,14.7,24.9,1.4,1.7,0
32,2009,158,28800,13.5,27.2,1.4,2.7,0
32,2009,159,29700,13.2,27.7,1.4,2.7,0
32,2009,160,27100,12.6,24.9,1.4,3.1,0
32,2009,161,22600,12.9,24.5,1.4,1.9,0
32,2009,162,26100,13.1,26.2,1.4,2.5,0
32,2009,163,26200,13,25.6,1.4,2.3,0
32,2009,164,25600,13.3,25.7,1.4,2.6,0
32,2009,165,28500,12.4,25.9,1.3,2.1,0
32,2009,166,24400,13.3,27.7,1.4,1.8,0
32,2009,167,22400,12.8,28.7,1.6,2.1,0
32,2009,168,27500,14.8,29.1,1.6,1.7,0
32,2009,169,29500,15.6,34.5,1.5,1.7,0
32,2009,170,29200,15,32.3,1.6,1.5,0
32,2009,171,24200,14.9,27.8,1.4,2.5,0
32,2009,172,29600,12.4,26.9,1.2,1.6,0
32,2009,173,30400,15.4,31.8,1.1,2.8,0
32,2009,174,30400,12.9,36.3,1.2,1.6,0
32,2009,175,30000,15,35.2,1.6,1.8,0
32,2009,176,30000,13.9,31.4,1.6,2.3,0
32,2009,177,29800,12.4,33.6,1.6,1.3,0
32,2009,178,29900,15.4,39.2,1.9,1.3,0
32,2009,179,30000,18.2,39.4,1.8,1.6,0
32,2009,180,30800,19.5,37.9,1.6,2,0
32,2009,181,30000,16.6,33.9,1.5,1.9,0
32,2009,182,29400,15.9,35.5,1.6,2,0
32,2009,183,29700,15.5,33.7,1.6,2.7,0
32,2009,184,28600,15.1,33.3,1.6,1.9,0
32,2009,185,29300,15.2,32,1.6,3,0
32,2009,186,30000,14.2,29.9,1.4,3.5,0
32,2009,187,30300,11.9,29.4,1.3,2.5,0
32,2009,188,29800,13.5,29,1.3,2.5,0
32,2009,189,30000,0,31.3,1.2,1.6,0
32,2009,190,28200,15.5,30.7,1.3,1.9,0
32,2009,191,29300,13.9,30,1.3,2.4,0
32,2009,192,28900,16,30.4,1.3,2.6,0
32,2009,193,30100,14.9,31.2,1.3,2.2,0
32,2009,194,29900,12.3,34.8,1.2,2.5,0
32,2009,195,29500,17.6,38.4,1.4,1.8,0
32,2009,196,29400,17.5,36.9,1.6,2,0
32,2009,197,29400,14,36.3,1.8,1.6,0
32,2009,198,29300,16.4,38.8,1.7,1.5,0
32,2009,199,28800,17.6,38.8,1.6,1.4,0
32,2009,200,28700,18.3,39.3,1.8,1.8,0
32,2009,201,28400,17.8,34.6,1.7,2.7,0
32,2009,202,28500,14.8,32.7,1.6,2.5,0
32,2009,203,28700,15.7,32.7,1.6,2.1,0
32,2009,204,28500,14.5,33.6,1.7,2.3,0
32,2009,205,28500,13.2,30,1.6,2.6,0
32,2009,206,28600,11.3,33.7,1.6,1.4,0
32,2009,207,28200,14.1,36.6,1.7,1.3,0
32,2009,208,28000,16.2,37.7,1.8,1.5,0
32,2009,209,27600,18,34.1,1.8,2.8,0
32,2009,210,27500,15.9,31.5,1.8,2.6,0
32,2009,211,27600,15.5,30.7,1.8,2.6,0
32,2009,212,27200,14.6,31.3,1.8,2.2,0
32,2009,213,27700,14.3,32.6,1.7,2.5,0
32,2009,214,27400,13.6,30.9,1.6,2.6,0
32,2009,215,27800,13.9,30,1.5,2.5,0
32,2009,216,27200,13.8,30.1,1.4,2.2,0
32,2009,217,26400,13.2,29.6,1.4,2.7,0
32,2009,218,14900,14.2,24.7,1.5,2.2,0.6
32,2009,219,25900,13.9,27.1,1.5,1.7,0
32,2009,220,27200,15.2,32.2,1.5,1.8,0
32,2009,221,26400,13.7,35.6,1.6,1.3,0
32,2009,222,26700,14.6,39.1,1.6,1.5,0
32,2009,223,26400,17.9,31.7,1.7,1.9,0
32,2009,224,26100,14.7,36.8,1.6,1.5,0
32,2009,225,25700,16.2,33.6,1.6,1.7,0
32,2009,226,26700,13.9,30.9,1.4,1.5,0
32,2009,227,26700,12.6,33.4,1.3,1.8,0
32,2009,228,26200,12,35.2,1.4,1,0
32,2009,229,26000,13.4,34.2,1.6,1.4,0
32,2009,230,25700,13.7,35.1,1.6,1.6,0
32,2009,231,25200,14.7,34.4,1.8,2.3,0
32,2009,232,25000,14.9,29.9,1.7,2,0
32,2009,233,25400,15.1,34.9,1.8,1.7,0
32,2009,234,25300,15.7,32.7,1.7,2.7,0
32,2009,235,25200,14.9,28.6,1.5,2.5,0
32,2009,236,25500,10,29.9,1.3,1.6,0
32,2009,237,25100,9,30.6,1.2,1.5,0
32,2009,238,25000,10.5,31.9,1.2,1.4,0
32,2009,239,24500,10.4,35.4,1.4,1,0
32,2009,240,12700,13.2,32.2,1.5,1.2,0
32,2009,241,23600,17.1,37.2,1.6,1.7,0
32,2009,242,24100,19,32,1.4,3.1,0
32,2009,243,23100,13.8,29.1,1.5,2.6,0
32,2009,244,23400,14.5,31.5,1.5,2,0
32,2009,245,20800,14.3,34.3,1.6,1.2,0
32,2009,246,23400,14.9,36,1.5,1.4,0
32,2009,247,23700,14.2,31.5,1.3,2.6,0
32,2009,248,20600,13.2,28.9,1.4,2.6,0
32,2009,249,22700,12.6,27,1.4,1.5,0
32,2009,250,23100,10.4,29.9,1.3,1.3,0
32,2009,251,23000,9.7,30.2,1.3,1.1,0
32,2009,252,22100,11,33.1,1.4,0.9,0
32,2009,253,21600,0,35.7,1.6,1,0
32,2009,254,21700,13.1,38.9,1.5,1.4,0
32,2009,255,13400,15.9,31.4,1.6,2.5,0
32,2009,256,14300,13.7,23.2,1.5,2.8,0.1
32,2009,257,17600,13,25.5,1.6,1.5,3.4
32,2009,258,21200,11.4,29.8,1.5,1.3,0
32,2009,259,21000,12.4,31.1,1.6,1.2,0
32,2009,260,20500,13.7,33,1.8,1.3,0
32,2009,261,20700,12.3,33.8,1.6,1.5,0
32,2009,262,20200,19.1,31.2,1.6,2.2,0
32,2009,263,20600,13.4,34.4,1.6,1.9,0
32,2009,264,20800,14,35.2,1,2.4,0
32,2009,265,20400,11.4,36.4,1.2,1.3,0
32,2009,266,20100,10.8,35.1,1.4,1,0
32,2009,267,20200,12,33.5,1.5,1,0
32,2009,268,19900,12.2,37.2,1.6,0.9,0
32,2009,269,19900,13,37.8,1.6,1,0
32,2009,270,19400,12.9,35.6,1.6,0.9,0
32,2009,271,17900,13.5,30.2,1.3,2.6,0
32,2009,272,18900,10.2,24.3,0.9,1.7,0
32,2009,273,19100,7.6,22.9,0.7,3.4,0
32,2009,274,18600,9.2,27.4,0.7,2.7,0
32,2009,275,18400,5.1,27.7,0.9,1.5,0
32,2009,276,18700,8.1,22.8,0.7,2.4,0
32,2009,277,15400,4.5,19.1,0.7,2.3,0
32,2009,278,17700,3,21.6,0.8,1.3,0
32,2009,279,18100,9.9,24.9,0.7,2.6,0
32,2009,280,17700,7,28,0.7,1.3,0
32,2009,281,17100,5.6,25.2,1,1,0
32,2009,282,17200,6.1,28.4,1.1,1,0
32,2009,283,17100,5.2,25.8,1.1,1.3,0
32,2009,284,16800,6.6,21.9,1.1,2.3,0
32,2009,285,8400,7.1,17.9,1.1,1.8,0
32,2009,286,2700,13.3,16.3,1.5,5.8,36.5
32,2009,287,8600,13.8,22.5,1.7,3.4,0.8
32,2009,288,10600,14.1,21.8,1.8,1.3,1.4
32,2009,289,15500,10.9,27.9,1.7,1.1,0
32,2009,290,12700,13,26.2,1.9,0.8,0
32,2009,291,8700,12.5,21.8,1.7,1.8,0
32,2009,292,7300,10.5,15.6,1.4,1.9,3
32,2009,293,15100,9,22.8,1.2,1.6,0
32,2009,294,14600,7.7,23.1,1.4,0.9,0
32,2009,295,14500,8.4,24.6,1.3,1.2,0
32,2009,296,14100,8.7,25.8,1.4,0.8,0
32,2009,297,11600,9.1,24.3,1.3,1.3,0
32,2009,298,14000,12.8,26.7,1,3.1,0
32,2009,299,12800,8.5,24.9,1.2,1.7,0
32,2009,300,14200,10.3,17.5,0.5,6.1,0
32,2009,301,14000,4.8,16.7,0.5,3.9,0
32,2009,302,13300,2.9,20.5,0.8,1.6,0
32,2009,303,13600,4.6,23.5,1,0.9,0
32,2009,304,13100,5,25.3,1.1,0.8,0
32,2009,305,13300,6.5,25.4,1.2,1.3,0
32,2009,306,13200,5.5,24.8,1.1,1.1,0
32,2009,307,13100,5.8,25.2,1.1,0.9,0
32,2009,308,12700,5.7,23,1.1,1.3,0
32,2009,309,6400,9.5,20,1.3,2.7,0
32,2009,310,8200,9.2,18.5,1.4,3,0
32,2009,311,12600,5,19.4,0.9,1.8,0
32,2009,312,12300,2.6,19.9,0.7,1.5,0
32,2009,313,7900,1.5,16.5,0.9,0.9,0
32,2009,314,10000,8.6,17.8,1,0.9,0
32,2009,315,6200,7.7,18.1,1.1,1.2,0
32,2009,316,11800,3.4,17.1,0.7,1.5,0
32,2009,317,9600,0.1,17.1,0.7,1.1,0
32,2009,318,11500,-0.4,16.8,0.6,1.9,0
32,2009,319,11300,-0.1,17,0.6,0.9,0
32,2009,320,11400,-1,17.3,0.7,0.8,0
32,2009,321,6600,-2.2,18,0.9,1.8,4.1
32,2009,322,11200,1.3,15.5,0.8,1.8,0
32,2009,323,10900,-1.3,14.7,0.7,0.9,0
32,2009,324,4800,1.7,13.8,0.9,3,0.1
32,2009,325,10400,1.2,13.3,0.8,2,0
32,2009,326,8400,4,14.3,0.9,2.9,0
32,2009,327,10300,5.2,19.1,0.7,3.4,0
32,2009,328,10200,1.1,18.8,0.8,1,0
32,2009,329,10400,0.8,21.7,0.9,0.7,0
32,2009,330,8200,1.1,17.6,1,0.7,0
32,2009,331,7400,8.4,15.4,1,3.3,0
32,2009,332,10300,10.2,17.7,0.5,7.6,0
32,2009,333,10000,4.2,20.3,0.6,4.5,0
32,2009,334,9800,0.4,16.9,0.8,1,0
32,2009,335,9300,-0.4,17,0.7,0.8,0
32,2009,336,9500,-1.7,15.8,0.7,1.1,0
32,2009,337,9800,-2.7,17.7,0.7,1.3,0.1
32,2009,338,7900,-1.9,14.1,0.8,0.9,0
32,2009,339,9800,-0.6,12.9,0.5,3.7,0.2
32,2009,340,5500,-4.9,10.7,0.4,2.2,0
32,2009,341,8800,-1,7.9,0.4,2.5,0
32,2009,342,9100,-7.7,6.8,0.4,0.9,0
32,2009,343,9500,-8,7.4,0.4,1.2,0
32,2009,344,8200,-6.8,8.7,0.4,1.6,0.1
32,2009,345,3700,3.7,5.5,0.8,1.1,11.5
32,2009,346,2100,4.9,7.3,0.9,1.2,16.1
32,2009,347,6300,3.2,11.1,1,1.4,1
32,2009,348,5300,3.5,12.6,1,1.1,0
32,2009,349,2200,8.6,11.1,1.1,2.2,5.9
32,2009,350,4000,8.6,14.3,1.2,2,9.1
32,2009,351,4900,3.5,14.4,1,1,0.1
32,2009,352,8200,3.1,16.4,1,1.5,0.3
32,2009,353,5400,7.7,9.2,1.1,1.2,0.2
32,2009,354,3000,6.2,9.2,1,1.2,1.4
32,2009,355,3700,6.8,14.5,1.1,3,0.2
32,2009,356,8600,4.3,12.3,0.6,3.3,0
32,2009,357,9100,0.4,14.9,0.6,2.4,0
32,2009,358,8900,-2.1,12.1,0.7,1.1,0
32,2009,359,9100,-2.6,13.4,0.7,0.8,0
32,2009,360,3400,-0.7,7.8,0.8,0.8,0.4
32,2009,361,4700,3.7,9.2,0.9,1.3,2.8
32,2009,362,3700,1.5,10.2,0.8,1.2,0.1
32,2009,363,2800,-2.2,7.7,0.8,1.5,4.6
32,2009,364,5900,5.6,9.9,1,1.5,0.6
32,2009,365,3100,-2.6,7,0.6,0.9,0.1
