*---------------------------------------------------------*
* Weather file for rice yield gap assessment using Oryza(v3)
*      Project: Global Yield Gap Atlas (www.yieldgap.org)
*      Country: USA
*  Station_num: 12
* Station_name: Durham
*         Year: 2007
*       Source: http://www.cimis.water.ca.gov
*       Author: M. Espe
*         Date: 11-16-2015
*    Longitude: -121.82
*     Latitude: 39.61
*    Elevation: 130
*
*  Columns:
*  1. station number
*  2. year
*  3. day
*  4. average insolation incident on a horizontal surface (kJ m-2 d-1)
*  5. minimum temperature (degrees Celsius)
*  6. maximum temperature (degrees Celsius)
*  7. vapour pressure (kPa)
*  8. mean wind speed (m s-1)
*  9. precipitation (mm d-1)
*---------------------------------------------------------*
-121.82,39.61,130,0,0
12,2007,1,9300,0.8,17.6,0.6,2.3,0
12,2007,2,6400,2.9,11.9,0.9,1.2,0
12,2007,3,2200,0.6,14.5,1,3.3,0
12,2007,4,7000,5.8,15.2,0.8,3.1,0
12,2007,5,9400,2.6,11.5,0.3,3.4,0
12,2007,6,8400,-2.4,11.5,0.5,1.5,0
12,2007,7,10200,0.3,14,0.7,1.7,0
12,2007,8,10800,-1.4,17,0.7,2,0
12,2007,9,10000,-1.5,15.5,0.7,0.9,0
12,2007,10,7100,0,12.8,0.6,2.6,0
12,2007,11,9900,1.5,9.9,0.2,3.4,0
12,2007,12,10200,-1.5,7.2,0.2,3.2,0
12,2007,13,9300,-5.3,9.6,0.2,1.6,0
12,2007,14,10400,-5.9,11.5,0.3,2.2,0
12,2007,15,11300,-2.7,12.4,0.4,1.7,0
12,2007,16,9600,-7,8.7,0.4,1.2,0
12,2007,17,11600,-2.4,15.9,0.4,2.6,0
12,2007,18,10000,2.5,18.5,0.2,2.8,0
12,2007,19,8300,-1.2,11.5,0.6,1.4,0
12,2007,20,9600,-1.2,18.2,0.4,2.8,0
12,2007,21,10900,-0.8,16.2,0.2,2.5,0
12,2007,22,12200,-2,14.1,0.4,1.6,0
12,2007,23,12100,-2.8,17.3,0.5,1.1,0
12,2007,24,12400,-3.3,17.2,0.5,1,0
12,2007,25,12500,-2.3,17.8,0.6,1.1,0
12,2007,26,12500,-2.7,16.1,0.6,1,0
12,2007,27,8900,-2.2,13.8,0.7,1.2,0
12,2007,28,12600,-1,16.5,0.7,1.3,0
12,2007,29,11700,-0.7,19.9,0.5,2.2,0
12,2007,30,13300,0.8,15.5,0.7,1.7,0
12,2007,31,13600,-1.2,13.6,0.8,1.2,0
12,2007,32,12900,-0.6,12.9,0.8,1.2,0
12,2007,33,11600,0.1,13.3,0.7,1.1,0
12,2007,34,10300,-1.5,16.9,0.7,1.1,0
12,2007,35,12600,-0.4,17.9,0.7,1.1,0
12,2007,36,9500,2.1,17.7,0.8,1.1,0
12,2007,37,10700,3.9,17.7,0.8,1.6,0
12,2007,38,3400,10.9,14.2,1.1,3.1,6.3
12,2007,39,3000,8.1,12.2,1.1,2,17.5
12,2007,40,3000,12.1,12.9,1.2,2.7,24.2
12,2007,41,1900,12.4,14.8,1.2,4.1,21.5
12,2007,42,8600,8.3,17.5,1,3.3,0
12,2007,43,7100,7.1,14.6,1,2,6.2
12,2007,44,13700,5,17,0.9,1.9,1.5
12,2007,45,12000,2.8,18.1,0.8,1.3,0
12,2007,46,12600,4.8,20.3,0.9,1.4,0
12,2007,47,15400,9,24.3,0.9,2.8,0
12,2007,48,15300,10.8,20.5,1.1,2.7,0
12,2007,49,13200,7.4,19.1,0.7,4,0
12,2007,50,16500,5.8,17.7,0.4,3.8,0
12,2007,51,5500,3.5,14.8,0.9,3.5,0
12,2007,52,3200,9.6,14.7,1,4.6,1.6
12,2007,53,5900,5.4,13.6,0.8,4.1,14.7
12,2007,54,11500,1.5,13.2,0.7,1.6,0
12,2007,55,3000,6.5,10.7,0.8,3.7,6.1
12,2007,56,10600,7.3,15.3,0.8,5.1,0.1
12,2007,57,6300,4.4,11.8,0.9,4,1.5
12,2007,58,5100,0.8,8.6,0.7,3.1,3
12,2007,59,11400,2.3,11.2,0.7,1.5,0
12,2007,60,8600,1.7,12.3,0.7,1.9,0
12,2007,61,13100,0.7,17.3,0.7,1.9,0
12,2007,62,17300,4.8,22.4,0.9,2.2,0
12,2007,63,13700,5.3,21.2,0.9,1.4,0
12,2007,64,10300,6.3,22.5,0.9,1.1,0
12,2007,65,15900,4.6,22.5,0.9,1.2,0
12,2007,66,5100,6.5,20.4,1,2.3,0
12,2007,67,16400,6.3,19.3,1,1.4,0
12,2007,68,7300,6.3,15.8,1.1,1.5,0
12,2007,69,17700,3.6,24,0.9,1.5,0
12,2007,70,18100,5.9,24.3,1.1,1.5,0
12,2007,71,17900,7.3,27.9,1.2,1,0
12,2007,72,19400,7.9,27.8,1.3,1.1,0
12,2007,73,19600,8.8,26.1,1,1.4,0
12,2007,74,20200,7.9,29.2,0.8,2.2,0
12,2007,75,20200,6.8,30.4,1.1,1,0
12,2007,76,21600,8.1,29.5,1.2,1.1,0
12,2007,77,21700,9.2,26.2,1.3,1.3,0
12,2007,78,17600,8.5,23.2,1.1,2.9,0
12,2007,79,15000,9.4,20.3,1.1,2.1,0.2
12,2007,80,21800,8.5,20.7,0.5,3.3,0
12,2007,81,19800,7.6,25.9,0.6,2,0
12,2007,82,22700,5.3,28,0.9,1.5,0
12,2007,83,19400,7.7,25.2,1.2,2.2,0
12,2007,84,12900,10.6,20,1.2,2.4,0
12,2007,85,5800,5.3,14.4,1,3.2,7.2
12,2007,86,18600,-0.1,16.1,0.6,2.3,0
12,2007,87,24800,4.3,19.8,0.4,2.9,0
12,2007,88,24200,5.3,24.6,0.6,2.2,0
12,2007,89,23400,4.4,24.1,0.8,1.2,0
12,2007,90,19100,7.1,25.9,1,1.2,0
12,2007,91,14400,11.3,23.3,1.2,1.4,0
12,2007,92,22200,5.9,22.7,0.7,1.6,0
12,2007,93,22200,4.1,26,0.7,1.4,0
12,2007,94,19800,8.9,26.3,1,1.1,0
12,2007,95,22400,8.4,29.7,1.2,1.3,0
12,2007,96,24900,8.4,28.3,1.2,2.1,0
12,2007,97,15700,13.4,22.9,1.2,3.3,0
12,2007,98,21400,8,23.4,1,2.1,0
12,2007,99,22400,11.4,22.3,0.7,2.6,0
12,2007,100,24300,7.1,21.5,0.5,2.2,0
12,2007,101,12300,8.2,17.3,1,2.3,8.5
12,2007,102,24800,3.1,19.1,0.6,2.3,0
12,2007,103,23000,4.6,23.3,0.7,2,0
12,2007,104,9800,7.2,14.1,1,2,6
12,2007,105,25200,6.9,22.1,0.6,3.6,0
12,2007,106,26700,5.8,27.5,0.6,2.2,0
12,2007,107,17000,4.2,19.3,0.9,2,0.6
12,2007,108,20300,-0.4,17.8,0.6,1.3,0
12,2007,109,11200,3.3,15.6,0.8,1.6,1.8
12,2007,110,26900,4.8,21.9,0.7,1.9,0
12,2007,111,6900,9.4,14.7,0.9,2.8,25.8
12,2007,112,20700,6,18.8,0.9,2.3,1.2
12,2007,113,28300,4.3,24.6,0.9,1.4,0
12,2007,114,28100,6.6,27.1,1.1,1,0
12,2007,115,22500,9.3,22.8,1.2,1.1,0
12,2007,116,28400,10.6,28.4,1,2.5,0
12,2007,117,28700,9.4,31.4,1.4,0.9,0
12,2007,118,25700,11.1,32.2,1.5,1,0
12,2007,119,26700,12.8,28.7,1,1.7,0
12,2007,120,29400,10.1,29.5,1.1,1.2,0
12,2007,121,11300,9.3,21.6,1.1,1.7,5
12,2007,122,14800,8,20.3,0.9,2.7,0.2
12,2007,123,18000,3.4,17.5,0.8,1.5,4.4
12,2007,124,21300,7.2,19.9,0.9,1.6,1.6
12,2007,125,30100,6.5,24,0.6,2.6,0
12,2007,126,30600,9.4,30.7,0.8,2.8,0
12,2007,127,30800,15.4,32.8,1.4,2.1,0
12,2007,128,29700,12.2,32.2,1.2,1.4,0
12,2007,129,30700,11,30.4,1.1,2.1,0
12,2007,130,30300,13.8,28.2,1.1,2.1,0
12,2007,131,26100,8.6,28.9,1,1.7,0
12,2007,132,30600,9.8,24.1,1,2.3,0
12,2007,133,31200,7.5,29.1,0.9,1.7,0
12,2007,134,31400,10.6,34.1,1,1.5,0
12,2007,135,28300,11.1,29.9,1.3,1.6,0
12,2007,136,30600,10.2,27.4,1.4,1.6,0
12,2007,137,30800,12.1,26.2,1.2,1.8,0
12,2007,138,28200,11.5,27.5,1.3,1.6,0
12,2007,139,24900,10.9,26.2,1.4,1.1,25.8
12,2007,140,25700,14.3,28.7,1.1,2.1,0.1
12,2007,141,32700,14.8,27.7,0.4,4,0.1
12,2007,142,31600,14.9,27.6,0.3,3.7,0
12,2007,143,32100,11.7,31.4,0.7,2.1,0
12,2007,144,31100,9.7,28.9,1.1,1.1,3.1
12,2007,145,26500,10.9,30.8,1.3,1,0.7
12,2007,146,29700,12.5,30.6,1.5,1.2,0
12,2007,147,30900,12.6,27.8,1.4,1.9,0
12,2007,148,31500,11,31.3,1.3,1.2,10.1
12,2007,149,32900,13,29.7,1.4,1.5,0
12,2007,150,32500,12.8,28.9,1.3,2.1,0
12,2007,151,31400,11.9,28.4,1.4,1.6,0
12,2007,152,31700,12.7,29,1.3,1.7,0
12,2007,153,29000,12,28.8,1.5,1.6,0
12,2007,154,29100,11.6,30.1,1.5,1.4,0
12,2007,155,18900,16.5,26.2,1.5,2.5,0
12,2007,156,13500,11,21.4,1.3,2.9,4.6
12,2007,157,28100,5.9,22.4,0.8,1.7,8.2
12,2007,158,33800,7.7,25.4,0.9,1.6,26
12,2007,159,33600,8.4,27.2,1.1,1.2,0
12,2007,160,23100,11,30.3,1.5,0.9,0
12,2007,161,23800,15.5,31,1.6,1.3,0
12,2007,162,33100,13,32.1,1.3,1.2,0
12,2007,163,32900,11.1,33.9,1.4,1.2,0
12,2007,164,31900,23.5,37.6,1.5,1.7,0
12,2007,165,33100,18.1,35.9,1.5,1.7,0
12,2007,166,33000,16.9,35.4,1.7,1.4,0
12,2007,167,33000,15.9,28.6,1.7,1.8,0
12,2007,168,32200,12.9,35.2,1.1,1.6,0
12,2007,169,33300,11.2,33.5,1.4,0.5,0
12,2007,170,33100,15.7,31.9,1.4,1.7,0
12,2007,171,32800,14.1,27.6,1.3,1.7,0
12,2007,172,33400,12.1,31.4,1.3,1.1,0
12,2007,173,27700,12.88,32.1,1.6,1.3,0
12,2007,174,33700,15.8,30.4,1.4,1.6,0
12,2007,175,33400,11.6,27.9,1.3,1.4,0
12,2007,176,33200,11.6,34.5,1.2,1.6,0
12,2007,177,31800,12.8,32.2,1.3,1.4,0
12,2007,178,32800,14,30.5,1.6,2,0
12,2007,179,31400,15.9,29.9,1.5,2.3,0
12,2007,180,28400,16.9,28.5,1.3,2.6,0
12,2007,181,32600,11.5,28.9,1.3,1.6,0
12,2007,182,29600,10.6,29.5,1.2,1.5,0
12,2007,183,29200,12.6,31.1,1.4,1.2,0
12,2007,184,29400,13.6,33.6,1.7,1.2,0
12,2007,185,29400,15.9,35.1,1.8,1.1,0
12,2007,186,28700,18.6,36,2,0.5,0
12,2007,187,28400,19.08,36.5,2,1.9,0
12,2007,188,29200,15,31.2,1.9,1.5,0
12,2007,189,28800,15.6,31.9,1.9,1.4,0
12,2007,190,28400,17.2,32.5,1.9,1.3,0
12,2007,191,22100,15.4,30.7,1.8,1.4,0
12,2007,192,16500,18.1,28.2,1.6,2,0
12,2007,193,28700,14.4,30.1,1.6,1.7,0
12,2007,194,29000,13,30.6,1.5,1.3,0
12,2007,195,28900,13.4,32.7,1.6,1.4,0
12,2007,196,28500,14.2,33,1.7,1.6,0
12,2007,197,28400,17.5,31.8,1.6,2.5,0
12,2007,198,26900,13.6,27.9,1.6,1.8,0
12,2007,199,16500,17.5,26.1,1.7,2.5,5.7
12,2007,200,28400,13,27.7,1.4,1.1,11.2
12,2007,201,27900,15.2,29.7,1.3,1.8,7.3
12,2007,202,27400,16.8,31.3,1.7,1.6,0
12,2007,203,28000,16.4,33.3,1.8,1.2,0
12,2007,204,27700,17.3,34.7,2.1,1.3,0
12,2007,205,22400,20.2,32.2,2,1.7,0
12,2007,206,28200,14.8,31.5,1.7,1.5,0
12,2007,207,28700,12.1,31.8,1.6,1.2,0
12,2007,208,28500,12.4,33.1,1.6,1.2,0
12,2007,209,28400,11.7,34.3,1.5,1.1,0
12,2007,210,28100,12.6,32.5,1.6,1.3,0
12,2007,211,28000,13.7,32.3,1.6,1.2,0
12,2007,212,27600,14.8,34.4,1.7,1.3,0
12,2007,213,27200,15.4,34.1,1.8,1.1,0
12,2007,214,26300,17,32.6,1.8,1.4,0
12,2007,215,27300,16,34.4,1.8,1.2,0
12,2007,216,27700,15.5,35.6,1.6,1.3,0
12,2007,217,27000,13.9,26.3,1.2,3.1,0
12,2007,218,25400,13.7,22.8,1.5,2,0
12,2007,219,26900,10.3,27.5,1.4,1.3,0
12,2007,220,26600,12,29.3,1.4,1.4,0
12,2007,221,26500,12.1,30.3,1.5,1.3,0
12,2007,222,26700,13,31.9,1.4,1.3,0
12,2007,223,26800,12.7,30.1,1.3,1.9,0
12,2007,224,26700,11.1,30.2,1.2,1.5,0
12,2007,225,26700,10.4,30.5,1.2,1.2,0
12,2007,226,26500,10.7,32.6,1.2,1.1,0
12,2007,227,26000,13.1,32.3,1.3,1.6,0
12,2007,228,25900,11.3,31.1,1.4,1.5,0
12,2007,229,25800,11.7,30.1,1.3,1.2,0
12,2007,230,25700,12.4,29.8,1.2,2.2,0
12,2007,231,23300,15.9,29,1.5,1.8,0
12,2007,232,24700,15.2,32,1.8,1.1,0
12,2007,233,24300,15.47,33,2,1.1,0
12,2007,234,24400,17.5,35.3,1.9,1.1,0
12,2007,235,24900,16.8,35.2,1.9,1.1,0
12,2007,236,24600,17.4,32.9,1.8,1.3,0
12,2007,237,24300,16.8,32.2,1.7,1.6,0
12,2007,238,24400,13.9,31.3,1.5,1.3,0
12,2007,239,24300,11.7,32.6,1.5,1.1,0
12,2007,240,23800,14.4,35,1.5,1.1,0
12,2007,241,22400,17,36.5,1.8,1.1,0
12,2007,242,22800,18.6,35.5,1.8,1.4,0
12,2007,243,5100,20.4,34.5,1.6,1.6,0
12,2007,244,23300,18,35.4,1.5,1.3,0
12,2007,245,23500,13.5,34.1,1.4,1.1,0
12,2007,246,23200,14.1,34.3,1.4,1.4,0
12,2007,247,22900,16.7,29.4,1.6,1.8,0
12,2007,248,22800,17.5,33.3,1.2,2.1,0
12,2007,249,22900,17.9,36.4,1.4,1.5,0
12,2007,250,22600,13.3,27.9,1.6,1.5,0
12,2007,251,22400,12.9,32.5,1.6,1,0
12,2007,252,22200,13.7,30.4,1.6,1.3,0
12,2007,253,22000,12.9,28,1.6,1.2,0
12,2007,254,21400,13.4,30.2,1.7,1.1,0
12,2007,255,21700,13.6,28.8,1.5,2.1,0
12,2007,256,19900,13.1,23.7,1.4,1.9,0
12,2007,257,20700,11.6,25.9,1.3,1.2,0
12,2007,258,21200,10.6,25.9,1.2,1.6,0
12,2007,259,21200,9.3,27.4,1.2,1.1,0
12,2007,260,20600,12.2,29,1.3,1.1,0
12,2007,261,20500,10.4,27.5,1.1,1.7,0
12,2007,262,10800,11,15.7,1.1,2.1,0
12,2007,263,19500,8.01,21.5,1.1,1.6,0
12,2007,264,17700,6.8,24,1.1,1.2,0
12,2007,265,3200,13.2,16.7,1.2,1.6,0
12,2007,266,12000,11.2,21.8,1.4,1.1,0
12,2007,267,16300,8.5,27,0.9,1.6,0
12,2007,268,20000,6.2,30.1,0.9,1,0
12,2007,269,19800,5.8,30.1,1,0.9,0
12,2007,270,19100,7.8,30.7,0.9,1.2,0
12,2007,271,16300,7.3,20.8,1.1,3.3,0
12,2007,272,19300,5.9,23,0.8,1.8,0
12,2007,273,18500,10.29,24.91,0.67,2.91,0.47
12,2007,274,17000,11.3,23.7,1,1.4,0
12,2007,275,18300,0,27.3,1,1.5,0
12,2007,276,18100,8.6,26.2,1,1.1,0
12,2007,277,15800,9.5,20.8,0.8,1.6,0
12,2007,278,14000,5.4,19.6,0.8,1.3,0.2
12,2007,279,17800,2.3,23.4,0.6,1.4,0
12,2007,280,17500,6.7,24.1,0.7,1.6,0
12,2007,281,17500,5.7,26.4,0.8,1,0
12,2007,282,15200,5.7,23.1,0.9,2.3,6.1
12,2007,283,12000,9.6,20.1,1.2,2.2,14.3
12,2007,284,8700,5.9,19.5,1.1,1.2,0.5
12,2007,285,6000,9.3,16.6,1.3,1.1,1.1
12,2007,286,16300,6.3,23.4,1.1,1,0
12,2007,287,16000,8,23.3,1.2,1,0
12,2007,288,9600,11,19.6,1.3,2.3,0.2
12,2007,289,5500,10.3,13.9,1.2,2.2,4.4
12,2007,290,12300,9.6,19.2,1,1.6,0.4
12,2007,291,7300,12.3,18.6,1,2.2,0
12,2007,292,5200,12.5,21,1.5,3.3,0.8
12,2007,293,10800,6,18.3,0.7,2,0
12,2007,294,15100,7.2,23,0.5,3.1,0
12,2007,295,14900,5.8,26.3,0.8,1.2,0
12,2007,296,14700,6.5,30,1,0.9,0
12,2007,297,14700,7.2,29,1,0.8,0
12,2007,298,13500,7.4,26.6,1.1,0.8,0
12,2007,299,12800,8.4,23.7,0.8,1.5,0
12,2007,300,12300,8.4,28.1,0.9,1.3,0
12,2007,301,13100,9.6,27.6,1.1,1.4,0
12,2007,302,8900,11.7,24.2,1.3,1.4,0
12,2007,303,11700,8.4,20.3,1.2,1,0
12,2007,304,12900,5.4,21.7,1.1,0.9,0
12,2007,305,13100,5.1,25.9,0.9,1.6,0
12,2007,306,13400,4.5,26.3,0.7,1.7,0
12,2007,307,13500,5.4,28.9,0.7,1.2,0
12,2007,308,13100,4.5,27.1,0.8,1.1,0
12,2007,309,13000,2.4,26.6,0.7,0.9,0
12,2007,310,12600,3.5,26.4,0.8,0.9,0
12,2007,311,12400,0,26.5,0.9,0.8,0
12,2007,312,11850,3.4,21.6,1,1.1,0
12,2007,313,11300,5.6,18.5,1,1.3,0
12,2007,314,4200,5.1,13.4,1.2,1.1,8.2
12,2007,315,11800,5.9,19.3,1,1.9,3
12,2007,316,7000,6.5,17,1,1.8,0
12,2007,317,10400,9.5,22.7,1.1,0.9,0
12,2007,318,11000,9.1,24.1,1.1,1.2,0
12,2007,319,10200,8,22.1,1.3,1.1,0
12,2007,320,8400,8.3,19.5,1.3,1.1,0
12,2007,321,9000,7.3,19.8,1.1,0.7,0
12,2007,322,10200,6.6,19.7,1.2,1.1,0.1
12,2007,323,4500,7,18.6,1.2,2.2,0
12,2007,324,10600,4.1,17.3,0.5,3,0
12,2007,325,10800,0.2,19.2,0.4,1.5,0
12,2007,326,10800,-0.4,18.5,0.4,2.2,0
12,2007,327,11000,1.6,19.9,0.3,2.3,0
12,2007,328,7000,-1.7,14.4,0.6,1.2,0
12,2007,329,6000,0.6,16.8,0.7,0.9,0
12,2007,330,6200,-2.1,14.5,0.7,1,0
12,2007,331,10000,4.2,18.7,0.6,2.7,0
12,2007,332,9800,3,19.7,0.4,2.7,0
12,2007,333,8400,-1.2,15.6,0.5,1.2,0
12,2007,334,9400,-3.4,14.7,0.4,1.3,0
12,2007,335,8600,-4.5,12.1,0.5,2.2,0
12,2007,336,4800,5.8,13.8,0.6,3.2,0
12,2007,337,6400,10,17.4,0.7,2.9,9.9
12,2007,338,5700,8.8,15.1,1.2,1.7,13.3
12,2007,339,7600,6.1,14.6,1.1,1.1,0.2
12,2007,340,2300,7.1,11.2,1.1,1.7,16.1
12,2007,341,8400,5.5,16,0.7,3.3,4.3
12,2007,342,8800,3.3,14,0.4,3.4,0
12,2007,343,8200,2.1,14.5,0.4,2.3,0
12,2007,344,9200,-0.9,16,0.5,2.2,0
12,2007,345,9000,-0.9,14.2,0.3,2.4,0
12,2007,346,6900,-0.9,14.3,0.6,1,2.03
12,2007,347,8900,1.1,15.8,0.5,1.1,0
12,2007,348,8600,0,10.8,0.7,1.1,0
12,2007,349,7400,-1.9,11.6,0.7,1,0
12,2007,350,6000,1.5,9.6,0.8,2.2,1.1
12,2007,351,2600,7.7,9.9,1,3.4,1.5
12,2007,352,2100,8.7,11,1.1,3.1,25.6
12,2007,353,2500,7.3,10.5,1,3.3,11
12,2007,354,8400,3.3,12.9,0.7,3.4,2.9
12,2007,355,8000,-0.2,10.6,0.5,2.9,0
12,2007,356,4000,-3.3,9.3,0.6,0.9,0
12,2007,357,8200,-0.6,16.2,0.7,0.9,0
12,2007,358,9100,3.1,13.9,0.6,3,0.2
12,2007,359,8200,1.2,11.2,0.5,2.2,0
12,2007,360,8500,-1.1,10.6,0.5,2.6,0
12,2007,361,5550,-2.8,8.9,0.4,2.1,0.7
12,2007,362,2600,2.5,4,0.7,1.2,3.2
12,2007,363,2900,3.4,6.1,0.8,1,6.4
12,2007,364,7100,2.8,10.9,0.7,2.7,0.2
12,2007,365,8900,1.2,12.8,0.5,3.3,0
