*---------------------------------------------------------*
* Weather file for rice yield gap assessment using Oryza(v3)
*      Project: Global Yield Gap Atlas (www.yieldgap.org)
*      Country: USA
*  Station_num: 32
* Station_name: Colusa
*         Year: 2007
*       Source: http://www.cimis.water.ca.gov
*       Author: M. Espe
*         Date: 11-16-2015
*    Longitude: -122.02
*     Latitude: 39.23
*    Elevation: 55
*
*  Columns:
*  1. station number
*  2. year
*  3. day
*  4. average insolation incident on a horizontal surface (kJ m-2 d-1)
*  5. minimum temperature (degrees Celsius)
*  6. maximum temperature (degrees Celsius)
*  7. vapour pressure (kPa)
*  8. mean wind speed (m s-1)
*  9. precipitation (mm d-1)
*---------------------------------------------------------*
-122.02,39.23,55,0,0
32,2007,1,9300,0.1,17,0.8,2.6,0
32,2007,2,6800,3,12.1,0.9,1.5,0
32,2007,3,1500,0.3,16.8,1.1,3.4,0.1
32,2007,4,5500,6.6,16.2,0.8,3.7,0
32,2007,5,8800,1.6,11.7,0.4,4,0
32,2007,6,6800,-1.7,11.2,0.6,1.4,0
32,2007,7,9100,1.2,16.2,0.8,1.9,0
32,2007,8,9800,0.4,18.9,0.9,2.4,0
32,2007,9,9900,-1,16,0.9,0.9,0.1
32,2007,10,7800,-0.6,12.4,0.8,2,0.1
32,2007,11,9800,-2.9,10.1,0.4,2.9,0
32,2007,12,10300,-0.3,7,0.2,5.3,0
32,2007,13,9500,-6.9,9.1,0.2,2,0
32,2007,14,10600,-7.3,11.3,0.4,2.8,0
32,2007,15,11500,-2.4,12,0.4,2,0
32,2007,16,7400,-6.7,9.1,0.5,1.2,0
32,2007,17,11000,-3.1,15.5,0.5,4,0
32,2007,18,10700,4.4,18.4,0.3,4.4,0
32,2007,19,8500,-1.8,12.8,0.6,1.3,0
32,2007,20,10000,-1.4,17.9,0.5,2.7,0
32,2007,21,11600,5.9,15.3,0.3,5.2,0
32,2007,22,12300,-1.2,15.9,0.4,1.5,0
32,2007,23,12100,-3.7,16.4,0.5,0.9,0
32,2007,24,12200,-3.4,16.7,0.6,0.9,0
32,2007,25,12300,-2.6,16.9,0.6,1.1,0
32,2007,26,12300,-3.1,16,0.6,1,0.1
32,2007,27,8500,-2.1,15.8,0.8,1.1,0
32,2007,28,12600,-0.3,15.5,0.7,1.2,0
32,2007,29,12800,2.1,19.9,0.7,2.3,0
32,2007,30,13100,1.4,17.2,0.7,1.3,0
32,2007,31,13400,-1.7,15.9,0.8,1.3,0
32,2007,32,12700,-0.7,11.9,0.8,1.3,0
32,2007,33,11300,-0.8,13.5,0.8,1.1,0
32,2007,34,10900,-1.9,15.9,0.8,1.1,0.1
32,2007,35,11600,0.4,19.1,0.7,0.9,0
32,2007,36,8700,1.3,18.3,0.9,0.9,0
32,2007,37,11500,2.3,18.8,1,1.5,0
32,2007,38,3600,10.7,14.8,1.3,3.3,4.6
32,2007,39,2500,7.7,12.5,1.3,2.3,10.6
32,2007,40,4900,11.9,13.2,1.5,3.4,7.6
32,2007,41,2800,11.7,15,1.6,4.5,9.9
32,2007,42,8200,7.4,17.3,1,3,0
32,2007,43,4000,4.9,14.1,1.1,1.7,4.9
32,2007,44,11900,5.2,17,1,1.8,0.1
32,2007,45,9200,3.6,17,0.9,1.6,0
32,2007,46,10000,5.3,18.2,1.1,1.2,0
32,2007,47,14800,5.03,28.3,1.1,3.5,0
32,2007,48,14500,10.1,21.3,1.1,3.1,0
32,2007,49,15600,6.2,19.1,0.9,3.3,0
32,2007,50,16000,4.4,17.5,0.6,4.8,0
32,2007,51,7000,3.9,16.7,0.9,2.9,0
32,2007,52,3200,8.9,14.3,1,4.7,0.1
32,2007,53,8300,5.3,13.2,0.8,4.2,8.3
32,2007,54,10500,-2,13.3,0.6,1.4,0
32,2007,55,3100,5.9,11.6,0.9,4.6,4.6
32,2007,56,7400,7.1,14.4,0.8,4.4,0.1
32,2007,57,7500,4.8,11.4,0.9,3.3,4.2
32,2007,58,4400,1.6,10.1,0.7,3.4,2.3
32,2007,59,10100,0,11.4,0.7,1.6,0
32,2007,60,7900,-0.4,13.1,0.7,2.1,0
32,2007,61,12000,0.3,16.7,0.8,2,0
32,2007,62,16800,6.6,21,0.9,2.8,0
32,2007,63,11100,4.4,19.6,1,1.2,0
32,2007,64,13600,6.5,22.1,1,1.3,0
32,2007,65,14900,3.7,22.7,0.9,1.4,0
32,2007,66,5100,6.9,22.2,1,2.8,0
32,2007,67,15100,3.5,19.2,0.9,1.8,0
32,2007,68,7300,6.4,16,1,1.7,0
32,2007,69,15400,3.3,22.8,1,1.6,0
32,2007,70,17100,6.8,26.5,1.1,1.4,0
32,2007,71,17100,7.5,27.5,1.2,1.1,0
32,2007,72,18100,7.8,28.1,1.3,1.2,0
32,2007,73,19400,7.7,25.6,1.2,1.2,0
32,2007,74,19700,5.7,29.2,0.9,2.3,0
32,2007,75,20800,7.1,29.4,1.1,1.1,0
32,2007,76,20900,7.1,29.1,1.2,1.4,0
32,2007,77,21400,8.7,25.4,1.2,2,0
32,2007,78,15200,7.7,25.1,1.1,2.8,0
32,2007,79,18200,9.5,19.4,1.2,2.3,1.6
32,2007,80,22700,8.3,20.4,0.6,5.1,0
32,2007,81,21900,8.9,26.4,0.6,3,0
32,2007,82,21400,4.9,29.2,0.9,1.8,0
32,2007,83,19800,6.9,26,1.2,2.6,0
32,2007,84,10700,10.1,21.4,1.2,2.2,0
32,2007,85,8200,4.9,15.7,1,3.8,0.5
32,2007,86,15100,-1.6,17.6,0.6,2.5,0
32,2007,87,23500,4.7,19.9,0.5,4.4,0
32,2007,88,24000,5.3,25.5,0.6,3,0
32,2007,89,24200,6.5,24.6,0.9,1.6,0
32,2007,90,21300,5.4,26.8,1,1.4,0
32,2007,91,17100,8.8,24.4,1,1.8,0
32,2007,92,22500,3.8,23.6,0.7,1.6,0
32,2007,93,21500,3.2,26.8,0.7,1.8,0
32,2007,94,20500,8.1,26.5,0.9,1.5,0
32,2007,95,21700,8.5,29.1,1,1.9,0
32,2007,96,23700,7.4,29.3,1.2,2.5,0
32,2007,97,19400,13.2,25,1.2,3.5,0
32,2007,98,18600,7.1,24.7,1,2.3,0
32,2007,99,24000,9.7,22.5,0.8,2.5,0
32,2007,100,23600,3.7,22.2,0.5,2.4,0
32,2007,101,10700,6.3,16.9,1,2.7,10.6
32,2007,102,23400,1.2,19.4,0.6,2.4,0
32,2007,103,21000,3.8,24.1,0.7,2.3,0
32,2007,104,13400,7.2,14.1,1.1,2.7,5.6
32,2007,105,25600,4,21.6,0.7,5,0.1
32,2007,106,25700,6.4,28.1,0.7,3.4,0
32,2007,107,14100,5.3,20.7,0.8,3.5,0
32,2007,108,21100,0.7,17.8,0.6,1.4,0
32,2007,109,11600,3.4,16.2,0.7,2,0
32,2007,110,25600,7.9,22.2,0.7,2.5,0
32,2007,111,5100,9.2,16,1,3.6,8.6
32,2007,112,18800,6.4,17.6,1.1,2.2,0.2
32,2007,113,26600,3.4,24.2,1,1.9,0.1
32,2007,114,27500,8.3,26.5,1.1,1.4,0
32,2007,115,22200,10.9,23.8,1.3,1.5,0
32,2007,116,27500,7.6,30.1,1,2.8,0
32,2007,117,28300,8.5,31.1,1.3,1.3,0
32,2007,118,26900,12.6,32.2,1.3,1.7,0
32,2007,119,26700,16.4,30.2,1.1,2.8,0
32,2007,120,28900,9.6,30.9,1,2.1,0
32,2007,121,7200,10.8,23.9,1,2.4,4.3
32,2007,122,16000,5.5,20.8,1,3.5,0.1
32,2007,123,14700,2.9,18.8,0.8,2.1,4.4
32,2007,124,22400,7.9,19.6,1,1.9,2.3
32,2007,125,28300,6,24.5,0.7,4.1,0.1
32,2007,126,30500,11.6,31.3,1,4.5,0
32,2007,127,30700,16.3,34.5,1.3,3.6,0
32,2007,128,23900,15.8,34.1,1.2,2.3,0
32,2007,129,28800,15.5,32.7,1.1,2.6,0
32,2007,130,27200,11.5,29,1.1,2.8,0
32,2007,131,24400,9.3,29.6,1.1,2.4,0
32,2007,132,28200,8.9,25.5,1,3.1,0
32,2007,133,30900,6.9,30.1,0.9,2.4,0
32,2007,134,31300,8.8,33.4,0.9,1.6,0
32,2007,135,29300,13.7,30.9,1.3,2.7,0
32,2007,136,29900,10.2,28.6,1.3,2.2,0
32,2007,137,29800,12,27.5,1.1,2.4,0
32,2007,138,29000,12.6,28.8,1.2,2.5,0
32,2007,139,24800,12.8,30,1.2,1.7,0
32,2007,140,20400,13.8,29.6,1.2,2,0
32,2007,141,32700,13.2,28.9,0.6,4.8,0
32,2007,142,32500,15,28.2,0.6,5.8,0
32,2007,143,31800,14.6,31,0.7,3.6,0
32,2007,144,31000,10.5,31.7,1,1.7,0
32,2007,145,27100,13.7,32.7,1.2,1.8,0
32,2007,146,28900,11.8,32.3,1.3,2.4,0
32,2007,147,30800,11.8,29,1.3,2.5,0
32,2007,148,31800,11.4,33.6,1.1,2.2,0
32,2007,149,32300,13.1,31.6,1.3,2.5,0
32,2007,150,31500,11.8,30,1.3,3,0
32,2007,151,31800,11.4,30.1,1.3,2.7,0
32,2007,152,30300,11.6,29.6,1.3,2.7,0
32,2007,153,28900,10.2,30,1.3,2.4,0
32,2007,154,24900,10.5,31.4,1.4,2.2,0
32,2007,155,10700,15.3,29.9,1.5,3.2,0
32,2007,156,15700,11,24,1.3,2.9,10.8
32,2007,157,24500,6.6,23,0.9,1.6,0
32,2007,158,32000,8.9,27.5,1,2,0
32,2007,159,33400,11,29.7,1,1.8,0
32,2007,160,19900,11.7,32.5,1.3,1.4,0
32,2007,161,27800,15.7,32.8,1.4,2,0
32,2007,162,32900,12.5,33.6,1.1,1.8,0
32,2007,163,32700,12.4,35,1.2,1.9,0
32,2007,164,32200,15.6,38.3,1.5,2.3,0
32,2007,165,32600,17.9,37.7,1.5,2.2,0
32,2007,166,32700,17.8,38.2,1.6,2.4,0
32,2007,167,32500,15.8,29.7,1.5,3.1,0
32,2007,168,31900,13.9,35.4,1.1,2.4,0
32,2007,169,32900,13.5,37.1,1.1,1.7,0
32,2007,170,31900,17.2,34.1,1.1,3,0
32,2007,171,32700,14.1,30.5,1.2,2.8,0
32,2007,172,32800,12.8,33.7,1.4,2,0
32,2007,173,29100,13.2,33.4,1.3,2,0
32,2007,174,33000,15,32.9,1.2,2.3,0
32,2007,175,33000,11.4,30.1,1.1,1.7,0
32,2007,176,32800,13.4,34.9,1.1,2.4,0
32,2007,177,30000,14.1,35.2,1.2,2.4,0
32,2007,178,32400,15.2,32.9,1.3,2.7,0
32,2007,179,26500,15.6,32.9,1.4,3.4,0
32,2007,180,27900,16.5,30.5,1.4,3.5,0
32,2007,181,32400,14.3,30.6,1.3,2.7,0
32,2007,182,29500,13.7,31.3,1.2,2.5,0
32,2007,183,28900,15.3,33.1,1.3,1.9,0
32,2007,184,29500,15.4,37.3,1.5,1.5,0
32,2007,185,29600,17.4,38.5,1.8,1.5,0
32,2007,186,28900,18.6,41.1,1.9,1.7,0
32,2007,187,29000,20.2,39.3,1.8,3.2,0
32,2007,188,29400,14.6,32.7,1.6,2.1,0
32,2007,189,29000,14.8,34.8,1.7,2.4,0
32,2007,190,28800,17.1,34.3,1.7,2.3,0
32,2007,191,25600,14.4,32.8,1.6,2.3,0
32,2007,192,20900,18.1,29.6,1.5,2.8,0
32,2007,193,28800,15.5,31.8,1.4,2.4,0
32,2007,194,28900,14.7,32.9,1.4,2.3,0
32,2007,195,29000,14.8,34.7,1.5,2.5,0
32,2007,196,28500,16.6,35.2,1.5,2.4,0
32,2007,197,28700,16.9,33.3,1.5,3.8,0
32,2007,198,24600,14.8,29.2,1.5,2.5,0
32,2007,199,25100,17.7,28,1.7,3,4.1
32,2007,200,28400,14.5,30.6,1.5,1.7,0
32,2007,201,27400,15.8,31.8,1.5,2.8,0
32,2007,202,27000,18,33.2,1.7,2.7,0
32,2007,203,27500,18.2,35.6,1.8,2.1,0
32,2007,204,27500,17.5,36.7,1.9,2.3,0
32,2007,205,27000,20.9,32.8,1.8,2.8,0
32,2007,206,28600,15.4,33.4,1.5,2.4,0
32,2007,207,28300,11.6,34.3,1.4,2.1,0
32,2007,208,28700,12.1,35.8,1.3,1.8,0
32,2007,209,28600,12.8,36.3,1.4,2,0
32,2007,210,28500,13.2,35,1.4,2,0
32,2007,211,28200,14.4,36.5,1.5,1.5,0
32,2007,212,28000,15.7,37.3,1.5,1.9,0
32,2007,213,27600,15.9,37.7,1.4,2,0
32,2007,214,26700,16.4,34.1,1.6,2.4,0
32,2007,215,27800,15.8,36.9,1.6,2,0
32,2007,216,27900,17.3,39.6,1.2,2.4,0
32,2007,217,26700,14.1,29.7,1.3,4.8,0
32,2007,218,25100,13.6,23.7,1.4,2.3,0
32,2007,219,26600,11.4,29,1.3,2.2,0
32,2007,220,26200,12.8,31.1,1.3,2.6,0
32,2007,221,26700,11.2,32.1,1.3,2.2,0
32,2007,222,27100,16.2,34.1,1.4,2.2,0
32,2007,223,26900,15.6,32.2,1.3,3.2,0
32,2007,224,27000,13.2,31.7,1.3,2.6,0
32,2007,225,27100,10.6,33.5,1.1,2.1,0
32,2007,226,26700,11.2,34.6,1.1,1.8,0
32,2007,227,25900,15.6,34.3,1.3,2.4,0
32,2007,228,26000,13.9,33.3,1.3,2.2,0
32,2007,229,26100,12,32.6,1.3,1.9,0
32,2007,230,25600,16,31.8,1.3,3,0
32,2007,231,23500,15.2,30.6,1.4,2.5,0
32,2007,232,24600,16.7,33.9,1.7,1.8,0
32,2007,233,24500,17.2,36.6,1.7,1.5,0
32,2007,234,24700,17.7,38,1.8,1.6,0
32,2007,235,25100,17.5,38.9,1.6,1.5,0
32,2007,236,24900,17.3,34.8,1.6,2.3,0
32,2007,237,24700,17.1,35.5,1.6,2.7,0
32,2007,238,24700,14.7,33.2,1.4,2.4,0
32,2007,239,24400,11.5,34.5,1.4,1.3,0
32,2007,240,23700,15.17,38.3,1.4,1.7,0
32,2007,241,21200,19.1,39,1.8,1.2,0
32,2007,242,22700,19.6,38.9,1.8,2.1,0
32,2007,243,5700,20.2,38.6,1.7,2.6,0
32,2007,244,23600,17.3,37.9,1.4,2,0
32,2007,245,23800,13.9,36.6,1.4,1.3,0
32,2007,246,23400,14.2,37,1.4,1.9,0
32,2007,247,23000,15,31.1,1.5,2.1,0
32,2007,248,23100,17.4,34.2,1.2,3.6,0
32,2007,249,22500,17.2,36.6,1.2,2,0
32,2007,250,22600,15.7,29.2,1.5,2.3,0
32,2007,251,22200,13.5,35.7,1.5,1.8,0
32,2007,252,22400,13.1,32.6,1.5,2.3,0
32,2007,253,21700,13.3,30.2,1.5,2.2,0
32,2007,254,21500,12.5,33.2,1.5,1.8,0
32,2007,255,21500,14.8,30.3,1.5,2.9,0
32,2007,256,15100,13.4,25.4,1.4,1.9,0
32,2007,257,19000,12.4,27.1,1.3,1.4,0
32,2007,258,20400,12.4,26.5,1.2,2.4,0
32,2007,259,20800,8.8,28.1,1.3,1.4,0
32,2007,260,20800,12.2,29.6,1.3,1.4,0
32,2007,261,20900,12.1,28.6,1.2,2.3,0
32,2007,262,8700,9,19.8,1.2,2.6,6.3
32,2007,263,19900,0,21.3,1.2,1.6,0
32,2007,264,18200,8.2,24.2,1.2,1.3,0
32,2007,265,3700,11.3,17.3,1.4,1.8,3.4
32,2007,266,15900,11.1,22.1,1.4,1.6,0
32,2007,267,18200,9.1,26.5,1,1.9,0.1
32,2007,268,20100,6,29.9,0.9,1.2,0
32,2007,269,19900,7.6,30.6,1,1.1,0
32,2007,270,19000,8.4,31.7,1,1.5,0
32,2007,271,12900,7.4,22.5,1.1,3.9,0
32,2007,272,19200,5.9,23.3,0.7,2.4,0
32,2007,273,17900,3.8,26.1,0.7,2.3,0
32,2007,274,18200,11.6,23.6,1.1,2.2,0.5
32,2007,275,18400,6.9,28.9,0.8,1.7,0
32,2007,276,18200,8,26.8,1,1.5,0
32,2007,277,15600,6.2,22.1,0.9,2,0
32,2007,278,14500,4.8,20.5,0.8,1.9,0
32,2007,279,17400,3.3,23.2,0.6,1.9,0
32,2007,280,17400,7.8,24.6,0.7,1.6,0
32,2007,281,17400,5.3,26.3,0.8,1.2,0
32,2007,282,9900,7.7,24,1,2.9,7
32,2007,283,11600,9.6,20.3,1.3,2.3,7.3
32,2007,284,6300,6.7,18.8,1.2,1.5,0.1
32,2007,285,8200,9.2,15.1,1.3,1.4,5.9
32,2007,286,16500,6.4,23.6,1.2,1.4,0
32,2007,287,16000,8.4,22.9,1.3,1.2,0
32,2007,288,8200,10.9,20.9,1.3,2.9,0
32,2007,289,6700,8.6,14,1.2,2.9,2.6
32,2007,290,13400,7.88,17.38,1.19,2.3,0.22
32,2007,291,6300,7.46,23.48,1.31,3.04,0.17
32,2007,292,5400,8.05,19.65,1.64,2.9,0.46
32,2007,293,12900,6.21,16.99,1.12,2.75,2.45
32,2007,294,15000,11.6,23.7,0.6,5.6,0
32,2007,295,14800,0,25.6,0.9,0.7,0
32,2007,296,14900,6.1,28.7,1,1,0
32,2007,297,14800,6.7,27.8,1.2,0.9,0
32,2007,298,12200,7.9,27,1.2,0.9,0
32,2007,299,12000,9.3,24,0.8,2.2,0
32,2007,300,12900,6.9,27.3,1,1.5,0
32,2007,301,13300,8.6,27.2,1.1,1.8,0
32,2007,302,8400,10.2,24.9,1.3,1.7,0.9
32,2007,303,11300,9.5,19.8,1.3,1.3,0
32,2007,304,13100,8.2,21.8,1.2,0.9,0.2
32,2007,305,13100,6,26.1,1,2.3,0.1
32,2007,306,13500,6.1,26.2,0.8,1.9,0
32,2007,307,13500,5.3,28.2,0.7,1.4,0
32,2007,308,13400,4.7,26.5,0.8,1.1,0
32,2007,309,13000,3.9,26.1,0.9,1.1,0
32,2007,310,12700,5,25.9,0.9,1.2,0
32,2007,311,12500,4.7,28.5,0.9,0.9,0
32,2007,312,11500,4.9,20.7,1.1,1.5,0
32,2007,313,10700,5.5,17.6,1.1,1.3,0
32,2007,314,3300,5.8,12.9,1.2,1.5,12.1
32,2007,315,12100,5.3,19.1,1.1,2.4,2.6
32,2007,316,6300,5.3,15.4,1,1.4,0
32,2007,317,10600,7,20.5,1.2,1.1,0
32,2007,318,10800,7,23.5,1.2,1.4,0
32,2007,319,7100,7.5,21.6,1.4,1.3,0
32,2007,320,7800,9.8,18.4,1.4,1,0
32,2007,321,9000,8,18.2,1.3,1.1,0
32,2007,322,9300,6.8,15.9,1.3,1.3,0.2
32,2007,323,9500,9.1,19.8,1.2,3,0.1
32,2007,324,10800,6.7,16.8,0.5,4.6,0
32,2007,325,10900,1.7,18.2,0.5,1.9,0
32,2007,326,10900,-0.7,18.3,0.5,2.6,0
32,2007,327,11100,6.7,19.8,0.4,4.1,0
32,2007,328,6500,-2.1,14.7,0.6,0.9,0
32,2007,329,8200,1.6,15.4,0.7,1,0
32,2007,330,7100,-0.9,14.8,0.7,1,0
32,2007,331,10000,2.5,18.4,0.7,2.9,0
32,2007,332,9600,2.5,19.1,0.5,3.7,0
32,2007,333,8200,-0.7,16.8,0.6,1.4,0
32,2007,334,10000,-2.9,14,0.5,1.4,0
32,2007,335,9800,-4.2,12.4,0.5,2.1,0
32,2007,336,3500,4.5,14.3,0.6,3.6,0
32,2007,337,3100,9.6,17.2,0.7,3.6,3.6
32,2007,338,5900,8.8,13.9,1.2,1.9,5.1
32,2007,339,8900,5.5,17.7,1.1,1.2,0.6
32,2007,340,2200,8.3,10.9,1.2,2.2,0
32,2007,341,8600,6.7,15.4,0.9,3.6,0
32,2007,342,9200,-0.3,12.8,0.6,4.4,0.2
32,2007,343,8900,4.6,14.1,0.5,3.9,0
32,2007,344,9200,-1.3,15.9,0.6,3.3,0
32,2007,345,8800,-0.5,13.4,0.4,3.9,0
32,2007,346,7800,0.1,12,0.6,1.2,0
32,2007,347,8900,0,16.1,0.6,2.2,0
32,2007,348,8600,-2.9,11.7,0.6,1.1,0
32,2007,349,6600,-2.1,12.1,0.7,0.8,0
32,2007,350,3600,4,10.5,0.9,2.5,0
32,2007,351,3300,7.2,10.1,1,3.9,1.2
32,2007,352,3700,4.8,12.5,1.1,3.5,14.9
32,2007,353,2400,4.9,11.4,1,3.5,3.7
32,2007,354,8800,3.7,13.6,0.8,2.9,0.3
32,2007,355,8300,0.8,10.4,0.5,3.4,0
32,2007,356,5100,-2.8,7.1,0.6,1,0
32,2007,357,7700,-0.8,14.5,0.7,1,0
32,2007,358,9200,2.8,14.2,0.7,3.3,0
32,2007,359,7600,2.2,11.5,0.5,2.9,0
32,2007,360,8800,-2.7,11.4,0.5,2.6,0
32,2007,361,5850,-2.2,8.4,0.5,2.2,2.4
32,2007,362,2900,2.9,4.3,0.7,1,2.5
32,2007,363,3400,3.6,5.1,0.8,1.1,2
32,2007,364,8500,3.3,10.8,0.8,2.2,0
32,2007,365,9000,0.3,12.8,0.5,4,0
