*---------------------------------------------------------*
* Weather file for rice yield gap assessment using Oryza(v3)
*      Project: Global Yield Gap Atlas (www.yieldgap.org)
*      Country: USA
*  Station_num: 30
* Station_name: Nicolaus
*         Year: 2000
*       Source: http://www.cimis.water.ca.gov
*       Author: M. Espe
*         Date: 11-16-2015
*    Longitude: -121.54
*     Latitude: 38.87
*    Elevation: 32
*
*  Columns:
*  1. station number
*  2. year
*  3. day
*  4. average insolation incident on a horizontal surface (kJ m-2 d-1)
*  5. minimum temperature (degrees Celsius)
*  6. maximum temperature (degrees Celsius)
*  7. vapour pressure (kPa)
*  8. mean wind speed (m s-1)
*  9. precipitation (mm d-1)
*---------------------------------------------------------*
-121.54,38.87,32,0,0
30,2000,1,8000,-1.8,11.7,0.8,1.7,0
30,2000,2,9900,-2.1,13,0.6,1.5,0.3
30,2000,3,10300,-2.2,13.5,0.6,1.6,0
30,2000,4,6500,1,13,0.8,1.8,0.7
30,2000,5,11400,-3.6,15.4,0.6,4.3,0.1
30,2000,6,8100,-3.5,12.6,0.7,1.6,0
30,2000,7,10000,-1.3,15.5,0.7,1.3,0
30,2000,8,8900,-2,12.9,0.8,1.5,0
30,2000,9,7200,-0.8,12.6,0.9,1.7,0
30,2000,10,4500,3.6,15.4,1.1,3.9,0
30,2000,11,2100,7.5,11.8,1.1,1,11.2
30,2000,12,5900,3.3,11.2,0.9,1.4,0
30,2000,13,4800,3.4,16.3,1,2.5,0
30,2000,14,4000,5.3,16,1.1,2,0
30,2000,15,4200,9.3,14.9,1.2,1.5,5.1
30,2000,16,8900,3.1,15.5,1,3.4,3.7
30,2000,17,7000,3.2,9.3,1,1.7,2.1
30,2000,18,5600,8.2,13.4,1.3,1.5,17.4
30,2000,19,3100,9.8,15.5,1.5,2.1,2.1
30,2000,20,8000,5.7,15.2,1.2,1.7,0
30,2000,21,5500,4.7,15.4,1.1,2.4,0.2
30,2000,22,7600,5.5,10.2,1.1,1.7,0.5
30,2000,23,1400,8.4,11.6,1.3,2.9,19.1
30,2000,24,3300,9.6,11.4,1.3,0.4,44.3
30,2000,25,6500,8,14.9,1.3,0.9,0.2
30,2000,26,12400,6.1,14.8,1.2,1.5,0
30,2000,27,13000,3.2,14.9,1,1.4,0
30,2000,28,10500,2.3,14.3,0.8,1.5,0
30,2000,29,12000,0.4,15.2,0.9,1.2,0
30,2000,30,5100,7.6,13.6,1.1,4.2,20.3
30,2000,31,3900,8,11.7,1,2.4,2
30,2000,32,6700,5.2,15.6,1.1,1.9,0
30,2000,33,13700,3,17.6,1.1,1.7,0.2
30,2000,34,2400,4.1,12.4,1.1,1.9,7.4
30,2000,35,5900,5,14,1.2,1.3,0
30,2000,36,3800,6,15.6,1.2,2.6,1
30,2000,37,12500,5,17.1,1.1,1.7,0.1
30,2000,38,10700,3.8,17.4,1.1,1.3,0.2
30,2000,39,10000,6.4,16.6,1.3,1.3,0
30,2000,40,4400,9,14.7,1.4,1.5,1.2
30,2000,41,6100,7.9,12.8,1.3,2.7,24.7
30,2000,42,2700,6.9,11.3,1.1,4.1,21.5
30,2000,43,5600,7.9,12.2,1.2,4.4,4
30,2000,44,2800,10,13.5,1.3,7.5,23.8
30,2000,45,6600,9.6,15.7,1.3,6.5,14.2
30,2000,46,10300,5.6,14.4,1.2,1.6,0
30,2000,47,4000,8.2,10.9,1.2,1.8,8
30,2000,48,10700,5.3,15.2,1,1.2,0
30,2000,49,16900,1.7,16.1,1,1.3,0.1
30,2000,50,13100,2.6,16.6,1,1.6,0.1
30,2000,51,4200,9.8,17.3,1.2,3.2,8.2
30,2000,52,13600,4.7,16.8,1,2.7,0.4
30,2000,53,2600,8.6,12.2,1.2,5.5,30.2
30,2000,54,12200,4.7,13.1,0.9,2.1,6.9
30,2000,55,7300,3,10.3,0.9,2.3,0.9
30,2000,56,8200,6.4,14.4,1,1.6,0.2
30,2000,57,4100,10.5,15.5,1.3,3.5,15.2
30,2000,58,10300,7.9,14.6,1.2,4.4,6.8
30,2000,59,12900,6.4,14.9,1,3.2,0
30,2000,60,14200,5.6,15.8,1.1,2.8,9.8
30,2000,61,17000,2.4,16.1,1,1.7,0
30,2000,62,9600,4.6,10.6,1,1.9,1.6
30,2000,63,19400,3.9,16,1.1,1.9,0.1
30,2000,64,8500,5.6,16.6,1.2,3.4,16.4
30,2000,65,5800,8,11.6,1.2,2.9,10.3
30,2000,66,7900,6.7,11.9,1,2.1,0
30,2000,67,5800,7.5,12.1,1,3.4,7
30,2000,68,6300,5.4,13,1,3.6,8.7
30,2000,69,11500,7,14.8,1.1,3.8,5.2
30,2000,70,10800,3,14.5,1.1,1.6,1.8
30,2000,71,16200,8,17.1,1.3,1.8,0.4
30,2000,72,21000,5.1,20.6,1.1,1.6,0.1
30,2000,73,20200,5.7,21.8,1.2,1.4,0
30,2000,74,18800,7.8,21.8,1.3,2.3,0
30,2000,75,21300,5,22.9,1,2.2,0
30,2000,76,20700,9.3,21.8,1,2.7,0
30,2000,77,21600,2.7,20.7,0.8,3.6,0
30,2000,78,21700,4.8,24.3,1.1,1.5,0
30,2000,79,19800,9.8,19.8,1,3.7,0
30,2000,80,22900,7.6,18.8,0.5,7,0
30,2000,81,23500,7.6,23.5,0.6,5.4,0
30,2000,82,21000,4.4,22.4,1,2.4,0
30,2000,83,19200,7.1,20.2,1.1,2.8,0
30,2000,84,22200,3.2,20.3,1,1.9,0
30,2000,85,21100,6.5,20.2,1.1,2.3,0
30,2000,86,22200,3.8,22.9,1.1,1.8,0
30,2000,87,18000,8,15.9,1.1,3.5,0
30,2000,88,18600,6.7,19.2,1.1,1.8,0
30,2000,89,24300,5.3,22.1,1,1.8,0
30,2000,90,25500,5.6,23.6,0.7,4.6,0
30,2000,91,24900,7.7,26.1,0.6,4.9,0
30,2000,92,23200,9.2,28.3,0.8,3.2,0
30,2000,93,24700,9.98,27.2,1.23,2.04,0.75
30,2000,94,22100,6.8,30.5,1.2,1.9,0
30,2000,95,19200,9.4,22.7,1.2,3.8,0
30,2000,96,20900,4.8,24.5,1.2,2.2,0
30,2000,97,24100,6.9,24.5,1.1,2.3,0
30,2000,98,24300,4.8,26.8,1.1,1.6,0
30,2000,99,19300,8.1,22.5,1.2,4.3,0
30,2000,100,24600,6.2,23.8,1.1,2.1,0
30,2000,101,25400,4.7,28.1,1.1,1.8,0
30,2000,102,20700,9,26.8,1.3,1.6,0
30,2000,103,13300,13.6,26.4,1.3,2.4,10.3
30,2000,104,15800,10.1,20.6,1.3,3.2,1.4
30,2000,105,15600,9.1,19.9,1.2,1.7,0
30,2000,106,11900,9.9,17.4,1.2,3,0
30,2000,107,6600,10.3,19.3,1.2,3.4,4.7
30,2000,108,17400,6.5,13.1,1.2,3.1,19.9
30,2000,109,24100,4.4,17.9,1.1,1.9,0.1
30,2000,110,21700,6.4,20.6,1.1,1.4,0
30,2000,111,25300,6.6,23.4,1.2,1.3,0
30,2000,112,26800,5.9,25.9,1.3,2.8,0
30,2000,113,23100,8.4,21.8,1.2,4.2,0
30,2000,114,28600,3.1,20.9,1,1.7,0
30,2000,115,28900,3,25.9,0.9,1.9,0
30,2000,116,24400,7.9,26.1,1.1,2,0
30,2000,117,29200,14,29.7,1,1.8,0
30,2000,118,17200,8.7,23.9,1,3.6,0
30,2000,119,27300,1.1,19.7,0.7,2.1,0
30,2000,120,29600,2.5,26.2,0.8,1.7,0
30,2000,121,29400,5.7,27.8,1,1.8,0
30,2000,122,24300,6.3,27.6,1,2,0
30,2000,123,23500,8.1,27.4,1.3,1.9,0
30,2000,124,28800,10.2,28.2,1.3,3.1,0
30,2000,125,25100,12.7,26.4,1.2,3,0
30,2000,126,24700,10.9,23.5,1.1,2.9,0
30,2000,127,10800,8.5,17.9,1,3.3,6.6
30,2000,128,6600,9.4,14.8,1.4,1.4,7.1
30,2000,129,20500,11.5,22.7,1.6,2.5,2.2
30,2000,130,20700,10.8,23,1.2,3.3,0
30,2000,131,26600,5.3,17.9,0.8,3.1,0
30,2000,132,30900,1.1,20.9,0.7,1.9,0
30,2000,133,25500,5.7,22.9,0.9,1.5,0
30,2000,134,18900,9.6,23.4,1,1.6,0
30,2000,135,8200,8.3,18.9,1.3,2.1,7.5
30,2000,136,16600,10.6,16.8,1.4,2.2,4.3
30,2000,137,20300,0,16.9,1.5,2.7,0
30,2000,138,29600,9.8,24.3,1.3,1.8,0
30,2000,139,30500,8.2,29.7,1.4,1.6,0
30,2000,140,29600,12.4,32.4,1.6,1.7,0
30,2000,141,29800,14.2,35.1,1.7,1.5,0
30,2000,142,31200,14.3,37.8,1.9,1.2,0
30,2000,143,29500,17.2,37.7,2,1.3,0
30,2000,144,23400,20.4,37.4,2,2.3,0
30,2000,145,27900,17,31.9,1.8,3.6,0
30,2000,146,30100,14.4,28.6,1.4,2.9,0
30,2000,147,29200,14.8,30.4,1.5,2.7,0
30,2000,148,31400,14,31.6,1.6,3.3,0
30,2000,149,31400,14.7,30.5,1.5,2.7,0
30,2000,150,32600,12.3,28.5,1.1,2.6,0
30,2000,151,32900,11,25.5,1.1,2.2,0
30,2000,152,32700,13,27.3,0.9,3.4,0
30,2000,153,32300,10.8,30.1,1.2,1.9,0
30,2000,154,30300,14.5,30.3,1.2,2.7,0
30,2000,155,29200,10.6,30.9,1.3,2.3,0
30,2000,156,27600,12.4,30.1,1.3,3.5,0
30,2000,157,28000,10.6,27.3,1.3,3.9,0
30,2000,158,31600,11.9,28.1,1.3,3,0
30,2000,159,19700,12.8,24.4,1.4,4.2,0
30,2000,160,17300,13.4,21.5,1.5,2.6,3.2
30,2000,161,28500,11.7,24,1.3,3.8,0
30,2000,162,30500,12.6,26.2,1.3,2.4,0
30,2000,163,27800,10.4,27.1,1.4,1.7,0
30,2000,164,28600,16,30.7,1.6,2,0
30,2000,165,32400,18.7,36.2,1.4,5.4,0
30,2000,166,32700,17.1,39,1.9,2.1,0
30,2000,167,30300,18.6,37.2,2.1,1.8,0
30,2000,168,29300,18.5,35,1.6,2.6,0
30,2000,169,24900,15.9,33,1.7,2.7,0
30,2000,170,21300,14.6,26.3,1.6,4.4,0
30,2000,171,30000,13.1,32.6,1.8,1.6,0
30,2000,172,31000,15,36,1.8,0.5,0
30,2000,173,28900,17.3,35.9,1.8,1.6,0
30,2000,174,28800,15.1,31.5,1.6,3.4,0
30,2000,175,27900,12.7,30.1,1.6,3,0
30,2000,176,27400,14.1,32.1,1.7,2.4,0
30,2000,177,28000,14.2,33.3,1.8,2.1,0
30,2000,178,28700,14.9,34.6,1.8,2.3,0
30,2000,179,28800,16.6,35.2,1.8,1.9,0
30,2000,180,27500,17.7,34.8,1.8,2.4,0
30,2000,181,25500,15.5,31,1.8,3.6,0
30,2000,182,27400,13.3,28,1.5,4,0
30,2000,183,29500,12.6,27.3,1.5,3.8,0
30,2000,184,27400,12.3,24.8,1.4,3.9,0
30,2000,185,28800,12,24.6,1.5,3.4,0
30,2000,186,30200,11.7,27.7,1.5,2.6,0
30,2000,187,25800,12.8,25.5,1.5,3.8,0
30,2000,188,24200,12,26.1,1.5,3,0
30,2000,189,25800,12,25.9,1.4,3.1,0
30,2000,190,26200,12.5,28.9,1.5,2.1,0
30,2000,191,30200,11.8,30.8,1.6,1.9,0
30,2000,192,27500,13,29.7,1.7,2.4,0
30,2000,193,28200,13.3,31.8,1.7,2.2,0
30,2000,194,25700,13.9,29.8,1.6,3.3,0
30,2000,195,28100,13.9,29.4,1.5,3.3,0
30,2000,196,30000,13,32.6,1.4,2.1,0
30,2000,197,25500,13.8,31.2,1.5,2.8,0
30,2000,198,16700,14,25.2,1.5,4.2,0
30,2000,199,21200,13.1,25.8,1.6,3.6,0
30,2000,200,31400,11.2,31.5,1.5,1.7,0
30,2000,201,32000,13.3,33.3,1.5,1.8,0
30,2000,202,28300,13.8,33.9,1.7,2.2,0
30,2000,203,28900,16.7,30.4,1.7,4,0
30,2000,204,30100,14,32.1,1.7,2.5,0
30,2000,205,30500,12.3,35.8,1.6,1.6,0
30,2000,206,28400,12.7,35.3,1.5,1.7,0
30,2000,207,30300,16.5,33.9,1.7,2.4,0
30,2000,208,31200,14.9,30.3,1.5,3.7,0
30,2000,209,29800,12.7,30.5,1.6,2,0
30,2000,210,29200,12.5,33.6,1.7,1.5,0
30,2000,211,28600,14.3,34.6,1.8,1.8,0
30,2000,212,25200,16.2,35.7,2,1.5,0
30,2000,213,29100,16.9,38,2.1,1.5,0
30,2000,214,22300,18.7,37.6,2.3,1.8,0
30,2000,215,28300,19.4,36.3,2.1,2.3,0
30,2000,216,24800,18.3,32.6,1.6,3.5,0
30,2000,217,24900,16.2,32.3,1.6,2.7,0
30,2000,218,27300,14.9,33.8,1.7,2,0
30,2000,219,26700,15.1,33.3,1.7,2.2,0
30,2000,220,23600,14,27.2,1.6,4,0
30,2000,221,22900,12.8,28.9,1.7,2.7,0
30,2000,222,26900,13.5,29.4,1.5,3,0
30,2000,223,26100,13.1,27.2,1.4,3.1,0
30,2000,224,28600,10.3,33.9,1.5,1.4,0
30,2000,225,28900,14.4,34.3,1.5,2,0
30,2000,226,29300,12.8,34.7,1.5,1.6,0
30,2000,227,29600,12.8,33.8,1.5,1.8,0
30,2000,228,29100,11,35,1.5,1.6,0
30,2000,229,29000,12.8,35.2,1.6,1.7,0
30,2000,230,28100,13.7,32.9,1.5,2.2,0
30,2000,231,28100,13.4,30.3,1.4,2.6,0
30,2000,232,26400,12.9,28.5,1.5,3,0
30,2000,233,28200,10.6,29.8,1.4,1.5,0
30,2000,234,25100,11,31.3,1.4,1.6,0
30,2000,235,23400,12.1,32.6,1.6,1.9,0
30,2000,236,21400,13.4,28.3,1.5,3.3,0
30,2000,237,26400,11.5,32.9,1.5,1.6,0
30,2000,238,26600,11.4,33.8,1.4,1.9,0
30,2000,239,23500,13.9,32.4,1.5,2.1,0
30,2000,240,23300,10.7,35.6,1.4,1.6,0
30,2000,241,23400,14.4,32.1,1.6,2.4,0
30,2000,242,7200,14.9,19.2,1.5,3.2,0
30,2000,243,6100,15,20,1.6,2.5,0
30,2000,244,18400,13.6,24.7,1.6,3.4,0
30,2000,245,7000,13.6,18.7,1.6,3.4,4.3
30,2000,246,18000,13.4,23,1.5,2.4,1.1
30,2000,247,23300,12,24,1.4,2.1,0
30,2000,248,23300,8.2,24.1,1.2,1.6,0
30,2000,249,25600,8.5,25.4,1.2,2.1,0
30,2000,250,25500,11,29.4,1.1,2.6,0
30,2000,251,25200,9.3,33.2,1.3,1.2,0
30,2000,252,24500,9.6,30.8,1.3,2.4,0
30,2000,253,24000,11.2,30.3,1.4,1.4,0
30,2000,254,23500,10.1,32,1.4,1.3,0
30,2000,255,22600,10.1,32.7,1.4,1.4,0
30,2000,256,17900,9.7,32.2,1.6,1.4,0
30,2000,257,12500,18,33.5,1.6,1.5,0
30,2000,258,17400,17,28.4,1.9,3.2,0
30,2000,259,20600,13.3,29.1,1.7,2.3,0
30,2000,260,20300,12,29.3,1.6,1.4,0
30,2000,261,22800,10.2,33.8,1.6,1.4,0
30,2000,262,22000,12.4,35.8,1.7,1.3,0
30,2000,263,21900,13.2,35.9,1.8,1.3,0
30,2000,264,19100,15.4,37.7,1.8,1.9,0
30,2000,265,11300,15,24.3,1.7,3.6,0
30,2000,266,10300,12.5,23.3,1.7,2.3,0
30,2000,267,21600,8.7,25.9,1.2,1.4,0
30,2000,268,20200,6.3,28.8,1.2,1.1,0
30,2000,269,21300,9.3,31.7,1.2,1.1,0
30,2000,270,20100,9,32.8,1.3,1.3,0
30,2000,271,15900,9.5,27.9,1.4,2.4,0
30,2000,272,14200,11.2,24.6,1.5,2.4,0
30,2000,273,19700,8.9,31.6,1.5,1.2,0
30,2000,274,18800,10.7,30.9,1.5,1.2,0
30,2000,275,18800,11.6,33.7,1.6,1.4,0
30,2000,276,19700,12.5,28.5,1.6,2,0
30,2000,277,18500,7.8,28.5,1.4,1.4,0
30,2000,278,16700,9.7,27.6,1.4,1.5,0
30,2000,279,16600,8.4,30.8,1.4,1.1,0
30,2000,280,16400,9.4,33,1.4,1.6,0
30,2000,281,14600,11.7,25,1.4,2.5,0
30,2000,282,18200,7.5,26.8,1.4,1.7,0
30,2000,283,6700,11.4,19.2,1.5,3.5,2.7
30,2000,284,8000,5.6,17.1,1.3,2.3,4.1
30,2000,285,6700,6.7,15,1.3,1.7,2.2
30,2000,286,14000,7.7,19.6,1.2,0.9,0
30,2000,287,17100,8.7,21.9,1.2,1.2,0
30,2000,288,15700,5.2,25,1.2,1.1,0
30,2000,289,16000,8,25.1,1.2,1.1,0
30,2000,290,17900,5.7,27.2,1.2,0.9,0
30,2000,291,15900,4.7,28.4,1.1,1,0
30,2000,292,15200,8.4,28.1,1.2,1.3,0
30,2000,293,15200,6.1,27.9,1.2,1.3,0
30,2000,294,8300,8.8,24,1.3,2.3,0
30,2000,295,16500,8.5,21.6,0.7,5.9,0
30,2000,296,17000,11.3,21.5,0.5,7.6,0
30,2000,297,15900,2.6,24.5,0.7,1.8,0
30,2000,298,15100,3.7,25.7,0.9,1.6,0
30,2000,299,3500,10.2,15.5,1.3,1.9,6.3
30,2000,300,4000,9.1,13.7,1.4,1.9,8.7
30,2000,301,13500,6.1,19.6,1.2,1.7,0.7
30,2000,302,4100,9.4,14.1,1.3,4,11
30,2000,303,9900,8.4,17,1.2,2.7,0.4
30,2000,304,8400,5.4,15,1.2,2.3,10.4
30,2000,305,13800,1.5,18.8,1,1.7,0.2
30,2000,306,9300,2.7,16.9,1.1,1.1,0
30,2000,307,13400,4.8,21.4,1.2,0.9,0
30,2000,308,14900,6.9,23.7,1.1,2.3,0
30,2000,309,12100,2.4,20.5,1.1,1.3,0
30,2000,310,11400,4.8,20.4,1.2,0.7,0
30,2000,311,14400,2.7,19.4,0.8,3.7,0.1
30,2000,312,14000,6.6,20.7,0.7,2.9,0
30,2000,313,12700,4.3,19.7,1,2.5,0
30,2000,314,11700,0.9,15.1,0.7,1.3,0
30,2000,315,10300,0.6,12.3,0.8,1,0
30,2000,316,13000,-2.1,13.5,0.7,1.4,0
30,2000,317,13700,-4.3,15.4,0.6,1,0
30,2000,318,4500,-3.7,10.7,0.8,1.5,6.9
30,2000,319,10600,-0.4,10.3,0.8,1.4,0.1
30,2000,320,7200,-2,8.8,0.8,0.9,0.2
30,2000,321,12800,-1.3,14,0.7,1.2,0.1
30,2000,322,12700,-3.6,16.3,0.6,0.9,0.1
30,2000,323,12100,-3.3,16.1,0.7,0.8,0
30,2000,324,10700,-0.4,15.7,0.8,1,0
30,2000,325,11800,-3,16.4,0.8,0.7,0
30,2000,326,2700,0,8,1,1.5,5.1
30,2000,327,11400,0,10.9,1,1.4,0.1
30,2000,328,5400,0.2,11.3,1,1.2,0
30,2000,329,9800,4.3,16.9,1,1.5,0
30,2000,330,8600,0.6,9.7,1,1.2,0.1
30,2000,331,9800,5.1,10.9,1.1,1.3,0
30,2000,332,5700,4.3,9.1,1,1.2,0
30,2000,333,6900,2.9,10.4,1.1,1.4,0.1
30,2000,334,6700,3,15.7,1.1,3.4,10.3
30,2000,335,10800,1,15.7,1,1.3,0
30,2000,336,8400,0.1,15.2,0.9,1.2,0.2
30,2000,337,11100,-0.4,15.4,0.9,1.1,0.1
30,2000,338,8400,-0.4,13.9,0.9,1.5,0.2
30,2000,339,7800,2.4,11,1,1.1,0.3
30,2000,340,10900,4.4,7.8,1,1.3,0.3
30,2000,341,6300,4.8,7.4,1,1.6,0.2
30,2000,342,5900,5.2,12.5,1,0.8,0
30,2000,343,10100,4.8,17.2,1,1.1,0
30,2000,344,3200,4.6,14.9,1.2,1.7,0
30,2000,345,4900,7.8,13.6,1.3,1,0
30,2000,346,2700,8,12.2,1.2,1.3,4.7
30,2000,347,10000,4.4,11.8,1,1.3,0.1
30,2000,348,3400,5.8,12.3,1,4.4,0.4
30,2000,349,2900,8.7,11.5,1.2,3.7,1.1
30,2000,350,9800,7,15,1.3,2.5,0
30,2000,351,10300,1.9,14.4,1,2.3,0
30,2000,352,10700,1.3,15.8,0.7,4.2,0.2
30,2000,353,10300,-2.9,14.9,0.8,1.1,0
30,2000,354,9500,-0.6,15.1,0.8,1.2,0
30,2000,355,7200,0.5,15.7,0.8,1.3,0
30,2000,356,3600,-1.3,14.3,1,2.7,0.7
30,2000,357,6100,3,15.8,1,1.6,0.1
30,2000,358,5700,-0.8,11.6,0.9,1.1,0.1
30,2000,359,9000,1.4,15.3,0.8,2.5,0.1
30,2000,360,7500,-2.5,12,0.7,1.6,0
30,2000,361,10700,-3,15.1,0.8,1.2,0.2
30,2000,362,9400,-1.4,14.6,0.7,1.1,0.1
30,2000,363,10500,-4,13.6,0.7,1.4,0.1
30,2000,364,8600,-3.1,14.5,0.8,0.9,0.2
30,2000,365,10800,-2.2,14.4,0.7,0.9,0.2
30,2000,366,8800,-3.8,11.6,0.7,0.9,0.2
