*---------------------------------------------------------*
* Weather file for rice yield gap assessment using Oryza(v3)
*      Project: Global Yield Gap Atlas (www.yieldgap.org)
*      Country: USA
*  Station_num: 32
* Station_name: Colusa
*         Year: 2003
*       Source: http://www.cimis.water.ca.gov
*       Author: M. Espe
*         Date: 11-16-2015
*    Longitude: -122.02
*     Latitude: 39.23
*    Elevation: 55
*
*  Columns:
*  1. station number
*  2. year
*  3. day
*  4. average insolation incident on a horizontal surface (kJ m-2 d-1)
*  5. minimum temperature (degrees Celsius)
*  6. maximum temperature (degrees Celsius)
*  7. vapour pressure (kPa)
*  8. mean wind speed (m s-1)
*  9. precipitation (mm d-1)
*---------------------------------------------------------*
-122.02,39.23,55,0,0
32,2003,1,6200,2.5,13.1,1,1.4,0
32,2003,2,4000,3.2,10.7,1,1.2,0
32,2003,3,6900,2.6,15,1.1,1.2,0
32,2003,4,3500,6.4,14.2,1.2,1.5,0
32,2003,5,10300,3.6,19.4,1.1,3.3,0.1
32,2003,6,10800,7.8,19.3,1,3.3,0
32,2003,7,10600,7.3,18.7,1.2,2.3,0
32,2003,8,8100,5.1,7.7,1,1.9,0
32,2003,9,2500,7.3,8.7,1.1,1.1,6.5
32,2003,10,1700,8,13.5,1.3,3.1,7.1
32,2003,11,2100,10.3,12.4,1.4,1.6,0.8
32,2003,12,1400,10.2,13,1.4,2.3,20
32,2003,13,2500,11.9,16.8,1.6,2,7.3
32,2003,14,6100,8.3,13.6,1.4,1.7,0.5
32,2003,15,11000,5.3,17,1.1,1.9,0.1
32,2003,16,11100,1.8,17,1,0.9,0.2
32,2003,17,11200,2.9,10.9,1,1.4,0.2
32,2003,18,11300,6.2,8.7,1.1,1.3,0.2
32,2003,19,10800,6.1,8.1,1,1.3,0.1
32,2003,20,9000,5.9,7.7,1,1.4,0.2
32,2003,21,5500,6.3,10,1.1,1.5,9.7
32,2003,22,1900,8.8,11.9,1.3,2.6,6.4
32,2003,23,5100,7.8,13,1.4,1.6,0.7
32,2003,24,3100,6.8,14.1,1.3,1.1,0.3
32,2003,25,8200,10.6,18,1.5,1.7,0
32,2003,26,5400,10.4,15.1,1.5,1.5,0
32,2003,27,7100,6.3,14.6,1.4,1.3,0.1
32,2003,28,10400,5.8,17.6,1.2,1.4,0.1
32,2003,29,9100,5.8,13.1,1.2,1.2,0.2
32,2003,30,8800,8.5,16.9,1.3,1.2,0.3
32,2003,31,9500,8.6,11.4,1.3,1.8,0.2
32,2003,32,10800,7.9,15.7,1.2,2.3,0.3
32,2003,33,13800,2.8,15.8,0.9,3.4,0
32,2003,34,14100,1.7,17.8,0.9,1.5,0
32,2003,35,14300,-0.1,15.4,0.7,3.8,0.1
32,2003,36,14500,0.9,15.8,0.7,3.7,0
32,2003,37,14900,-2.2,14.9,0.7,3.5,0
32,2003,38,14800,-0.2,14.7,0.6,4.1,0
32,2003,39,15500,-2.5,15.5,0.6,1.4,0
32,2003,40,15000,-2.7,15.3,0.7,1.3,0
32,2003,41,15100,-0.8,17.3,0.8,1.7,0
32,2003,42,10100,2.7,15.1,1,1.5,0
32,2003,43,4000,2.4,10.9,1.1,1.4,12.9
32,2003,44,2600,9.4,15.5,1.4,1.4,10.1
32,2003,45,8900,10.7,16.8,1.5,1.6,3.2
32,2003,46,3100,10.2,13.8,1.4,3.3,14
32,2003,47,8600,4.6,15.5,1.1,3.1,4.2
32,2003,48,14100,3.6,16.4,1,1.5,0
32,2003,49,10900,1.3,16.9,1,1.1,0
32,2003,50,7100,5.3,14,1.1,2,1.1
32,2003,51,16800,5.3,18.8,1,3.1,0
32,2003,52,16200,2.2,17.4,1.1,1.4,0
32,2003,53,17200,2.4,19.2,1,1.7,0.1
32,2003,54,14600,1.3,17.7,1,1.1,0
32,2003,55,8400,8.3,14,1.2,1.5,1.4
32,2003,56,15600,4.6,16.7,0.9,2.9,0
32,2003,57,5700,-0.8,16.1,0.9,2.4,0
32,2003,58,16700,1.7,16.4,0.9,1.2,0
32,2003,59,14500,1.9,15.2,0.8,1.5,0
32,2003,60,16300,1.4,17.5,0.9,1.7,0
32,2003,61,17500,2.2,18.3,0.8,2.5,0
32,2003,62,16200,4.9,13.8,1,2.1,0
32,2003,63,19000,0.1,16.8,0.8,1.4,0
32,2003,64,19000,-0.2,17.9,1,1.8,0
32,2003,65,19700,2.1,19.3,1.1,1.5,0
32,2003,66,17900,5.5,18.4,1.1,1.7,0
32,2003,67,18800,3.5,18.9,1.1,2,0
32,2003,68,10000,7.5,18,1.2,2.2,0
32,2003,69,10800,9,21.2,1.4,1.3,0.2
32,2003,70,8300,6.1,23.7,1.4,1,0.1
32,2003,71,12500,8.2,22.2,1.6,2.6,0
32,2003,72,5400,11.6,18.4,1.3,3.9,1.3
32,2003,73,7700,11.3,18.9,1.5,4.8,20
32,2003,74,13400,10.7,18.6,1.2,3.7,15.3
32,2003,75,18500,6.8,15.7,1.2,2.7,0.2
32,2003,76,21200,1.7,17.7,0.9,2.7,0.2
32,2003,77,21100,5.1,18.8,0.9,3,0
32,2003,78,13000,2.1,19,1.1,2.8,1
32,2003,79,17700,6.6,18.4,1.2,1.8,0
32,2003,80,17900,4.6,21.5,1.3,1.1,0
32,2003,81,6400,10.9,19.5,1.4,4.1,0.1
32,2003,82,19600,6.6,19,1.3,2.2,0
32,2003,83,23000,4.6,21.8,1,1.3,0
32,2003,84,7600,5.6,21.8,1.4,2.5,0
32,2003,85,18900,7.4,21.4,1.3,3.7,0
32,2003,86,23700,10.3,19.4,0.8,4.6,0
32,2003,87,24000,8.5,21.7,0.8,5,0
32,2003,88,21500,8.6,26.7,1,1.8,0
32,2003,89,22500,6.7,25.4,1.3,1.3,0
32,2003,90,17400,8.8,25,1.4,2.2,0
32,2003,91,18100,8.7,19.2,1.1,3.3,0
32,2003,92,10900,2.8,14.7,0.8,3.9,0
32,2003,93,14100,0.6,15.5,0.8,3.1,0
32,2003,94,16800,2.8,15.9,0.9,2.4,2.1
32,2003,95,19200,-0.9,16.6,0.8,1.6,0.1
32,2003,96,8800,6.4,18.3,1.1,1.9,0
32,2003,97,24700,5.2,23.1,1.1,1.7,0
32,2003,98,24800,5,24.4,1.2,1.6,0
32,2003,99,23800,4.6,25.7,1.2,1.6,0
32,2003,100,10200,8.8,21.2,1.3,3.5,0
32,2003,101,13600,1.9,20.2,1.1,2.1,0
32,2003,102,5700,9,13.1,1.2,4,18.7
32,2003,103,11200,6.7,14.6,1.1,3.1,6.4
32,2003,104,22200,3.4,17.6,1,1.4,0
32,2003,105,11000,1.9,16.6,1,1.7,0
32,2003,106,9200,6.2,17.1,1.2,1.4,2.6
32,2003,107,20800,7.4,18.7,1.3,1.3,1.5
32,2003,108,27400,5.5,20.1,0.9,2.1,0
32,2003,109,26800,6.3,23.3,0.9,2.2,0
32,2003,110,20300,8.3,20,1.2,2.5,0
32,2003,111,9200,6.3,17.1,1.1,3.3,2.3
32,2003,112,16500,3.9,18.5,1,1.7,0
32,2003,113,6000,8.8,16.5,1.2,3.1,3.2
32,2003,114,21200,7.2,16,1.1,3.6,4.3
32,2003,115,12700,6.6,14.9,1.1,3.7,3.5
32,2003,116,17900,5.6,17.1,1,1.8,0
32,2003,117,12200,2.7,19.5,1.1,2.4,9
32,2003,118,8500,8.3,13.8,1.2,3.9,6.4
32,2003,119,7300,8.4,15.2,1.2,3.2,0.7
32,2003,120,21100,5,20.3,1.2,1.3,0
32,2003,121,21000,5.5,21.4,1.2,1.4,0
32,2003,122,6400,11.7,15.5,1.5,1.4,7.6
32,2003,123,11600,11.6,20.1,1.5,2.7,2
32,2003,124,18700,8.8,19.6,1.3,2.7,0
32,2003,125,28200,11.3,20.6,1,1.8,0
32,2003,126,12000,9.2,19.5,1.2,2,0.2
32,2003,127,21300,10.2,19.8,1.2,2.1,0.3
32,2003,128,15600,4.8,17.2,0.9,1.9,4.1
32,2003,129,24100,2.3,18.4,1,1.4,0.1
32,2003,130,26700,5.3,22.8,1,1.5,0
32,2003,131,24800,7.6,23,1.1,1.6,0
32,2003,132,29400,9.2,27.2,1.1,1.2,0
32,2003,133,29500,9.3,29.7,1.2,1.3,0
32,2003,134,29300,11.2,30.5,1.4,2.1,0
32,2003,135,27900,11,23.8,1.3,2.3,0
32,2003,136,31400,8.1,27,1,1.7,0
32,2003,137,32000,9.2,24.8,0.7,3.7,0
32,2003,138,32200,11.2,24.1,0.6,5.7,0
32,2003,139,31600,11.3,29,0.7,3.1,0
32,2003,140,31700,9,31.7,1.1,1.6,0
32,2003,141,31500,11.7,33.6,1.4,1.4,0
32,2003,142,31900,14.5,35.7,1.7,1.3,0
32,2003,143,29700,15.9,35.8,1.7,2.1,0
32,2003,144,23600,13.4,28.7,1.5,3.6,0
32,2003,145,17800,12.8,26.8,1.4,2.6,0
32,2003,146,30000,12.3,27.8,1.3,2,0
32,2003,147,32000,13.8,34.2,1.4,1.8,0
32,2003,148,25800,15,35.3,1.7,1.4,0
32,2003,149,17300,14,33.4,1.6,2.6,0
32,2003,150,21900,12.1,24.8,1.4,1.9,0
32,2003,151,31100,13.4,31.8,1.8,1.2,0
32,2003,152,32100,13.6,35.9,1.4,1.9,0
32,2003,153,32200,14.6,36.8,1.5,2.2,0
32,2003,154,30700,15.5,37.8,1.6,1.8,0
32,2003,155,26900,14.8,34.3,1.7,2.3,0
32,2003,156,27400,14.9,32.8,1.7,2.5,0
32,2003,157,25500,13.93,30.5,1.7,2.8,0
32,2003,158,27000,13.8,30.3,1.7,2.5,0
32,2003,159,26900,14.3,31,1.7,2.7,0
32,2003,160,27200,12.9,30.1,1.6,2.9,0
32,2003,161,27100,12.9,25.3,1.4,2.7,0
32,2003,162,26500,12.1,27,1.4,3,0
32,2003,163,28400,11.9,25.1,1.4,2.7,0
32,2003,164,29800,12,28.2,1.4,2.2,0
32,2003,165,32200,13.6,30.2,1.4,2,0
32,2003,166,32500,13.1,35.1,1.6,1.5,0
32,2003,167,32700,14.4,36.8,1.7,1.9,0
32,2003,168,29500,17.8,34.5,1.7,2.5,0
32,2003,169,28500,15.4,29.7,1.6,2.7,0
32,2003,170,31000,13.6,28.4,1.5,2.9,0
32,2003,171,32600,13.3,28.7,1.3,2.5,0
32,2003,172,32400,12.6,28,1.3,2.1,0
32,2003,173,31800,12.9,29.7,1.3,1.8,0
32,2003,174,30900,11.3,29.9,1.1,2.2,0
32,2003,175,33200,12.9,31.9,1.1,3.3,0
32,2003,176,32900,11.5,36.2,1.2,1.8,0
32,2003,177,32900,14.8,38.2,1.5,1.5,0
32,2003,178,32900,16,40.2,1.6,1.3,0
32,2003,179,32000,16.8,37.6,1.3,2,0
32,2003,180,31600,16.8,35.9,1.2,3.2,0
32,2003,181,31700,15,32.6,1.3,2.7,0
32,2003,182,32000,13.2,31.8,1.3,2.7,0
32,2003,183,32500,14.7,32.1,0.9,2.6,0
32,2003,184,32900,13.3,32.8,1,1.9,0
32,2003,185,33100,11.8,35.8,1.3,1.3,0
32,2003,186,33000,14,35.1,1.4,2.1,0
32,2003,187,32100,13.5,32.4,1.5,2.9,0
32,2003,188,27300,13.7,30,1.5,3.5,0
32,2003,189,32600,11.6,32.9,1.4,1.5,0
32,2003,190,32900,12.3,36.2,1.4,1.5,0
32,2003,191,32100,17.2,36.6,1.5,2,0
32,2003,192,32500,15.7,37,1.4,1.7,0
32,2003,193,32000,18.8,36.4,1.5,2.6,0
32,2003,194,31900,17.2,33.4,1.6,2,0
32,2003,195,31800,14.8,37,1.6,1.6,0
32,2003,196,31800,16.57,35.6,1.8,2.6,0
32,2003,197,31900,15.1,36,1.7,1.5,0
32,2003,198,32000,17.1,39,1.7,1.4,0
32,2003,199,31600,17.6,39.7,1.7,1.6,0
32,2003,200,30300,18.6,37.4,1.8,2.2,0
32,2003,201,27800,20.6,39.1,1.9,1.6,0
32,2003,202,29000,23.2,38.5,1.9,2.1,0
32,2003,203,28200,20,38.7,1.9,2.2,0
32,2003,204,23800,19.5,32.5,1.8,2.4,0
32,2003,205,9400,22.1,37.1,2,1.5,0
32,2003,206,22500,19.8,34.8,1.7,2.5,0
32,2003,207,28700,17.1,36.8,1.7,1.7,0
32,2003,208,28400,16.7,42.1,1.7,1.8,0
32,2003,209,28900,17.7,40,1.8,1.8,0
32,2003,210,27000,17.7,41.3,1.9,2.2,0
32,2003,211,20600,19,34,1.7,2.4,0
32,2003,212,23300,18.1,34.2,1.6,2.4,0
32,2003,213,24700,18.7,33.7,1.9,1.8,0
32,2003,214,20200,18.1,26.6,1.9,2.2,0
32,2003,215,23900,17.4,32.6,1.8,1.9,0
32,2003,216,24600,16.3,31.8,1.5,2.8,0
32,2003,217,18400,14.8,28.7,1.5,2.9,0
32,2003,218,25400,15,29,1.6,2.8,0
32,2003,219,28600,14.2,29.2,1.4,2.5,0
32,2003,220,29000,14.7,31.2,1.5,2.2,0
32,2003,221,28600,16.4,32.6,1.4,2.8,0
32,2003,222,29600,15.2,33.2,1.3,2.5,0
32,2003,223,29400,15.5,33,1.4,1.7,0
32,2003,224,28800,11.9,33.3,1.3,2,0
32,2003,225,29200,12.41,33.2,1.3,1.4,0
32,2003,226,26300,11.8,32,1.3,2,0
32,2003,227,27400,10.3,33,1.4,1.6,0
32,2003,228,28800,12.1,36.2,1.3,1.3,0
32,2003,229,26300,12.3,37.2,1.3,1.2,0
32,2003,230,25500,13.1,37.3,1.4,2.1,0
32,2003,231,21700,12.7,33.5,1.6,2.1,0
32,2003,232,23400,12.1,35.4,1.5,1.5,0
32,2003,233,22100,18.9,31.4,1.8,2.6,0
32,2003,234,16900,15.5,25.4,1.9,2.2,0
32,2003,235,26400,14,31.2,1.8,1.3,0
32,2003,236,26600,14.4,34.5,1.6,1.3,0
32,2003,237,26500,14,36.7,1.6,1.3,0
32,2003,238,26100,18.1,35.4,1.7,1.8,0
32,2003,239,23600,14.9,33.4,1.5,2.3,0
32,2003,240,20000,13.6,31.9,1.5,2.6,0
32,2003,241,25200,10.3,34.5,1.4,1.4,0
32,2003,242,22000,12.9,34,1.5,1.5,0
32,2003,243,22200,15.6,38.3,1.7,1.6,0
32,2003,244,24200,14.8,38.2,1.6,1.3,0
32,2003,245,23500,14.9,38.9,1.7,1.4,0
32,2003,246,13800,18.3,34.8,1.8,2.1,0
32,2003,247,18600,18.1,33.7,1.8,2.3,0
32,2003,248,16200,16.2,32.7,1.4,2.2,0
32,2003,249,16500,13.9,28.1,1.3,2.7,0
32,2003,250,14800,10.6,25.6,1.4,1.7,0
32,2003,251,22200,10.7,27.8,1.2,1.6,0
32,2003,252,8500,13,26.9,1.5,2.9,0
32,2003,253,23400,13.9,31.5,1.2,3.3,0
32,2003,254,24300,16.3,35.3,1.3,2.1,0
32,2003,255,23900,14,36,1.1,3.2,0
32,2003,256,23700,16.3,35,0.8,3.8,0
32,2003,257,21300,11.8,36.5,0.9,1.5,0
32,2003,258,20900,15.3,30.5,1.4,3,0
32,2003,259,21500,12.1,27.4,1.3,1.8,0
32,2003,260,22900,11.1,28.6,0.7,4.1,0
32,2003,261,22900,8.9,32.7,0.7,1.7,0
32,2003,262,22300,8.1,33.4,1.1,1.1,0
32,2003,263,22200,10.2,37.4,1.1,1.9,0
32,2003,264,20100,10.4,37.2,1.1,1.1,0
32,2003,265,21600,11.1,38.8,1.2,1.1,0
32,2003,266,19800,11.4,37,1.3,1.6,0
32,2003,267,16600,11.4,33.8,1.5,2.4,0
32,2003,268,17000,11.7,29.7,1.5,1.7,0
32,2003,269,17100,9.6,29.9,1.5,1.5,0
32,2003,270,16600,11.1,31.6,1.6,1.3,0
32,2003,271,15500,11.1,31.2,1.5,2.4,0
32,2003,272,18400,0,27.4,1.5,0.9,0
32,2003,273,16200,9.7,30.7,1.2,1.4,0
32,2003,274,15200,12.7,28.9,1.3,1.7,0
32,2003,275,11300,8.8,28.8,1.3,1.8,0
32,2003,276,11700,9.1,28.2,1.4,2.2,0
32,2003,277,14700,12.5,26.5,1.4,1.6,0
32,2003,278,18300,11.1,30.9,1.4,1.3,0
32,2003,279,18400,10.9,33.7,1.3,1.3,0
32,2003,280,18600,10.5,31,1.3,1.4,0
32,2003,281,17500,11.9,30,1.3,2.1,0
32,2003,282,18900,9.9,26.7,1.1,2,0
32,2003,283,18400,8.8,25.1,0.6,4.3,0
32,2003,284,17600,4.5,28.5,0.7,1.1,0
32,2003,285,18000,7.9,28.4,0.7,2.5,0
32,2003,286,17800,15,30.5,0.5,3.3,0
32,2003,287,17500,5.4,28.7,0.8,1.2,0
32,2003,288,11700,4.5,26.5,0.9,1.1,0
32,2003,289,16100,7,28.6,1,1.2,0
32,2003,290,14900,8.2,29.3,1.1,1,0
32,2003,291,11900,7.7,28.4,1.1,1.6,0
32,2003,292,13600,8.3,27.5,1.1,1.4,0
32,2003,293,15300,8,31.5,1.1,1.3,0
32,2003,294,14700,8,31.9,1.1,1,0
32,2003,295,11300,7.2,29.8,1.2,1.4,0
32,2003,296,15900,7.2,29.1,0.9,3.5,0
32,2003,297,15400,7,30.3,0.7,1.8,0
32,2003,298,15200,18.2,33.3,0.6,4,0
32,2003,299,14900,13.2,34.3,0.8,2.1,0
32,2003,300,15100,7.8,32.4,1,1.1,0
32,2003,301,15000,8.6,31.6,1,1.4,0
32,2003,302,13000,8,26.4,0.9,1.4,0
32,2003,303,11900,3.9,17.5,0.6,1.6,0
32,2003,304,8600,3.3,12.3,0.9,1.9,5.1
32,2003,305,14500,0.1,16.8,0.7,1.2,0.1
32,2003,306,5900,0.1,16,0.7,2,1
32,2003,307,12700,1.6,13.7,0.8,1.8,0.1
32,2003,308,11700,-1.3,15.8,0.8,0.9,0.1
32,2003,309,7500,0,17,0.8,0.9,0
32,2003,310,3700,3.3,15,1,1.3,1.9
32,2003,311,3500,9.6,15.5,1.2,0.9,4.6
32,2003,312,2300,9.8,18.3,1.3,3.1,14.1
32,2003,313,4200,7.9,17.5,1.2,2.9,7.2
32,2003,314,12900,5.8,18.3,1,1.8,0.1
32,2003,315,12900,4.7,21.1,1,2.6,0
32,2003,316,13000,9.4,22,0.9,3.6,0
32,2003,317,10600,5.4,16.4,1.1,1.2,0
32,2003,318,3300,10.4,14.3,1.2,2.8,0.5
32,2003,319,5000,7.4,14.1,1.1,3.4,1.3
32,2003,320,3600,4.7,13.9,1.1,2.2,0
32,2003,321,10900,4.7,15.5,1.1,1.6,0
32,2003,322,12100,2.4,17.3,1,0.8,0.1
32,2003,323,8500,5.1,17.5,1.1,1,0.1
32,2003,324,9700,6,17.2,1.1,1.1,0
32,2003,325,10400,-0.3,14.5,0.6,1.5,0
32,2003,326,11800,1.4,12.5,0.5,3.8,0
32,2003,327,11700,-2.6,14.1,0.5,1.4,0
32,2003,328,11200,-2.6,15.1,0.6,0.9,0
32,2003,329,7300,-2.8,14.6,0.6,1.3,0
32,2003,330,10300,-1.6,14.8,0.7,1.6,0
32,2003,331,7000,0.7,13.1,0.7,1.3,0
32,2003,332,3300,5.5,12.1,1,1.1,2.6
32,2003,333,1800,8,11.2,1.1,2.7,3.8
32,2003,334,2800,9.4,11.8,1.1,1.8,4.1
32,2003,335,2400,9,11.5,1.2,1.2,15.2
32,2003,336,4900,8.5,15.3,1.3,1.3,3.1
32,2003,337,8900,6.7,17.4,1.2,1.4,0
32,2003,338,2500,6.6,10.8,1.2,1.9,3.7
32,2003,339,3400,10,14.2,1.3,2.9,5
32,2003,340,2100,11.8,15.9,1.3,4.9,2.1
32,2003,341,5800,2.7,16.5,0.9,2.3,0
32,2003,342,10500,0.8,13.5,0.8,1.8,0
32,2003,343,1700,3.2,8.9,0.9,1.8,19.7
32,2003,344,3900,4.7,13.1,1,2.7,13
32,2003,345,8800,3,13.2,0.9,1.3,0.6
32,2003,346,2200,5.7,8.7,0.9,2.9,2.1
32,2003,347,2100,8.2,13.9,1.1,5.5,0
32,2003,348,10200,2.3,15,0.9,1.8,8.3
32,2003,349,8000,0.8,12.1,0.7,1.4,0
32,2003,350,6300,-0.2,11.2,0.8,1,0.1
32,2003,351,7600,-0.7,14.3,0.7,0.8,0
32,2003,352,9400,-1,15.8,0.8,1,0
32,2003,353,1600,1.2,9.2,0.9,1.4,18.6
32,2003,354,3500,7.6,10.4,1.1,1.6,8.4
32,2003,355,9300,3.8,15,1,1.4,0.1
32,2003,356,6700,1.9,9.6,1,1,0.1
32,2003,357,2300,6.9,12,1.1,2.7,11.5
32,2003,358,2600,10,12.7,1.2,4.8,5.8
32,2003,359,6900,1.3,12.3,0.9,1.6,0
32,2003,360,9600,-1.6,10,0.6,1.1,0
32,2003,361,9300,-2.5,9.5,0.6,0.9,0.1
32,2003,362,2900,-2.4,6.2,0.7,1.6,2.8
32,2003,363,4200,5.1,7.3,0.8,5.3,24.8
32,2003,364,7400,4.1,10.1,0.9,2,2.5
32,2003,365,4000,4.5,10.4,1,2.5,0.8
