*---------------------------------------------------------*
* Weather file for rice yield gap assessment using Oryza(v3)
*      Project: Global Yield Gap Atlas (www.yieldgap.org)
*      Country: USA
*  Station_num: 32
* Station_name: Colusa
*         Year: 2002
*       Source: http://www.cimis.water.ca.gov
*       Author: M. Espe
*         Date: 11-16-2015
*    Longitude: -122.02
*     Latitude: 39.23
*    Elevation: 55
*
*  Columns:
*  1. station number
*  2. year
*  3. day
*  4. average insolation incident on a horizontal surface (kJ m-2 d-1)
*  5. minimum temperature (degrees Celsius)
*  6. maximum temperature (degrees Celsius)
*  7. vapour pressure (kPa)
*  8. mean wind speed (m s-1)
*  9. precipitation (mm d-1)
*---------------------------------------------------------*
-122.02,39.23,55,0,0
32,2002,1,5000,11,13.7,1.5,1.9,17.5
32,2002,2,5400,11.6,15.4,1.6,4.4,15.4
32,2002,3,10200,7.3,15.4,1.2,1.4,0
32,2002,4,6700,6.5,13.8,1,1.7,0
32,2002,5,1400,8.6,10.3,1.2,1.4,9.3
32,2002,6,2300,7.9,12.8,1.3,1,4.8
32,2002,7,3100,8,11.7,1.3,1.2,0
32,2002,8,2700,8.9,12.3,1.3,1.4,0
32,2002,9,6800,4.8,17.6,1.2,1.8,0.1
32,2002,10,7800,3.3,16,1,1.5,0
32,2002,11,6800,3,12,1.1,1.6,0.3
32,2002,12,10600,7.3,9.5,1.1,1.3,0.1
32,2002,13,10900,2.6,11.2,1,1.8,0.3
32,2002,14,10500,3.5,13.3,0.9,1.2,0
32,2002,15,11500,4.8,12.1,0.7,5.5,0
32,2002,16,11700,1.7,13.5,0.6,4.2,0
32,2002,17,11700,0.9,13.4,0.8,2.2,0
32,2002,18,11700,-1.7,14.3,0.7,2.2,0
32,2002,19,11400,-1,12.3,0.8,2.1,0
32,2002,20,7100,-1.9,12.8,0.7,1.3,0
32,2002,21,4200,0.3,14,0.9,4.1,0
32,2002,22,9100,-3.4,9.7,0.6,1.2,0
32,2002,23,12200,-2.5,12.8,0.7,2.5,0
32,2002,24,11600,-1.4,11.7,0.7,1.4,0
32,2002,25,4900,-1,10.4,0.8,1.4,1.4
32,2002,26,7600,2.3,12.9,0.9,4,4.7
32,2002,27,11700,-0.2,10.9,0.6,1.5,0
32,2002,28,9100,-2,4.6,0.7,1.5,8.3
32,2002,29,12900,-2.8,10,0.6,2.5,0.1
32,2002,30,13300,-1.7,11.1,0.5,2.6,0
32,2002,31,10400,-3.3,9.8,0.7,1.3,0
32,2002,32,8600,0.5,10.7,0.8,1.5,0.2
32,2002,33,12200,-1.8,14.4,0.8,1,0
32,2002,34,14100,-1.8,15.1,0.8,1.4,0.1
32,2002,35,14700,-1.5,16.1,0.8,1.1,0.1
32,2002,36,10900,-1.6,14.9,0.8,1.1,0.1
32,2002,37,8700,0.3,14.9,1,2.3,0
32,2002,38,2600,4.8,14,1.2,4.2,1.5
32,2002,39,14400,0,14.5,0.8,2.9,0
32,2002,40,15100,3,18.5,0.7,3.6,0
32,2002,41,13800,-0.3,19.2,0.8,1,0
32,2002,42,11900,6.7,19,1,0.8,0
32,2002,43,14600,1,22.8,1,1.8,0
32,2002,44,7200,7.5,14.4,1.2,1.2,0
32,2002,45,14800,8,23.2,1.2,2.4,0
32,2002,46,6000,5.5,15.2,1.1,1.9,0
32,2002,47,6500,5.8,15.4,1.1,1.9,4
32,2002,48,13000,3.1,14.1,1,1.9,0
32,2002,49,6900,7.1,13.9,1.1,2.5,0
32,2002,50,3000,8.9,12.5,1.3,4.7,5.1
32,2002,51,6600,10.7,19,1.5,3.8,0
32,2002,52,13700,6.5,20.4,1.4,1,0
32,2002,53,13000,5.6,20.3,1.4,2.2,0.1
32,2002,54,7500,4.5,17.5,1.1,3,0
32,2002,55,17500,3.7,19.7,1.1,2.3,0
32,2002,56,18400,2.7,22.4,0.9,2,0
32,2002,57,16500,1.8,22.5,0.9,1.3,0
32,2002,58,18600,6.5,23.5,0.9,3,0
32,2002,59,18500,1.8,22.2,0.7,4.1,0
32,2002,60,18900,5.9,17.3,0.5,6,0
32,2002,61,19700,2.7,18.9,0.6,3.5,0
32,2002,62,19200,-0.9,19.9,0.7,1,0
32,2002,63,18300,0.2,20.1,0.8,1.6,0
32,2002,64,4500,7.4,16,1.1,3,0.4
32,2002,65,4500,9.6,18.5,1.3,3.8,5.2
32,2002,66,11700,0.5,14.6,0.6,2.5,0
32,2002,67,18800,-3,13.7,0.5,1.5,0
32,2002,68,7000,-1.4,14.5,0.8,2.3,8.6
32,2002,69,8200,8.3,16.3,1.2,3.4,1.1
32,2002,70,12700,4.6,18.9,1.2,1.4,0
32,2002,71,12500,5.6,18,1.1,3.2,0
32,2002,72,13900,0.4,15.5,0.7,1.5,1.8
32,2002,73,20000,0.5,15.2,0.6,3,0
32,2002,74,16500,-1.3,14.7,0.7,1.1,0
32,2002,75,15100,1.2,13.9,0.7,2,0
32,2002,76,15300,1.2,14.3,0.7,2.2,0.5
32,2002,77,19800,1.8,16.5,0.5,3.5,0
32,2002,78,18500,-0.8,21.6,0.8,1.2,0
32,2002,79,18300,3.8,21.5,1,1.4,0
32,2002,80,20400,5.3,22.9,1.1,1.6,0
32,2002,81,4900,9.2,13.9,1.2,3.6,2.3
32,2002,82,9500,7.8,17.3,1.2,3.3,3.3
32,2002,83,20200,2.9,17.7,1,1.3,0
32,2002,84,13900,1.5,16.9,1,1.1,0
32,2002,85,22900,0.8,22.4,0.9,1.2,0
32,2002,86,23100,2.8,23.9,1,2.5,0
32,2002,87,24200,12.1,27.3,1,6.4,0
32,2002,88,24200,10.2,28.5,0.9,4.1,0
32,2002,89,24800,4.5,29.5,0.9,1.8,0
32,2002,90,25000,4.3,29.5,1,1.2,0
32,2002,91,24000,5.8,30.3,1.2,1.6,0
32,2002,92,22400,6.9,32.7,1.4,2.2,0
32,2002,93,15400,9.8,24.2,1.5,2.7,0
32,2002,94,9200,10.4,18.9,1.4,2.7,0
32,2002,95,10300,10.2,19.8,1.2,2.4,0
32,2002,96,19700,7.3,24.8,1.3,2,0
32,2002,97,23400,6.1,25.4,1.3,1.8,0
32,2002,98,17800,8.8,24.1,1.5,2.7,0
32,2002,99,7200,11.7,18.2,1.4,3.9,0.1
32,2002,100,21500,7,24.5,1.3,1.3,0
32,2002,101,14400,11.3,24.8,1.4,1.5,0
32,2002,102,22500,7.9,27.4,1.2,1.9,0
32,2002,103,24200,8.2,31.6,1.5,1.3,0
32,2002,104,17500,11.1,28.5,1.4,2.7,0
32,2002,105,24700,7.9,19.1,0.8,3.2,0.1
32,2002,106,8200,5.3,14.1,0.9,2.9,0
32,2002,107,18300,0.5,17.1,0.8,2,0
32,2002,108,24800,0.1,18.8,0.7,2.4,0
32,2002,109,28100,7.1,22.7,0.8,2,0
32,2002,110,25300,2.4,24.2,0.9,1.9,0
32,2002,111,27500,3.5,26.6,1,1.3,0
32,2002,112,27800,5.2,28.6,1.1,1.1,0
32,2002,113,28600,7.6,30.3,1.2,1.6,0
32,2002,114,25100,9.7,26.3,1.2,2.2,0
32,2002,115,25300,11.2,27.6,1.3,2.1,0
32,2002,116,26500,9.8,18.3,1.2,3.2,0
32,2002,117,21400,7.7,19.3,1,2.9,0
32,2002,118,17500,6,18.5,0.9,1.4,0
32,2002,119,9300,6.5,16.7,1.1,1.8,0
32,2002,120,9300,4.3,18.4,1,1.8,0.4
32,2002,121,24300,7.9,22.1,1.2,1.6,1
32,2002,122,22900,7.3,25.6,1.3,3,0
32,2002,123,26500,9.3,21.9,1.3,1.8,0
32,2002,124,29700,6.4,29.6,1.3,1.5,0
32,2002,125,30100,8.6,30.3,1.2,1.7,0
32,2002,126,30200,8.5,28.9,1.1,2.1,0
32,2002,127,30300,7.2,23.3,0.7,4.8,0
32,2002,128,31100,11.1,27.2,0.6,3.3,0
32,2002,129,30700,9.6,25.7,1,2.3,0
32,2002,130,30100,5.3,21.9,0.9,3,0
32,2002,131,31400,10.3,27.9,0.9,3.2,0
32,2002,132,27000,8.9,29.8,1.1,1.9,0
32,2002,133,28300,13.8,29.3,1.1,2.9,0
32,2002,134,30500,8.2,29.2,1.2,2.2,0
32,2002,135,28300,9.4,30.1,1.3,2,0
32,2002,136,28700,16.2,32.2,1.2,2,0
32,2002,137,29700,12.3,30.7,1.4,2.5,0
32,2002,138,23100,11,27.6,1.1,4.2,0
32,2002,139,13000,11.7,14.4,1.3,2.7,11.1
32,2002,140,13800,6.7,14.2,1.2,3.2,16.7
32,2002,141,21100,8.3,18.7,1.2,1.6,3.2
32,2002,142,31400,7.2,22.5,1.2,1.4,0
32,2002,143,32300,12.1,27.7,1.1,3.4,0
32,2002,144,30500,9.7,30.8,1.4,1.3,0
32,2002,145,28000,12.2,32.1,1.6,2,0
32,2002,146,28200,12.9,29.1,1.6,2.8,0
32,2002,147,17600,14.1,27.9,1.5,3.4,0
32,2002,148,25200,14.3,29.7,1.9,2,0
32,2002,149,31300,16.5,34.7,2.3,1.4,0
32,2002,150,30200,20.1,36.5,2.6,1.8,0
32,2002,151,31200,17.2,35.2,1.9,2.5,0
32,2002,152,29400,14.2,29,1.6,3.4,0
32,2002,153,31200,10.1,29.1,1.6,1.8,0
32,2002,154,28900,13.7,33.6,1.7,1.6,0
32,2002,155,31200,14.2,36,1.6,2.6,0
32,2002,156,32200,17,38.4,1.8,2.3,0
32,2002,157,32300,15.2,36.7,1.4,2,0
32,2002,158,31800,13.9,33.5,1.2,2.8,0
32,2002,159,33000,16.1,26.3,0.6,7.8,0
32,2002,160,33200,13.9,28,0.8,6.3,0
32,2002,161,32900,15.3,31.9,1.1,5.2,0
32,2002,162,32200,15.5,33.7,1.3,2.2,0
32,2002,163,28300,12.9,33.7,1.7,2.1,0
32,2002,164,28000,13.1,30.7,1.7,3.3,0
32,2002,165,29300,11.4,29.7,1.6,2.3,0
32,2002,166,32900,12.2,32.2,1.6,2.7,0
32,2002,167,32900,13.2,31.6,1.5,2.7,0
32,2002,168,30900,15.2,32.3,1.8,2.3,0
32,2002,169,27400,17.1,32.2,1.9,1.7,0
32,2002,170,33200,17.2,34.9,1.4,3.1,0
32,2002,171,26700,15.1,32.8,1.8,2.8,0
32,2002,172,29700,12.7,26.9,1.6,3.3,0
32,2002,173,30100,12.4,29.6,1.7,2.3,0
32,2002,174,31300,14.4,31.6,1.8,2.4,0
32,2002,175,32000,13.5,34.8,1.8,1.6,0
32,2002,176,30600,14.8,36,1.9,2,0
32,2002,177,26400,15.3,32.7,1.9,2.8,0
32,2002,178,27900,13.4,32.8,1.9,2.5,0
32,2002,179,29700,16,31.7,2,2.6,0
32,2002,180,28900,17.2,34.6,2,1.9,0
32,2002,181,32000,16.3,36.4,1.9,1.6,0
32,2002,182,32400,15.8,39.1,1.8,1.6,0
32,2002,183,31200,18.9,33.7,1.9,3.1,0
32,2002,184,32000,14.6,32.2,1.8,2.7,0
32,2002,185,32400,13.4,33.3,1.6,2.3,0
32,2002,186,31900,13.5,33.7,1.8,2.5,0
32,2002,187,32000,16.1,35.1,1.9,2.5,0
32,2002,188,30300,17.1,33.3,1.6,3.3,0
32,2002,189,32500,17.3,35.4,1.5,2.6,0
32,2002,190,32400,14.1,39.1,1.9,1.4,0
32,2002,191,31900,16.6,43.1,2.2,1.4,0
32,2002,192,29000,18.9,38.8,1.9,2.5,0
32,2002,193,21500,21.7,37.6,2,1.8,0
32,2002,194,27400,17.7,38.1,2,2.5,0
32,2002,195,31200,17.1,34.2,2,2.9,0
32,2002,196,27900,14.5,31.8,1.7,2.6,0
32,2002,197,28100,11.2,31.8,1.6,2.2,0
32,2002,198,30100,11.1,33.6,1.6,1.9,0
32,2002,199,29100,14.5,32.9,1.9,1.9,0
32,2002,200,31600,14.5,36.4,1.9,1.7,0
32,2002,201,28400,15.6,37.3,1.9,2.2,0
32,2002,202,25700,16.4,30.9,1.9,3.3,0
32,2002,203,23500,15.3,31.8,1.8,2.7,0
32,2002,204,27800,15.2,32.1,1.7,2.7,0
32,2002,205,30000,15.8,33,1.6,2.4,0
32,2002,206,27100,11.9,34.6,1.5,1.8,0
32,2002,207,27300,11.8,36.3,1.9,1.9,0
32,2002,208,26800,15.8,36.9,2,2.2,0
32,2002,209,25000,15.2,34.6,2,2.8,0
32,2002,210,24700,14,33.1,2,2.5,0
32,2002,211,24300,14.9,33.6,2,2.1,0
32,2002,212,21100,16.7,33.8,2,2.3,0
32,2002,213,24000,15.5,32.9,1.9,2.6,0
32,2002,214,23300,16.1,33.1,2,3,0
32,2002,215,18700,14,29.5,1.8,3.7,0
32,2002,216,19100,12.1,26,1.7,1.7,0
32,2002,217,30100,11.7,30.8,1.4,1.9,0
32,2002,218,29600,9.7,30.2,1.3,1.4,0
32,2002,219,30000,10.5,34,1.2,2,0
32,2002,220,29400,9.5,37.9,1.3,1.7,0
32,2002,221,29400,12.9,39.7,1.5,1.6,0
32,2002,222,28500,14.4,39,1.7,1.5,0
32,2002,223,26900,13.5,39.2,1.6,1.5,0
32,2002,224,25600,13.5,39.4,1.7,1.7,0
32,2002,225,24500,15.4,38.4,1.9,2.1,0
32,2002,226,22900,15.4,37.2,1.9,2.2,0
32,2002,227,22600,16.2,36.1,1.9,2.4,0
32,2002,228,21600,19.6,35.2,2.1,2.1,0
32,2002,229,21700,15,31.9,1.9,2.3,0
32,2002,230,24200,14.2,33.6,1.8,2.4,0
32,2002,231,21500,13.5,29.2,1.6,2.8,0
32,2002,232,26800,10.7,30.4,1.5,1.6,0
32,2002,233,23000,11.5,33.2,1.5,2,0
32,2002,234,21300,12.6,30.4,1.5,2.6,0
32,2002,235,20800,10.8,29.1,1.5,2.2,0
32,2002,236,21200,11.3,31.4,1.6,2.3,0
32,2002,237,26100,11.1,33.3,1.6,1.6,0
32,2002,238,25800,13.3,36.1,1.5,2.3,0
32,2002,239,26600,19.8,36.7,1.4,3.8,0
32,2002,240,23500,17.7,38.9,1.6,2.7,0
32,2002,241,18500,15.4,31.8,1.8,2.7,0
32,2002,242,21400,12.1,32.8,1.7,2,0
32,2002,243,23400,12.7,37.5,1.6,1.2,0
32,2002,244,25500,13.1,39.8,1.6,1.3,0
32,2002,245,25500,14.8,39.5,1.6,1.7,0
32,2002,246,23300,13.4,35.8,1.4,2.9,0
32,2002,247,24500,15.3,34.2,1.2,4.2,0
32,2002,248,25200,12.7,27.5,1.1,2.5,0
32,2002,249,21900,12.3,26.5,1.2,2.9,0
32,2002,250,23700,7.3,27.3,1.2,1.4,0
32,2002,251,24900,7,30.9,1.1,1.4,0
32,2002,252,24700,8.5,34.1,1.2,1.5,0
32,2002,253,22600,9.8,35.6,1.4,1.2,0
32,2002,254,22200,18.9,37,1.3,2.1,0
32,2002,255,22000,11.5,35.4,1.4,2,0
32,2002,256,19400,10.4,34.4,1.4,2.1,0
32,2002,257,19300,9.3,33.8,1.4,1.7,0
32,2002,258,14500,15.7,29.4,1.5,3.1,0
32,2002,259,22300,9.4,29.1,1.6,1.5,0
32,2002,260,19900,11.4,30.8,1.6,1.4,0
32,2002,261,22300,13.1,33.5,1.3,5.2,0
32,2002,262,22500,15.4,36.6,1.1,2.2,0
32,2002,263,22000,10.8,36.8,1.4,1.2,0
32,2002,264,21600,11.6,37.4,1.5,1.1,0
32,2002,265,21700,11.4,37.9,1.5,1.1,0
32,2002,266,21600,11.9,37.8,1.4,1.1,0
32,2002,267,21900,11.4,36.3,1.3,1.5,0
32,2002,268,20300,10.2,36.4,1.4,1.4,0
32,2002,269,18900,9.9,33.4,1.3,2.8,0
32,2002,270,19500,11.1,23.9,1.5,2.1,0
32,2002,271,18900,8.2,25.6,1.4,2.1,0
32,2002,272,15500,8.7,26.6,1.4,2.6,0
32,2002,273,17500,9.6,25.4,1.2,1.9,0
32,2002,274,20500,11.6,23.8,0.6,6.4,0
32,2002,275,20400,8.6,25,0.6,4.2,0
32,2002,276,17900,5.1,27.5,0.7,1.2,0
32,2002,277,18900,7.8,29.9,1.1,2.3,0
32,2002,278,19100,9.3,31.7,1.2,1.7,0
32,2002,279,19100,11.8,34.9,1.3,2.1,0
32,2002,280,19300,9.8,35.6,1.2,1.6,0
32,2002,281,19100,8.2,33.8,1.2,1.2,0
32,2002,282,15000,9.4,31.3,1.3,1.4,0
32,2002,283,14600,12.1,24.7,1.5,3.6,0
32,2002,284,18900,5.7,27.7,0.8,2.3,0
32,2002,285,18900,3.5,30.3,0.7,1.7,0
32,2002,286,17600,4.1,31.7,0.9,1,0
32,2002,287,17000,4.7,31.5,0.9,1.1,0
32,2002,288,14500,6.1,29.1,1,1.8,0
32,2002,289,14200,12.3,24.5,1.3,2,0
32,2002,290,11000,5.4,23.4,1.2,1.7,0
32,2002,291,12300,6.3,22.6,1.3,1.1,0
32,2002,292,14100,5.6,25,1.3,0.9,0
32,2002,293,16000,6,26.3,1.2,1,0
32,2002,294,14800,5.9,26.4,1.1,1.5,0
32,2002,295,12200,5.4,25.1,1.2,2.1,0
32,2002,296,8500,8.7,19.7,1.3,1.7,0
32,2002,297,7700,5.2,15,1.2,1,0
32,2002,298,14000,7.1,22,1.1,1.4,0
32,2002,299,14900,3.3,23.5,1.1,1.4,0
32,2002,300,13500,4.4,25.9,1,1.4,0
32,2002,301,14100,3.4,24.8,1.1,1.1,0
32,2002,302,14100,3.4,23.6,0.8,1.1,0
32,2002,303,14500,2.3,19.7,0.7,2.1,0
32,2002,304,14300,0.2,20.2,0.5,2.2,0
32,2002,305,13700,1.3,18.9,0.4,2.3,0
32,2002,306,13900,-1.8,21.4,0.5,1.1,0
32,2002,307,13600,1,21.6,0.7,1.1,0
32,2002,308,13100,-0.1,22.5,0.7,0.9,0
32,2002,309,13300,0.7,21.6,0.8,1.1,0
32,2002,310,7700,3,18.4,0.9,1.5,0
32,2002,311,2400,11,17.4,1.5,5.9,39.6
32,2002,312,1500,13.7,21.4,1.6,4.4,2.9
32,2002,313,3500,10.7,17.2,1.3,3.5,0.8
32,2002,314,7300,11.8,18.7,1.5,1.7,0.4
32,2002,315,9800,8.4,18.3,1.4,1.7,0
32,2002,316,1600,7.4,17.6,1.4,1.5,1
32,2002,317,8900,6.6,19,1.3,1.7,0
32,2002,318,11600,6.2,21,1.1,2.7,0
32,2002,319,11600,3.3,19,1.1,0.8,0
32,2002,320,6300,3.6,14.2,1.1,1.3,0.1
32,2002,321,10700,4.4,19.3,1.1,1.8,0.2
32,2002,322,9800,1.9,16.5,1,0.8,0
32,2002,323,11400,2.3,23.8,1.1,1.1,0.1
32,2002,324,10000,4.2,21.2,1.3,0.8,0
32,2002,325,9100,0,21.6,1.3,0.8,0
32,2002,326,8000,5,20.4,1.2,1.1,0.1
32,2002,327,8200,8,10.8,1.3,1.5,0
32,2002,328,10400,7.9,10.5,1.2,0.6,0.2
32,2002,329,11400,6.7,19.5,0.7,4.5,0
32,2002,330,11300,11.4,22.5,0.6,5.1,0
32,2002,331,10800,2,23.5,0.7,2.7,0
32,2002,332,10800,0.7,19.8,0.9,0.9,0
32,2002,333,10700,0.2,17.7,0.9,0.9,0.1
32,2002,334,9500,0.5,15.5,0.9,0.9,0.1
32,2002,335,9800,1.9,16.5,0.9,1,0
32,2002,336,10500,0.9,18,0.9,0.9,0
32,2002,337,8400,1.1,15.6,0.9,0.8,0.1
32,2002,338,6900,2.3,17.6,1,1.1,0
32,2002,339,8000,2.1,14.9,1,0.9,0
32,2002,340,5900,2.5,16.6,1,0.9,0.1
32,2002,341,10000,1,19.6,0.9,1,0.1
32,2002,342,8000,0.4,13.6,0.9,0.9,0
32,2002,343,3800,2.6,11.5,1.1,1.6,1.7
32,2002,344,6400,7.9,13.1,1.3,2.7,0.4
32,2002,345,4800,3.7,12.1,1.2,1.1,0
32,2002,346,6300,4,10.6,1.1,1.7,0.6
32,2002,347,1300,8.7,12.6,1.3,0.4,34.4
32,2002,348,1100,11,14.5,1.4,4,21.4
32,2002,349,2300,9.2,12.5,1.3,2.1,15.2
32,2002,350,3300,10,15,1.2,2.5,21.5
32,2002,351,7800,3.3,15.3,1,1.1,0
32,2002,352,8400,0.3,11.6,0.9,1.8,0
32,2002,353,1200,4.3,7.3,0.9,3.3,11.5
32,2002,354,2400,6.3,9.7,1.1,4.9,9.2
32,2002,355,7900,3.5,12.2,1.1,1.1,0.8
32,2002,356,9600,3.8,13.1,0.8,4,0
32,2002,357,9900,3.2,11.8,0.7,3.4,0
32,2002,358,6400,4.6,9.4,0.9,1.7,0
32,2002,359,3200,2.6,8.6,0.9,1,0
32,2002,360,2100,5.8,10.2,1.1,0.8,12.5
32,2002,361,1700,10.1,14.2,1.3,1.8,0.1
32,2002,362,3850,8.1,14.5,1.2,0.4,7.9
32,2002,363,6000,3.8,12,1.1,1.5,0.7
32,2002,364,1500,7.9,9.6,1.1,0.7,9.7
32,2002,365,4000,4,15.3,1,2,8.2
