*---------------------------------------------------------*
* Weather file for rice yield gap assessment using Oryza(v3)
*      Project: Global Yield Gap Atlas (www.yieldgap.org)
*      Country: USA
*  Station_num: 12
* Station_name: Durham
*         Year: 2003
*       Source: http://www.cimis.water.ca.gov
*       Author: M. Espe
*         Date: 11-16-2015
*    Longitude: -121.82
*     Latitude: 39.61
*    Elevation: 130
*
*  Columns:
*  1. station number
*  2. year
*  3. day
*  4. average insolation incident on a horizontal surface (kJ m-2 d-1)
*  5. minimum temperature (degrees Celsius)
*  6. maximum temperature (degrees Celsius)
*  7. vapour pressure (kPa)
*  8. mean wind speed (m s-1)
*  9. precipitation (mm d-1)
*---------------------------------------------------------*
-121.82,39.61,130,0,0
12,2003,1,7100,1.8,13.7,0.9,1.2,0
12,2003,2,3900,4.3,11.8,0.9,1.3,0
12,2003,3,7500,4,16.2,1,1.3,0
12,2003,4,6500,7.1,14.9,1.1,1.5,0
12,2003,5,10200,6.5,20.1,0.9,2.7,0
12,2003,6,10900,6.6,18.8,0.9,2.5,0
12,2003,7,10500,2.4,17.7,0.9,1.7,0.1
12,2003,8,8100,2,7.4,0.9,1.5,0.1
12,2003,9,2300,5.7,7.8,0.9,1,8.5
12,2003,10,1200,7.8,12.7,1.2,3.2,24.3
12,2003,11,2200,10,13.5,1.2,1.7,0
12,2003,12,1800,9.8,12.9,1.2,2.5,17.2
12,2003,13,2800,11.5,15.5,1.3,2.5,16.6
12,2003,14,4200,7.6,12.8,1.1,1.6,0.9
12,2003,15,10900,3.5,16.1,1,1.9,0.1
12,2003,16,11100,2.3,14.8,0.9,1.1,0.1
12,2003,17,10400,7.4,12.4,1.1,1.7,0
12,2003,18,9400,6.4,8.4,1,1.2,0.2
12,2003,19,9000,5.6,7.7,0.9,1.2,0.4
12,2003,20,7300,5.4,6.9,0.9,1.5,0.2
12,2003,21,4600,6.2,9.1,1,1.3,13
12,2003,22,2100,8.3,13.1,1.2,2.7,12.8
12,2003,23,4100,10.8,13.6,1.3,1.6,0.4
12,2003,24,4300,8,12.7,1.2,1.1,0.8
12,2003,25,9100,10.6,18.7,1.3,1.8,0.1
12,2003,26,5500,12.1,15.8,1.4,1.6,0
12,2003,27,5100,7.8,15.7,1.4,1.2,0
12,2003,28,10800,5.7,17.1,1.1,1.4,0.1
12,2003,29,9300,5,14,1.1,1.2,0.1
12,2003,30,9300,8.7,17.3,1.2,1.1,0.2
12,2003,31,7400,9.4,13.3,1.2,1.8,0
12,2003,32,8300,6.1,14.9,1,2.2,0.8
12,2003,33,13600,3.1,16.2,0.7,2.7,0
12,2003,34,14300,0.2,15.5,0.8,1.5,0
12,2003,35,14300,0.3,16.5,0.6,2.5,0
12,2003,36,14400,2.7,15.9,0.5,2.8,0
12,2003,37,14800,0.9,16.3,0.5,2.6,0
12,2003,38,14700,1,15.7,0.4,2.5,0
12,2003,39,15400,-1.7,16.4,0.4,1.4,0
12,2003,40,14900,-2.5,15.9,0.6,1.2,0
12,2003,41,14900,1.1,18.3,0.7,1.7,0
12,2003,42,10700,4.1,14.4,0.8,1.9,0
12,2003,43,3500,5.1,11.3,0.9,2,4.7
12,2003,44,5000,9.6,16,1.3,1.5,13.6
12,2003,45,11700,8.3,18.8,1.3,1.4,0
12,2003,46,4500,9.9,13.5,1.2,3.5,31.8
12,2003,47,11000,6.4,15.4,1,3.5,6.2
12,2003,48,13900,4.1,16.6,0.8,1.5,0
12,2003,49,12700,1.3,16.6,0.8,1,0
12,2003,50,10700,3.9,13.4,0.9,1.8,3.5
12,2003,51,16100,3.9,18.9,0.8,3.1,0.1
12,2003,52,17100,1.5,16.8,0.9,1.2,0
12,2003,53,17000,1.5,19.3,0.8,1.8,0
12,2003,54,15100,1,17.6,0.9,1.3,0
12,2003,55,6800,7.2,14.9,1.1,1.2,0.8
12,2003,56,16700,3.3,17.2,0.7,2.4,0
12,2003,57,13500,-0.7,15.9,0.8,2.6,0
12,2003,58,17500,3.2,16.2,0.8,1.3,0
12,2003,59,13200,0.1,15.3,0.7,1.4,0
12,2003,60,17200,1.7,18.1,0.7,1.8,0
12,2003,61,18900,1.7,17.9,0.7,2.4,0
12,2003,62,10400,3.3,13.5,0.9,2.8,0
12,2003,63,18800,-0.2,16.4,0.7,1.8,0.1
12,2003,64,19500,0,17.8,0.8,1.5,0
12,2003,65,20000,2.7,19.5,0.9,1.7,0
12,2003,66,20000,5.2,17.9,0.9,1.7,0
12,2003,67,19500,1.6,19.1,0.9,1.6,0
12,2003,68,13300,7.1,18.4,1,2.2,0
12,2003,69,14400,8.7,21,1.2,1.2,0.6
12,2003,70,13700,6.4,22.3,1.2,1.1,0.1
12,2003,71,15000,7.7,20.9,1.3,2.5,0
12,2003,72,8500,12.6,18.2,1.2,4.6,4.4
12,2003,73,7800,11,18.5,1.3,5.1,22.4
12,2003,74,16300,10,17.6,1.1,4.3,16.9
12,2003,75,13800,7.1,16.1,1,2.6,2.1
12,2003,76,19400,3.8,17.5,0.8,2.8,0.1
12,2003,77,21000,3.8,19.3,0.7,2.7,0
12,2003,78,14900,2.5,18.4,0.9,2.8,1.1
12,2003,79,18100,7.8,18.6,1.1,1.6,0
12,2003,80,17200,5.4,21.1,1.1,1.2,0
12,2003,81,10800,11,18.4,1.3,4.5,1
12,2003,82,17800,8.3,19.3,1.2,1.4,0.6
12,2003,83,22600,5.2,21.4,1,1.2,0
12,2003,84,10900,5.9,22,1.1,2.4,0
12,2003,85,20000,10.5,22.6,1.2,3.8,0.4
12,2003,86,23000,6.8,19.8,0.6,3.4,0
12,2003,87,23100,5.1,22,0.7,2.8,0
12,2003,88,22800,8.5,26.9,0.9,1.6,0
12,2003,89,23000,6.5,25.6,1.2,1.4,0
12,2003,90,19400,10,25,1.2,2.8,0
12,2003,91,14700,8.8,16.8,1,5.1,0.1
12,2003,92,15300,3.7,14.9,0.7,4.6,0
12,2003,93,14300,1.9,14.8,0.7,3.8,0
12,2003,94,16200,3.6,15.5,0.8,3.2,7.9
12,2003,95,18800,0,16.1,0.8,1.2,0.1
12,2003,96,13500,7.6,17.7,0.9,2.3,0
12,2003,97,23400,5.4,23.2,1,1.6,0
12,2003,98,24200,7.4,24.8,1.1,1.8,0
12,2003,99,22500,7.5,25,1.1,1.5,0
12,2003,100,16800,9.4,21.5,1.2,4.2,0
12,2003,101,19600,4.5,20.3,0.9,2.8,0
12,2003,102,4900,8.3,14.1,1.1,4.7,24.3
12,2003,103,11500,6.7,14.3,1,3.3,13.9
12,2003,104,19100,2.5,17.1,0.9,1.4,0.1
12,2003,105,15800,2.3,16.4,0.9,2.5,0
12,2003,106,9800,7.4,18.2,1,1.4,0
12,2003,107,19000,10,18.9,1.1,1.3,2.8
12,2003,108,26300,5.8,19.9,0.8,2.1,0
12,2003,109,27300,6.2,22.5,0.8,2.2,0
12,2003,110,19000,7.5,20.8,1,2.6,0
12,2003,111,12700,5.4,16.6,1,4.4,2.8
12,2003,112,20100,4.6,17.8,0.9,1.6,0
12,2003,113,9100,9.4,16.8,1.1,4.5,8.4
12,2003,114,16700,7.4,15,1,4.3,9.7
12,2003,115,13400,7,14.9,0.9,4.1,4
12,2003,116,19300,6,16.9,0.9,2,0
12,2003,117,19400,5.9,19.7,1,2.9,10.6
12,2003,118,8900,7.6,13.5,1,4.5,10.5
12,2003,119,11300,7.2,15.1,1.1,4.1,3.7
12,2003,120,22900,4.9,19.8,1,1.3,0
12,2003,121,21700,7.5,21.2,1.1,1.9,0
12,2003,122,4800,10.3,15.7,1.3,1.6,4.4
12,2003,123,13600,11.8,17.5,1.4,2.9,16.2
12,2003,124,18000,9.9,18.9,1.1,3.2,0
12,2003,125,29100,11.7,20.9,1.1,1.6,0
12,2003,126,14100,9.2,19.1,1.2,1.9,0
12,2003,127,19400,8.6,20.1,1.2,2.7,0
12,2003,128,19300,5.6,17.5,1,2.4,0
12,2003,129,26000,3.3,18.8,1,1.4,0
12,2003,130,26300,5.6,22.4,1.1,1.6,0
12,2003,131,25300,6.8,23,1.2,1.6,0
12,2003,132,29200,8.5,26.7,1.2,1.3,0
12,2003,133,28700,10.6,30.5,1.3,1.3,0
12,2003,134,29300,12.4,30.2,1.4,1.9,0
12,2003,135,27400,11.5,23.6,1.3,3,0
12,2003,136,30200,10.5,26.3,1.1,1.6,0
12,2003,137,31900,12.1,25,0.6,4,0
12,2003,138,32200,11,24.1,0.5,4.8,0
12,2003,139,32000,10.9,28.5,0.8,2.3,0
12,2003,140,31600,9.6,32.2,1.2,1.2,0
12,2003,141,31900,11.8,34.5,1.5,1.1,0
12,2003,142,32500,14.8,35.2,1.9,1,0
12,2003,143,31600,17,36.4,1.9,1.6,0
12,2003,144,27800,15.1,28.1,1.6,3.6,0
12,2003,145,22600,13.2,26.4,1.5,3.3,0
12,2003,146,30200,12.1,28.1,1.4,1.7,0
12,2003,147,32300,13.4,32.2,1.6,2,0
12,2003,148,28400,17.2,35.6,2.1,1.1,0
12,2003,149,21600,14.7,29.6,1.8,3.1,0
12,2003,150,26100,14.4,25.6,1.5,2.1,0
12,2003,151,32000,13.8,31.9,1.8,1.2,0
12,2003,152,32700,16.1,35.9,1.6,1.8,0
12,2003,153,32500,13.8,35.4,1.6,1.6,0
12,2003,154,32300,14.7,37.3,1.9,1.3,0
12,2003,155,32800,16.7,33.1,2,1.8,0
12,2003,156,32700,16.4,31.7,1.9,1.8,0
12,2003,157,32000,14.94,29.8,2,2.3,0
12,2003,158,31000,14.6,29.6,1.9,2.2,0
12,2003,159,32400,15.9,30.9,1.9,2,0
12,2003,160,31100,15.4,29.3,1.6,2.7,0
12,2003,161,29300,13.6,25.5,1.5,2.9,0
12,2003,162,28300,13.2,26.8,1.5,2.8,0
12,2003,163,27100,12.4,25,1.5,2.6,0
12,2003,164,30200,13.1,27.5,1.5,2.2,0
12,2003,165,31300,13.4,30,1.5,1.7,0
12,2003,166,31100,14.3,34.8,1.7,1.3,0
12,2003,167,31600,15.8,36.2,1.9,1.8,0
12,2003,168,30700,18.7,35.1,2,2.1,0
12,2003,169,26200,17.2,29.3,1.7,2.8,0
12,2003,170,28700,14.5,28.6,1.5,2.9,0
12,2003,171,30800,15.4,28.8,1.4,2.7,0
12,2003,172,31000,13.8,27.2,1.4,1.9,0
12,2003,173,30200,15.1,29.5,1.3,1.3,0
12,2003,174,30000,13.4,29.4,1.1,2.3,0
12,2003,175,32200,13.8,31.6,1.1,2.4,0
12,2003,176,32200,15.3,35,1.4,1.9,0
12,2003,177,32200,16.5,36.5,1.7,1.6,0
12,2003,178,31800,17.9,37.2,1.9,1.4,0
12,2003,179,31200,18,36.2,1.8,2.1,0
12,2003,180,31900,19.1,33.9,1.4,3,0
12,2003,181,31000,16.6,31.8,1.4,2.7,0
12,2003,182,32000,13.6,30.8,1.4,2.6,0
12,2003,183,32500,14,32,1.2,2.3,0
12,2003,184,32600,14,31.6,1.3,1.6,0
12,2003,185,32800,14.6,34.9,1.5,1.3,0
12,2003,186,32900,16.4,34.7,1.7,1.9,0
12,2003,187,32100,16.5,32.3,1.7,2.3,0
12,2003,188,31400,15.9,28.9,1.6,3.3,0
12,2003,189,32800,12.8,32.8,1.5,1.4,0
12,2003,190,32300,14,35.2,1.6,1.5,0
12,2003,191,31800,17.2,35.9,1.7,1.7,0
12,2003,192,32500,16.7,35.2,1.8,1.6,0
12,2003,193,32100,19.3,34.6,1.8,2.1,0
12,2003,194,32300,16.1,32.3,1.7,1.6,0
12,2003,195,32100,15.7,35.6,1.7,1.4,0
12,2003,196,31000,16.01,34.8,2,2.5,0
12,2003,197,31200,17.1,34.1,1.9,1.4,0
12,2003,198,30700,18.4,38.1,1.8,1.3,0
12,2003,199,30500,18.9,38.2,1.9,1.4,0
12,2003,200,27000,19,34.7,2.2,1.9,0
12,2003,201,27800,21.5,36.8,2.3,1.5,0
12,2003,202,29000,21.5,37.5,2.3,1.6,0
12,2003,203,30000,21.6,38.2,2.4,1.5,0
12,2003,204,20500,22.2,33.3,2.2,2,0
12,2003,205,17200,23.2,36.3,2.5,1.2,0
12,2003,206,21200,20.5,33.7,2,2,0
12,2003,207,30300,17.6,35.8,2,1.3,0
12,2003,208,27900,18.6,41.5,2,1.5,0
12,2003,209,30700,19.1,36.8,2.3,1.4,0
12,2003,210,29200,21.7,38.4,2.4,1.7,0
12,2003,211,24100,21,32.2,2,2.2,0
12,2003,212,22900,19.5,32.6,1.8,2.2,0
12,2003,213,20400,18.9,31,2.1,1.6,0
12,2003,214,14600,18,26,2.1,2,0
12,2003,215,25800,18.5,31.2,2.2,1.5,0
12,2003,216,25400,16.8,30.3,1.8,2.7,0
12,2003,217,22700,15.3,27.3,1.6,2.7,0
12,2003,218,26400,15.6,28.1,1.6,3,0
12,2003,219,28000,13.8,28.1,1.5,2,0
12,2003,220,29800,12.9,29.7,1.5,1.5,0
12,2003,221,29800,16.7,31.8,1.5,2.4,0
12,2003,222,30000,13.4,32,1.5,2.3,0
12,2003,223,29900,14.2,31.3,1.4,1.5,0
12,2003,224,29700,13,32.1,1.4,1.5,0
12,2003,225,29800,12.45,32.4,1.6,1.1,0
12,2003,226,27600,14,31.7,1.4,1.7,0
12,2003,227,28900,13,31.8,1.4,1.4,0
12,2003,228,28700,12.4,35,1.5,1.2,0
12,2003,229,28300,13.4,34.8,1.7,1.2,0
12,2003,230,27900,14.3,34.2,1.8,1.7,0
12,2003,231,25500,16.3,31.7,1.8,1.7,0
12,2003,232,27200,14.5,34.4,1.8,1.3,0
12,2003,233,18900,19.4,29.7,1.8,2.1,0
12,2003,234,14300,16.8,24.1,1.9,2.2,0
12,2003,235,25700,14.9,30.5,1.9,1.2,0
12,2003,236,27000,15.4,33.8,1.8,1.3,0
12,2003,237,26900,14.7,36.5,1.6,1.2,0
12,2003,238,23900,20.6,34.9,1.7,1.6,0
12,2003,239,25000,14.3,32.2,1.6,1.9,0
12,2003,240,26200,13.9,30.9,1.5,1.9,0
12,2003,241,26300,11.1,33.7,1.6,1.2,0
12,2003,242,26100,14.3,33.1,1.6,1.3,0
12,2003,243,23700,17.2,37.7,1.8,1.4,0
12,2003,244,25300,16.5,36.1,1.8,1.4,0
12,2003,245,25400,17.2,39.3,1.8,1.2,0
12,2003,246,15200,18.1,35.3,1.9,1.6,0
12,2003,247,19300,18.9,32.5,2.1,1.7,0
12,2003,248,24700,15.5,31.4,1.7,1.6,0
12,2003,249,24600,12.2,27.5,1.4,2.1,0
12,2003,250,13500,12.4,23.6,1.5,1.6,0
12,2003,251,22600,14,27.7,1.3,1.4,0
12,2003,252,14800,15,25.1,1.4,2.5,0
12,2003,253,24200,14.1,30.9,1.2,2.9,0
12,2003,254,24200,17.5,35.6,1.4,1.8,0
12,2003,255,23500,16.3,36.3,1.1,2.5,0
12,2003,256,23400,19.3,35,0.8,2.4,0
12,2003,257,21900,14,33.6,1.1,1.6,0
12,2003,258,20700,14.8,29.3,1.5,2.4,0
12,2003,259,20600,10.9,25.6,1.3,1.8,0
12,2003,260,21900,15.4,28.9,0.7,3.2,0
12,2003,261,22900,13.1,33.2,0.8,1.6,0
12,2003,262,22000,8.8,32.2,1.2,1.1,0
12,2003,263,21900,13.4,36.8,1.2,1.6,0
12,2003,264,19200,11.2,35.3,1.4,1,0
12,2003,265,21200,13.8,36.4,1.4,1.1,0
12,2003,266,20100,13.5,34.3,1.5,1.4,0
12,2003,267,19800,13.6,30.7,1.6,1.6,0
12,2003,268,19800,11.3,27.3,1.6,1.3,0
12,2003,269,20200,11.6,27.9,1.6,1.2,0
12,2003,270,19700,12.5,30.4,1.7,1,0
12,2003,271,18900,12.5,29.7,1.7,1.8,0
12,2003,272,18400,12.2,25.9,1.6,1.3,0
12,2003,273,17400,10,29.7,1.3,1,0
12,2003,274,19000,12.4,27.7,1.4,1.3,0
12,2003,275,17500,10.1,26.9,1.5,1.3,0
12,2003,276,18100,11.1,25.9,1.5,1.6,0
12,2003,277,16100,14.7,25.9,1.6,1.5,0
12,2003,278,18100,12.5,31,1.5,1,0
12,2003,279,18800,11.3,30.8,1.5,1.1,0
12,2003,280,18600,12.1,29.9,1.4,1.1,0
12,2003,281,18500,12.9,28.6,1.4,1.4,0
12,2003,282,17000,11.5,25.9,1,2.6,0
12,2003,283,18200,13.4,24.4,0.6,4,0
12,2003,284,17600,5.7,27.7,0.8,1.2,0
12,2003,285,17200,8,27.7,0.8,2.5,0
12,2003,286,17300,12.4,29.9,0.6,2.2,0
12,2003,287,17000,6.8,29.4,0.9,1.1,0
12,2003,288,12600,6,24,1,1.2,0
12,2003,289,16000,7.2,27.5,1,1,0
12,2003,290,14900,9.1,28.1,1.2,0.9,0
12,2003,291,13700,8.9,27.9,1.1,1.4,0
12,2003,292,13200,10.5,28.6,1.2,1.2,0
12,2003,293,15900,9.8,31.4,1.2,1.3,0
12,2003,294,15900,8.3,31.1,1.2,1.2,0
12,2003,295,12600,9.3,29.4,1.2,1.3,0
12,2003,296,15500,7.8,28.8,0.9,2.6,0
12,2003,297,15400,7.8,31.2,0.8,1.4,0
12,2003,298,14800,13.1,32.8,0.7,2.3,0
12,2003,299,14700,12.2,34.1,0.8,2.1,0
12,2003,300,14900,7.8,32.7,1.1,0.9,0
12,2003,301,14500,10.3,30.1,1,1.4,0
12,2003,302,13200,9.6,27,0.8,2,0
12,2003,303,11600,7.6,17.6,0.6,1.8,0
12,2003,304,6400,0,13.1,0.9,1.2,0
12,2003,305,13200,0.6,16.9,0.7,1.2,0
12,2003,306,6900,1.6,12.5,0.8,2.4,0
12,2003,307,11400,0,13.4,0.8,1.2,0
12,2003,308,12400,0.5,14.8,0.8,1.1,0.7
12,2003,309,8200,3.7,16.9,0.9,1.2,0
12,2003,310,4400,3.2,15.3,0.9,1.1,0.7
12,2003,311,3100,9.8,15.6,1.2,1.2,8.2
12,2003,312,3700,10.3,19.1,1.2,3.5,16
12,2003,313,5600,9.6,17.9,1.2,3,7.9
12,2003,314,12700,7.8,18.7,1,2,0
12,2003,315,13000,5.1,21.1,0.9,2.2,0
12,2003,316,13000,8.8,21.9,0.9,2.4,0
12,2003,317,8700,5.2,16.9,1.1,1.3,0
12,2003,318,3400,10.2,14.9,1.2,3.1,4.9
12,2003,319,5400,8.7,12.6,1.1,3.1,4.7
12,2003,320,5200,5.1,13.9,1,2,0.1
12,2003,321,8900,5.9,17.7,1.2,1.8,0
12,2003,322,12100,3.5,17.4,1,0.9,0.1
12,2003,323,9600,5.7,18.1,1.1,0.9,0
12,2003,324,9300,8.3,16.4,1.1,1.4,0
12,2003,325,10500,5.3,13.8,0.5,2.8,0
12,2003,326,11400,-0.2,12.3,0.4,2.8,0
12,2003,327,11800,-3.2,13.6,0.5,1.7,0
12,2003,328,11500,-1.2,15.1,0.6,1,0
12,2003,329,9100,-1.9,12.5,0.6,1.2,0
12,2003,330,10800,-0.8,15.2,0.7,1.6,0
12,2003,331,7100,-0.5,13.1,0.7,1.7,0
12,2003,332,3600,5.6,13.2,0.9,1.3,0.6
12,2003,333,2300,8.7,11.9,1.1,2.7,3.6
12,2003,334,2600,9,12.4,1.1,1.9,6.9
12,2003,335,1900,9.7,14.3,1.2,1.8,14.9
12,2003,336,6200,9.1,17.3,1.3,1,1.3
12,2003,337,9500,6.3,18.5,1.1,1.4,0.2
12,2003,338,2300,9.8,11.9,1.2,1.9,2.9
12,2003,339,2100,10.4,14.1,1.2,3,5.7
12,2003,340,2900,12,14.9,1.3,5.3,5.1
12,2003,341,8200,1.8,15.9,1,2.3,0
12,2003,342,10400,-0.3,14,0.7,1.5,0.1
12,2003,343,2400,5.4,9.9,0.9,2.1,13.3
12,2003,344,5200,6.1,13.1,1.1,3.4,18
12,2003,345,9100,4.1,13.1,0.9,1.4,1.2
12,2003,346,2400,5.8,9.3,0.9,2.6,3.4
12,2003,347,3000,8.5,13.5,1.1,5.4,0.9
12,2003,348,9200,1.1,14.7,0.8,2.1,12.3
12,2003,349,8300,0.8,12.7,0.7,1.6,0
12,2003,350,7400,0.1,12.5,0.7,1.3,0
12,2003,351,7200,1.7,12.5,0.7,1.9,0
12,2003,352,9900,0.6,17,0.7,1.2,0
12,2003,353,2900,1.3,11.7,0.9,1.6,16.9
12,2003,354,3500,8,11.5,1.1,1.5,6.6
12,2003,355,9500,6.1,16.3,1,1.5,0.2
12,2003,356,6700,2.5,12,0.9,1,0.1
12,2003,357,1900,4.2,12,1,2.9,10.5
12,2003,358,3000,9.5,12.3,1.2,5.5,12.8
12,2003,359,8100,6.4,12.7,0.9,2.1,0
12,2003,360,9100,-1.6,9.2,0.6,1.7,0
12,2003,361,9500,-2.8,9.3,0.6,1.1,0.1
12,2003,362,4100,-3.2,6.4,0.6,2,2.5
12,2003,363,3100,5.5,8,0.8,5,49.1
12,2003,364,5400,5.5,10.2,0.9,1.7,1.8
12,2003,365,3700,5.6,10.4,1,2.6,1.9
