*---------------------------------------------------------*
* Weather file for rice yield gap assessment using Oryza(v3)
*      Project: Global Yield Gap Atlas (www.yieldgap.org)
*      Country: USA
*  Station_num: 166
* Station_name: Lodi West
*         Year: 2005
*       Source: http://www.cimis.water.ca.gov
*       Author: M. Espe
*         Date: 11-16-2015
*    Longitude: -121.39
*     Latitude: 38.13
*    Elevation: 25
*
*  Columns:
*  1. station number
*  2. year
*  3. day
*  4. average insolation incident on a horizontal surface (kJ m-2 d-1)
*  5. minimum temperature (degrees Celsius)
*  6. maximum temperature (degrees Celsius)
*  7. vapour pressure (kPa)
*  8. mean wind speed (m s-1)
*  9. precipitation (mm d-1)
*---------------------------------------------------------*
-121.39,38.13,25,0,0
166,2005,1,6000,5.3,14.5,1,1.2,5.6
166,2005,2,3800,5.4,9.7,1,1.1,17.2
166,2005,3,4400,4.9,10.7,1,0.9,6.7
166,2005,4,8300,4.7,10.4,0.9,0.8,0.2
166,2005,5,4000,4.4,11.9,1,0.9,0.1
166,2005,6,9100,3.5,13.7,1,0.9,0
166,2005,7,3300,7.7,14.6,1.1,2.8,11.9
166,2005,8,3900,8.2,14.2,1.1,1.8,3.2
166,2005,9,7200,2.9,12.5,1.1,0.7,0.6
166,2005,10,5600,5.2,15.8,1.2,1.2,9.3
166,2005,11,9000,4.2,10.6,1,1.5,8.1
166,2005,12,11900,0.5,10.1,0.8,0.7,0.2
166,2005,13,5100,0.3,7.8,0.8,0.7,0.2
166,2005,14,10000,4.2,6.5,0.8,0.8,0
166,2005,15,7600,5.1,7.2,0.9,0.8,0
166,2005,16,10500,5.1,11.1,0.9,1,0
166,2005,17,7400,6.1,8.8,1,1,0
166,2005,18,7800,6.3,8.1,0.9,0.8,0
166,2005,19,10700,6.4,8,1,0.7,0.1
166,2005,20,9000,5.8,8.5,1,0.7,0.1
166,2005,21,11200,5.9,7.9,1,0.7,0.1
166,2005,22,8000,6.4,8.6,1,0.7,0.1
166,2005,23,10000,7.2,9.1,1,0.7,0.1
166,2005,24,8500,7.3,9.8,1.1,0.7,0.2
166,2005,25,4600,7,12.8,1.2,0.7,0.3
166,2005,26,5400,9.2,17.5,1.4,1,9.2
166,2005,27,5900,4.2,16.3,1.1,1.6,1.5
166,2005,28,7400,4.7,15.4,1.1,1.4,9.1
166,2005,29,13400,0.1,14.8,0.9,1.1,0.1
166,2005,30,13300,-0.7,15.8,0.9,0.7,0.2
166,2005,31,13100,0.2,16,0.9,0.6,0.2
166,2005,32,13800,1,20.5,0.9,0.8,0.2
166,2005,33,13900,0.9,17,1,0.7,0.1
166,2005,34,14400,1.4,18.4,1,0.7,0.2
166,2005,35,10800,2.1,18.4,1.1,0.7,0.2
166,2005,36,12600,3.5,18.4,1,0.8,0.1
166,2005,37,13400,4.4,17.5,1,1.2,0
166,2005,38,9600,6.4,14.9,1,1.1,2.1
166,2005,39,7100,5.7,16.2,1,0.7,0
166,2005,40,11800,2.3,18,1,0.8,0.1
166,2005,41,15300,1.2,18.9,1,0.7,0.2
166,2005,42,9600,5.8,15.1,1.1,0.8,1
166,2005,43,14600,4.4,19.9,1.2,0.7,0.1
166,2005,44,3700,6.5,14.8,1.2,0.6,0.2
166,2005,45,3300,9.8,15.7,1.3,0.7,3.3
166,2005,46,3300,9.8,13.8,1.3,1,23.4
166,2005,47,7400,12,17.1,1.4,1.2,5.6
166,2005,48,7400,9.2,16.5,1.3,1,0.9
166,2005,49,6200,10.5,18.6,1.3,1.3,7.9
166,2005,50,5000,8.6,17.4,1.2,1.5,3.4
166,2005,51,5700,9.1,17.6,1.2,1.5,0.5
166,2005,52,7000,8.1,19.6,1.2,1.3,0.8
166,2005,53,14900,5.5,19.8,1.1,0.9,0
166,2005,54,14400,5.5,18.9,1.2,1.2,0
166,2005,55,9400,3.7,14.3,1.1,0.8,0.1
166,2005,56,6400,4.1,15,1.1,0.6,0
166,2005,57,9600,3.9,16.7,1.1,0.7,0.1
166,2005,58,4400,8.1,19.1,1.2,1.4,15.6
166,2005,59,13800,6,18.2,1.1,0.7,0.1
166,2005,60,13300,3.4,19,1.1,0.9,10
166,2005,61,14900,7,17.4,1.2,1,3.6
166,2005,62,11000,3.7,19.1,1.2,0.8,2.3
166,2005,63,10000,10,17.1,1.3,1.1,2.6
166,2005,64,19700,5.7,20.9,1.2,0.8,0.2
166,2005,65,19100,5.6,21.2,1.3,0.7,0
166,2005,66,18600,5.1,22.4,1.3,0.5,0.2
166,2005,67,19100,6.5,25,1.5,0.6,0.2
166,2005,68,19100,6.7,24.5,1.6,0.7,0.3
166,2005,69,20700,10.2,27.4,1.5,1.1,0.2
166,2005,70,21100,8.1,28.6,1.6,0.5,0.2
166,2005,71,16000,8.9,23.3,1.5,1.1,0.3
166,2005,72,19700,7.9,22.6,1.4,1.6,0
166,2005,73,21600,6.1,22.7,0.7,2.1,0
166,2005,74,21500,0.9,23,0.8,0.4,0
166,2005,75,16500,4,20.1,1,0.4,0.1
166,2005,76,11100,4.6,19.9,0.9,0.4,0
166,2005,77,5500,10,18.2,1.1,0.4,0
166,2005,78,9600,10.4,18.5,1.3,2,3.8
166,2005,79,10900,9.3,16.6,1.2,1.3,2.2
166,2005,80,7700,8.2,17,1.1,1.7,6.9
166,2005,81,7100,9.8,16.7,1.3,2,14.8
166,2005,82,11500,6.8,14.8,1.1,1.2,3.9
166,2005,83,20800,4.8,16.1,0.9,0.5,0
166,2005,84,21400,2.7,17.5,1,0.5,0
166,2005,85,15800,4.6,19.7,1.1,0.5,0
166,2005,86,8500,9.3,20.1,1.3,1.3,4.4
166,2005,87,20300,7.8,17.2,1.1,1.7,0.7
166,2005,88,18500,8,17,1.1,1.5,6.8
166,2005,89,25300,4,19.5,0.8,1.7,0
166,2005,90,25000,1.3,21.8,1,0.6,0
166,2005,91,21200,4.9,23.8,1.1,0.7,0
166,2005,92,24300,6.3,20.9,1.1,1.2,0
166,2005,93,7200,6.9,17.2,1,1.3,5.2
166,2005,94,21500,5.3,16.7,1,0.8,0.1
166,2005,95,25300,4.2,21.3,1.1,0.6,0
166,2005,96,24600,4.5,24.2,1.2,0.9,0.1
166,2005,97,18200,7.2,16.7,1,1.6,0
166,2005,98,13700,5,14.1,1,1.7,10.5
166,2005,99,25100,6,18.8,1.1,1.3,2.1
166,2005,100,26400,6.4,21.6,1.1,1.1,0
166,2005,101,24600,6.1,20.5,1.2,1.1,0
166,2005,102,24200,4.4,18,0.9,1.6,0.1
166,2005,103,24200,4.6,16.7,0.8,1,0
166,2005,104,27900,3,19.5,0.7,1.8,0
166,2005,105,26600,1.8,23.7,1,0.9,0
166,2005,106,25800,7,25.1,1.3,0.9,0
166,2005,107,26600,10,21.5,1.2,1.5,0
166,2005,108,27900,6.1,21.3,0.8,1.9,0
166,2005,109,28400,7.2,21.6,0.7,2,0
166,2005,110,26900,4.4,23.3,1,0.9,0
166,2005,111,26200,10.8,24.8,1.1,0.7,0
166,2005,112,21000,5.8,25.7,1.1,1,0
166,2005,113,13900,10.3,16.4,1.2,0.6,2.9
166,2005,114,13200,6.1,18.7,1.2,0.8,0.1
166,2005,115,26500,4,22.5,1.2,0.9,0
166,2005,116,24200,5.4,24,1.1,0.7,0
166,2005,117,18500,9.5,21.8,1.2,0.9,9.3
166,2005,118,18900,9.5,19.7,1.3,0.7,5.9
166,2005,119,26900,7.3,22.3,1.2,0.9,0
166,2005,120,19300,9.2,21.5,1.2,0.8,0
166,2005,121,26200,9,23.3,1.3,1,0
166,2005,122,28300,8.8,24.2,1.3,1.1,0
166,2005,123,21600,8.2,24.2,1.4,1.1,0
166,2005,124,6400,12.8,21.6,1.6,0.8,6.3
166,2005,125,20600,12.3,19.8,1.5,0.8,4.3
166,2005,126,19800,9.8,21.4,1.3,1.1,0
166,2005,127,21100,8,21.9,1.3,1,0
166,2005,128,6000,12.5,17.9,1.5,1,9.1
166,2005,129,20200,7.6,18.2,1.2,1.1,6.4
166,2005,130,29300,3.9,20.4,1.1,1,0.1
166,2005,131,30600,6.6,23.9,1.2,1,0
166,2005,132,27400,7.8,26.8,1.4,0.8,0
166,2005,133,28200,10.9,27.9,1.5,0.8,0
166,2005,134,25500,11,27.8,1.6,1.2,0
166,2005,135,12400,16,25.3,1.8,1.4,0
166,2005,136,25500,10.7,21.6,1.3,1.9,0
166,2005,137,10600,8.8,19.4,1.2,0.9,0
166,2005,138,5600,13.1,23.9,1.5,1.2,0
166,2005,139,20000,14.2,22.8,1.7,0.7,1.4
166,2005,140,29900,12.4,23.9,1.3,1.4,0
166,2005,141,31800,7.2,28,1.3,1.1,0
166,2005,142,31600,11.3,30,1.3,1.3,0
166,2005,143,32300,9.4,30,1.4,1.2,0
166,2005,144,32700,10.2,31.4,1.4,0.9,0
166,2005,145,30300,10.6,34.1,1.5,0.9,0
166,2005,146,27400,12.1,30.6,1.6,1.3,0
166,2005,147,26700,12.3,28.3,1.4,1.3,0
166,2005,148,27000,10.2,22.6,1.2,1.6,0
166,2005,149,28500,9.4,24.1,1.3,1.1,0
166,2005,150,31100,10.3,28,1.5,0.9,0
166,2005,151,28400,11.7,31,1.7,0.8,0
166,2005,152,32700,14.9,28.8,1.2,1.5,0
166,2005,153,32800,14.4,28.4,1.2,1.6,0
166,2005,154,32500,13.1,29.6,1.3,1.2,0
166,2005,155,32300,10.1,28.4,1.3,1.2,0
166,2005,156,33400,9.7,23.1,1.1,1.7,0
166,2005,157,31000,10.3,21.8,1,1.7,0
166,2005,158,31800,6.5,22.2,1,1.7,0
166,2005,159,9100,11.5,19.8,1.6,0.9,6.3
166,2005,160,21500,14.6,24.1,1.7,1,3.7
166,2005,161,30600,11.2,27.7,1.7,1.1,0
166,2005,162,32400,12.1,28.1,1.6,1.3,0
166,2005,163,32800,12.1,29.8,1.3,1.4,0
166,2005,164,32800,15.2,32.9,1.5,1.1,0
166,2005,165,32700,12.2,30.9,1.5,1.1,0
166,2005,166,30300,8.6,30,1.2,1.2,0
166,2005,167,8900,9.8,19,1.3,1,3.7
166,2005,168,16600,11.1,21.6,1.3,1,0
166,2005,169,20400,9.6,22.6,1.3,1,0
166,2005,170,29600,10,24.9,1.4,1.2,0
166,2005,171,31700,9.4,26.8,1.4,1.3,0
166,2005,172,32200,11.3,24.8,1.3,1.6,0
166,2005,173,32900,8.4,29.2,1.4,1.1,0
166,2005,174,27200,9.3,28.7,1.5,1.3,0
166,2005,175,25300,13.2,25.7,1.5,1.4,0
166,2005,176,23000,11.2,26,1.5,1.5,0
166,2005,177,24700,9.3,26.2,1.5,1.1,0
166,2005,178,24600,8.1,24.3,1.4,1.3,0
166,2005,179,26500,9.2,27.9,1.6,1.1,0
166,2005,180,30100,10.8,33.8,1.7,0.9,0
166,2005,181,29700,13.7,35.9,1.9,1,0
166,2005,182,30000,13.8,35,1.9,0.9,0
166,2005,183,30100,12.8,32.3,1.6,1.2,0
166,2005,184,31200,11.1,32.8,1.6,1.1,0
166,2005,185,32100,12,34.1,1.7,1.2,0
166,2005,186,29100,12.7,29.8,1.6,1.2,0
166,2005,187,30100,13.2,32,1.8,1.2,0
166,2005,188,31600,13.4,29.7,1.5,1.3,0
166,2005,189,31000,10.2,27.5,1.6,1.4,0
166,2005,190,28700,12.8,26.6,1.6,1.4,0
166,2005,191,29800,12.5,29,1.7,1.4,0
166,2005,192,31000,15,33,2,1.1,0
166,2005,193,31400,17,36.6,2,0.9,0
166,2005,194,30500,17,36.4,1.9,1,0
166,2005,195,29100,16,36.6,1.9,1,0
166,2005,196,29200,17.4,36.8,1.8,1.1,0
166,2005,197,29300,15.7,37.7,1.9,1,0
166,2005,198,29200,15.9,36,1.9,1.1,0
166,2005,199,27000,18.2,31.6,1.8,1.4,0
166,2005,200,26200,13.6,31.9,1.7,1.2,0
166,2005,201,27400,12.4,34.3,1.7,1.1,0
166,2005,202,21000,16.3,26.8,1.7,1.5,0
166,2005,203,28700,14.2,30.9,1.6,1.3,0
166,2005,204,30500,11.5,37.1,1.8,0.8,0
166,2005,205,30700,14.3,36.1,1.7,1.1,0
166,2005,206,28900,11.4,34.3,1.6,1.1,0
166,2005,207,28100,13.4,36.1,1.7,1,0
166,2005,208,26500,13,33.2,1.5,1.3,0
166,2005,209,26100,13.4,32.2,1.4,1.3,0
166,2005,210,26800,14.4,32,1.6,1.3,0
166,2005,211,26700,14.2,34.6,1.6,1.2,0
166,2005,212,26200,13.4,34.2,1.7,1,0
166,2005,213,28300,13.7,35.5,1.5,1,0
166,2005,214,27900,12.2,32.9,1.6,1,0
166,2005,215,27500,11.7,33.4,1.7,1.1,0
166,2005,216,26800,13.2,34.5,1.8,0.9,0
166,2005,217,26900,15.6,36.2,1.6,1.1,0
166,2005,218,26600,14.8,36.2,1.6,1.1,0
166,2005,219,25800,15.2,34.9,1.6,1.1,0
166,2005,220,21200,15.8,31.3,1.6,1.2,0
166,2005,221,21700,14.9,33.4,1.7,1.1,0
166,2005,222,26100,12.3,32,1.6,1.2,0
166,2005,223,27400,10.8,34.3,1.6,0.9,0
166,2005,224,27000,12.5,34.7,1.7,0.9,0
166,2005,225,20500,12.9,26.8,1.5,1.4,0
166,2005,226,22600,13.7,27,1.6,1.5,0
166,2005,227,18900,13.7,26.6,1.7,1.1,0
166,2005,228,24700,15.4,31.9,1.8,1,0
166,2005,229,23700,13.1,30.8,1.6,1,0
166,2005,230,21700,12.1,26,1.6,1.4,0
166,2005,231,21500,10.1,26.7,1.6,1.2,0
166,2005,232,23000,11.5,29.6,1.5,1.2,0
166,2005,233,23900,13.1,29.8,1.5,1.3,0
166,2005,234,24200,9.9,32.9,1.6,0.9,0
166,2005,235,25000,12,33.7,1.6,0.8,0
166,2005,236,22900,11,29.4,1.6,1,0
166,2005,237,25600,11.2,30.3,1.5,1,0
166,2005,238,24900,9.8,33.6,1.5,0.9,0
166,2005,239,24200,11.6,34.5,1.4,1,0
166,2005,240,24300,13.5,34.7,1.5,0.9,0
166,2005,241,26400,11.5,29.9,1.4,1.2,0
166,2005,242,26700,14.1,32.2,1.3,1.5,0
166,2005,243,26200,11.4,34.9,1.3,0.7,0
166,2005,244,22900,11.4,32.1,1.4,1,0
166,2005,245,21700,9.2,30.5,1.5,0.9,0
166,2005,246,22400,10.1,29.8,1.4,1.1,0.1
166,2005,247,24300,10.5,27,1.5,0.8,0
166,2005,248,25500,9.2,29.8,1.5,0.9,0
166,2005,249,22700,9.1,29.6,1.4,0.9,0
166,2005,250,20600,9.4,28.5,1.5,1.1,0
166,2005,251,16700,9,24.6,1.5,1.3,0.1
166,2005,252,14300,9.7,22.9,1.5,1.2,0
166,2005,253,24500,7.6,24.6,1.3,1,0
166,2005,254,22600,8.3,24.4,1.3,1,0.1
166,2005,255,20400,7.5,25.5,1.3,0.9,0
166,2005,256,18600,5.7,24.9,1.3,1.2,0.1
166,2005,257,18300,6.5,24,1.3,0.9,0
166,2005,258,18300,9.1,26.6,1.4,1,0
166,2005,259,21400,6.8,24.4,1.4,1.1,0
166,2005,260,20400,9.9,24.9,1.4,1.1,0
166,2005,261,21600,6,27.7,1.2,0.9,0
166,2005,262,22000,6.7,31.1,1.3,0.7,0
166,2005,263,16800,9.8,30.1,1.5,0.9,2
166,2005,264,19900,12,29.3,1.5,0.8,0.1
166,2005,265,18800,9.6,32.2,1.3,0.7,0
166,2005,266,21400,7.6,25.2,1.1,1.1,0
166,2005,267,21500,10.6,25.7,0.9,1.4,0
166,2005,268,20700,4.4,27.8,1,0.7,0
166,2005,269,16800,11.6,29.9,1.3,1,0.2
166,2005,270,17900,11.9,28.1,1.4,1.2,0
166,2005,271,20600,9.4,33.2,1.5,0.8,0
166,2005,272,20700,9.9,34.1,1.5,0.6,0
166,2005,273,19400,9.3,35.8,1.5,0.5,0.1
166,2005,274,14700,10.5,26.9,1.6,1.5,0
166,2005,275,13900,11,23,1.2,1.5,0
166,2005,276,19500,7.9,22,1.1,1.3,0
166,2005,277,20100,6.8,23.5,0.9,1.5,0
166,2005,278,19500,3.6,26.9,0.9,0.7,0
166,2005,279,18900,5.4,29.5,1.1,0.6,0
166,2005,280,18000,7.4,29.2,1.2,0.9,0
166,2005,281,18700,7.1,23.2,1.1,1,0
166,2005,282,18600,4.7,26.7,1.1,1.1,0
166,2005,283,18500,4.1,26.9,1.1,0.7,0
166,2005,284,16900,6.3,27.5,1.1,0.7,0
166,2005,285,17300,6,29.3,1.2,0.9,0
166,2005,286,17900,7.3,30.6,1.3,0.6,0
166,2005,287,14100,7.7,30.1,1.3,1.2,0.1
166,2005,288,14800,10.2,21.6,1.2,1.5,0.9
166,2005,289,17300,13.8,28.7,1.1,1.5,0
166,2005,290,16700,6.6,28.6,1.2,0.8,0
166,2005,291,9400,8.9,23.6,1.4,1.1,0
166,2005,292,12100,11.8,22.4,1.4,0.9,0
166,2005,293,13000,6.6,24.3,1.3,0.9,0
166,2005,294,14300,6.8,26,1.3,0.6,0
166,2005,295,14100,6.9,26,1.3,0.7,0.1
166,2005,296,15200,5.4,24.9,1.3,0.8,0
166,2005,297,12600,6,24,1.3,1,0.1
166,2005,298,13300,10.2,20.9,1.3,1.2,0
166,2005,299,5800,9.4,19.1,1.3,0.9,0.1
166,2005,300,12900,9,19.8,1.1,0.7,0
166,2005,301,4500,11,22.4,1.2,1.2,0.5
166,2005,302,12600,7.8,20.3,1.3,1,0
166,2005,303,15000,3.7,21.2,1.1,0.8,0.1
166,2005,304,14900,2,24.3,1,0.6,0.1
166,2005,305,9500,5.4,23.8,1.1,0.6,0
166,2005,306,10900,6.6,18.7,1.1,1.2,0
166,2005,307,6900,2.8,19.6,1,1,0
166,2005,308,11400,4.4,20.6,1.2,1.1,0.2
166,2005,309,13000,1,20.2,1,0.8,0.1
166,2005,310,5500,8.4,20.9,1.3,0.7,0
166,2005,311,3800,10.5,17.2,1.3,1,0
166,2005,312,10600,8.7,17.4,1.2,1.6,1.4
166,2005,313,12300,7.6,22.4,1.1,1.2,0
166,2005,314,12500,5.5,21.4,1.1,0.7,0
166,2005,315,7600,5.9,19.4,1.2,1.1,0
166,2005,316,11500,4.9,19.6,1,1.1,0.2
166,2005,317,10600,2.5,21.2,0.9,0.9,0.1
166,2005,318,12000,5,24.4,1.1,1.3,0
166,2005,319,12000,4.5,24.8,1,0.9,0
166,2005,320,12700,3.3,23.8,0.9,0.5,0
166,2005,321,12300,1.1,23.6,0.9,0.5,0
166,2005,322,12400,1.2,24.1,0.9,0.6,0
166,2005,323,12500,-0.4,23.3,0.8,0.5,0.1
166,2005,324,12000,0,23,0.8,0.5,0.1
166,2005,325,12000,-1.7,23,0.8,0.5,0.1
166,2005,326,11700,-1.2,22.9,0.8,0.5,0.1
166,2005,327,11500,0,22.8,0.8,0.7,0.1
166,2005,328,5600,0.8,17.6,0.9,0.6,0
166,2005,329,7300,7.9,18.6,1.3,1.2,2.2
166,2005,330,11800,1.2,14.8,0.7,1.5,0.1
166,2005,331,9600,-3.4,14.5,0.6,0.8,2.8
166,2005,332,3600,0.4,12.2,0.7,1.2,2.9
166,2005,333,4700,6.8,13.4,1.1,1.8,0
166,2005,334,5300,2.8,12.5,1,0.8,0.1
166,2005,335,1000,10.1,15.1,1.3,2.1,24.1
166,2005,336,11100,3.6,14.6,0.9,1.1,0.4
166,2005,337,11300,-0.5,12.6,0.7,1.3,0.1
166,2005,338,9900,-1.6,12.9,0.7,0.6,0
166,2005,339,10900,-1.9,13,0.7,0.7,0.2
166,2005,340,10800,-2.5,14.1,0.7,0.5,0.1
166,2005,341,4200,-0.2,11.3,0.9,0.8,1.3
166,2005,342,6400,3.1,16.1,1,0.6,0
166,2005,343,10500,1.3,17.8,0.9,0.7,0.2
166,2005,344,10500,1.6,16.1,0.9,0.7,0.1
166,2005,345,9000,0.1,16.4,0.9,0.6,0.2
166,2005,346,4200,2.1,13.7,0.9,0.5,0.1
166,2005,347,4500,-0.3,14.6,0.8,0.6,0.1
166,2005,348,8500,-0.7,11.9,0.8,0.6,0.1
166,2005,349,10000,1.4,6.8,0.8,0.7,0.3
166,2005,350,5700,4.3,7.1,0.8,0.9,0
166,2005,351,2400,5.6,9.2,0.9,1,15.9
166,2005,352,2200,9,14.4,1.3,3.2,29.2
166,2005,353,3100,8,17,1.4,1.5,2.7
166,2005,354,3500,8.9,16.8,1.4,1,0.1
166,2005,355,2300,11.7,15.9,1.4,1.3,9.3
166,2005,356,1200,14.1,16,1.6,1.2,13.9
166,2005,357,6500,12.5,17.2,1.6,0.8,0.2
166,2005,358,7900,11.4,17.2,1.6,1,0
166,2005,359,1800,11.4,13.9,1.4,1.2,13.2
166,2005,360,6900,9.7,17.2,1.2,1.4,8.4
166,2005,361,2000,10.9,14.7,1.1,1.5,1.1
166,2005,362,8300,6.3,17.3,1.2,1.7,11.5
166,2005,363,4600,4.4,11.7,1.1,0.8,0.8
166,2005,364,1300,9.2,13.1,1.2,2.7,14.2
166,2005,365,7000,8.3,17.4,1.3,2.5,41.2
