*---------------------------------------------------------*
* Weather file for rice yield gap assessment using Oryza(v3)
*      Project: Global Yield Gap Atlas (www.yieldgap.org)
*      Country: USA
*  Station_num: 166
* Station_name: Lodi West
*         Year: 2008
*       Source: http://www.cimis.water.ca.gov
*       Author: M. Espe
*         Date: 11-16-2015
*    Longitude: -121.39
*     Latitude: 38.13
*    Elevation: 25
*
*  Columns:
*  1. station number
*  2. year
*  3. day
*  4. average insolation incident on a horizontal surface (kJ m-2 d-1)
*  5. minimum temperature (degrees Celsius)
*  6. maximum temperature (degrees Celsius)
*  7. vapour pressure (kPa)
*  8. mean wind speed (m s-1)
*  9. precipitation (mm d-1)
*---------------------------------------------------------*
-121.39,38.13,25,0,0
166,2008,1,8900,-2.5,14.3,0.7,1.1,0
166,2008,2,8500,-2.6,14.3,0.7,1.1,0
166,2008,3,2600,1.6,11.3,0.9,2.7,0
166,2008,4,1500,6.9,11.9,1.1,6.7,0
166,2008,5,1800,4.5,10.8,0.9,3.4,0
166,2008,6,6900,4,11.7,0.9,2.1,0
166,2008,7,8200,3.3,12.1,0.8,1.7,0
166,2008,8,2900,5,9.2,0.9,3.9,0
166,2008,9,3700,3.1,9.7,1,1.5,0
166,2008,10,4300,6,10.9,1.1,1.5,0
166,2008,11,3800,0,10.9,1.1,1.3,0
166,2008,12,6300,5.5,12.3,1.1,1.1,0.1
166,2008,13,9000,4.4,13.9,1,1,0.1
166,2008,14,7400,1.1,13.4,0.9,1.2,0.2
166,2008,15,9300,2.8,12.4,0.8,1.7,0.3
166,2008,16,10200,0.5,13.6,0.6,2.4,0
166,2008,17,10700,-1.6,12.9,0.6,1.3,0
166,2008,18,10700,-0.5,14.9,0.8,1,0
166,2008,19,10600,-0.6,15.1,0.8,1,0
166,2008,20,8400,1.6,11.9,0.8,2.4,0.1
166,2008,21,6600,1.7,11.2,0.8,2.4,5
166,2008,22,3400,4.9,9.4,0.9,2.4,18.9
166,2008,23,3200,4.5,6.7,0.9,2.1,11.3
166,2008,24,5800,3.4,8.5,0.9,4.2,4.5
166,2008,25,2700,7,14.2,1,4.6,0.1
166,2008,26,8400,9.2,17.2,1,2.9,2.1
166,2008,27,4800,6.9,14.4,1.2,3.7,10.5
166,2008,28,11700,2.4,11,0.8,2.3,0
166,2008,29,4500,0.8,8.2,0.8,2.5,2.2
166,2008,30,11600,2.1,11.8,0.8,1.5,0
166,2008,31,2800,4.9,9.9,0.9,3.2,9.2
166,2008,32,8700,0.8,11.1,0.9,1.9,0.1
166,2008,33,4300,1.1,8.8,0.8,3.8,12.3
166,2008,34,11400,4.5,12.4,0.9,4.5,3.5
166,2008,35,13000,0.7,12.3,0.7,4.1,0
166,2008,36,12800,-0.4,12.7,0.7,1.4,0
166,2008,37,12200,2.4,14.3,0.9,1.9,0
166,2008,38,11600,1.4,16.6,0.9,1.4,0.1
166,2008,39,13100,2.4,17.2,0.9,1.6,0.1
166,2008,40,13400,1.6,18.7,1,1,0
166,2008,41,13600,2.5,19.7,1.1,1.1,0.1
166,2008,42,13400,3.2,19.9,1,1.2,0.2
166,2008,43,13900,4.7,20.4,1.2,1.2,0
166,2008,44,14000,5.8,16.3,0.8,5,0
166,2008,45,14800,3.8,15,0.6,4.5,0
166,2008,46,14600,-0.8,16.9,0.6,1.2,0
166,2008,47,14600,1,17.1,0.8,1.1,0
166,2008,48,14700,0.8,18.1,0.9,0.9,0
166,2008,49,14400,2,17.2,1,2,0.1
166,2008,50,6700,3.4,12.3,1.1,1.2,6.7
166,2008,51,12000,6.7,15.6,1.1,1.2,0.1
166,2008,52,5400,6.2,12.8,1.1,4.2,2
166,2008,53,9700,5.7,13.3,1,1.8,3.8
166,2008,54,3300,2.4,11.3,1,3.2,2.8
166,2008,55,6400,8,14.3,1.2,4.3,3.5
166,2008,56,14700,5.7,15.8,1.1,1.5,0
166,2008,57,15400,0,18.6,1.2,1,0
166,2008,58,16100,4.7,19.6,1.2,1.2,0
166,2008,59,16800,5.4,23.8,1.2,1,0
166,2008,60,16400,5.9,21.6,1.3,2,0
166,2008,61,16300,7.6,17,1,3.5,0
166,2008,62,17200,4.9,18.6,0.7,4.9,0
166,2008,63,17300,1.1,19.3,0.8,1.4,0
166,2008,64,18100,1.3,20.2,0.9,1.7,0
166,2008,65,18400,4.8,20.3,0.7,2.4,0
166,2008,66,10800,2.5,17.4,0.9,1.1,0
166,2008,67,15900,1.4,19.6,1,1.1,0
166,2008,68,18100,4.6,21.1,0.9,2.4,0
166,2008,69,18100,3,22.9,0.9,1.1,0
166,2008,70,16800,6,24,1.1,1.6,0
166,2008,71,14000,5.3,20.3,1.2,2,0
166,2008,72,15800,5.8,20.2,1.1,2,0
166,2008,73,17000,9.9,19.7,1.3,3.7,0
166,2008,74,13900,6,16.7,1,2.8,0
166,2008,75,16400,2.4,15.4,0.8,2.6,0.6
166,2008,76,20400,3.4,17.8,0.6,5.2,0
166,2008,77,20000,1.5,21.9,0.8,2.1,0
166,2008,78,19300,6,23,1.1,1.9,0
166,2008,79,17800,5.1,19.8,1.2,3,0
166,2008,80,20800,5.2,18.4,0.9,2.9,0
166,2008,81,21300,2.9,20.1,0.8,2.5,0
166,2008,82,21200,1.9,23.3,0.9,1.3,0
166,2008,83,21500,4.3,24.4,1,1.7,0
166,2008,84,21000,3.7,24.4,1.1,2.7,0
166,2008,85,21000,0,22.4,1.2,4.3,0
166,2008,86,20100,5.3,18.7,0.9,3.8,0
166,2008,87,20400,2.4,17.2,0.6,3.1,0
166,2008,88,13600,5.4,18.8,1,1.9,1.9
166,2008,89,14000,7.5,16.5,1.1,2.2,0.1
166,2008,90,22000,4.4,17.5,0.8,2.8,0
166,2008,91,22300,1.8,19.1,0.7,1.7,0
166,2008,92,18300,6.7,20.6,0.8,1.5,0
166,2008,93,19500,5.5,21.4,1,1.7,0
166,2008,94,23200,4.2,23.3,0.9,2.4,0
166,2008,95,20600,5.4,20,0.9,3.2,0
166,2008,96,23200,4.1,19.8,0.9,2.9,0
166,2008,97,21600,6.1,18,0.9,3.8,0
166,2008,98,23800,1.8,18.9,0.8,2.9,0
166,2008,99,20800,5.7,17,0.8,3.8,0
166,2008,100,23800,5.7,19.5,0.9,2.6,0
166,2008,101,24300,4.7,24.4,0.9,2.8,0
166,2008,102,24500,5.7,27.6,1,1.4,0
166,2008,103,24600,8.5,30.6,1.2,1.2,0
166,2008,104,24400,9.2,32.6,1.1,1.6,0
166,2008,105,21700,7.8,19.9,0.9,4.6,0
166,2008,106,25400,4.7,18.3,0.7,4.2,0
166,2008,107,25600,5.5,23.8,0.7,3.4,0
166,2008,108,25600,4.2,26.9,0.9,1.3,0
166,2008,109,24900,7.8,24.8,1,2,0
166,2008,110,25900,4.8,18.2,0.8,4.3,0
166,2008,111,26300,2.1,15.8,0.6,3.3,0
166,2008,112,25800,1.6,16.6,0.7,3.1,0
166,2008,113,14700,7.9,17.4,1,2.5,0
166,2008,114,19300,6.9,17.7,1,3.5,0.8
166,2008,115,26700,2.2,21.5,0.8,2.6,0
166,2008,116,25700,4.4,26,0.9,2.1,0
166,2008,117,25900,8.7,30.8,1.2,2.4,0
166,2008,118,26000,10.6,33.4,1.2,2.2,0
166,2008,119,25600,8.6,29.5,1.2,3.3,0
166,2008,120,25700,8.2,20.3,1,5.1,0
166,2008,121,27200,3.9,20.6,0.7,3.9,0
166,2008,122,27200,5.6,24.4,0.7,3.4,0
166,2008,123,16900,0,23.2,1,2.4,0
166,2008,124,27200,5.1,26.9,1.1,2.2,0
166,2008,125,27100,8.8,25,1.2,2.8,0
166,2008,126,26900,8.1,27.1,1.2,2.9,0
166,2008,127,26700,0,28,1.3,4.1,0
166,2008,128,27400,12.1,25.1,1.1,3.8,0
166,2008,129,27700,9.4,26.6,1.1,2.3,0
166,2008,130,27600,6.4,25.8,1,2.8,0
166,2008,131,27800,7.9,28.6,1.1,2,0
166,2008,132,26800,10.1,25.2,1.2,2.7,0
166,2008,133,27700,11.9,25.5,0.8,4.6,0
166,2008,134,27600,9,30.5,0.9,3,0
166,2008,135,24400,11.7,32.6,1.5,2.4,0
166,2008,136,27400,15.4,36.2,1.6,2.2,0
166,2008,137,28000,17.5,38.7,1.6,2.3,0
166,2008,138,28200,16.3,37.4,1.4,3.1,0
166,2008,139,28400,14.7,36.8,1.2,3,0
166,2008,140,27500,11.3,34.6,1.4,2.5,0
166,2008,141,25300,12.2,28.2,1.3,5.1,0
166,2008,142,29200,10.5,25.8,0.9,6.4,0
166,2008,143,28600,13.6,24.7,0.8,7.2,0
166,2008,144,20200,12,24.1,1,3.6,0
166,2008,145,10300,11.6,15.4,1.2,1.6,0
166,2008,146,24000,9.4,23,1.1,3.7,0
166,2008,147,27300,9.3,21.8,1.1,3.2,0
166,2008,148,26000,10.2,22.2,1.1,3.7,0
166,2008,149,28200,10.1,22,1.1,3.3,0
166,2008,150,27900,8.3,23.3,1.1,3,0
166,2008,151,28700,7,26.3,1.2,2.8,0
166,2008,152,28500,10.2,24,1.2,3.1,0
166,2008,153,29100,9,26,1.1,2.7,0
166,2008,154,29200,6.8,27.3,1.1,3,0
166,2008,155,26800,11.2,25.6,1.3,4.2,0
166,2008,156,29800,12.3,25.4,1,4.8,0
166,2008,157,28800,10.8,29,1.2,3.3,0
166,2008,158,29800,12.1,27.2,1.1,4.4,0
166,2008,159,30300,10.5,28.9,1,4,0
166,2008,160,29600,10,32.8,1.1,2.4,0
166,2008,161,29500,10.9,34.9,1.4,2.3,0
166,2008,162,30700,15.6,28.4,0.9,5,0
166,2008,163,30700,14.8,30.1,0.8,4.8,0
166,2008,164,30300,13.6,33.1,1.1,2.1,0
166,2008,165,29700,11.7,35.8,1.2,2.3,0
166,2008,166,30000,13.2,32.2,1.3,3.6,0
166,2008,167,29700,10,31.4,1.3,2.5,0
166,2008,168,29800,9.2,30.2,1.2,2.8,0
166,2008,169,29800,9.3,34.1,1.3,2.7,0
166,2008,170,30000,10.9,34.4,1,2.5,0
166,2008,171,27800,11.3,34.6,1.3,1.5,0
166,2008,172,28300,14.1,38.1,1.3,1.4,0
166,2008,173,27400,17.4,39,1.1,2.7,0
166,2008,174,30100,14.3,31.8,1,2.9,0
166,2008,175,29200,12.4,29.5,1.2,3,0
166,2008,176,27200,12.6,31.8,1.4,1.8,0
166,2008,177,27600,11.8,28.9,1.4,2.5,0
166,2008,178,27400,11,29.9,1.5,1.9,0
166,2008,179,27950,15.1,31.3,1.6,2.9,0
166,2008,180,28500,14,28.1,1.5,3.8,0
166,2008,181,29700,12.1,30.1,1.4,3.7,0
166,2008,182,28800,12,28.8,1.5,4,0
166,2008,183,29500,12.1,30.1,1.5,3.3,0
166,2008,184,29200,12.7,30.6,1.4,3.7,0
166,2008,185,29000,13.7,31,1.6,4.3,0
166,2008,186,28800,13.1,27.8,1.5,3,0
166,2008,187,28700,10.9,33.1,1.7,2.5,0
166,2008,188,28700,16.7,35.7,1.9,2.5,0
166,2008,189,28700,16.8,38,2,1.4,0
166,2008,190,28400,18.9,40.2,2,2,0
166,2008,191,27400,19.8,39.9,1.8,2.3,0
166,2008,192,27400,17.9,36,1.8,2.4,0
166,2008,193,26400,16.2,29.6,1.7,3.1,0
166,2008,194,27800,15.8,30.8,1.7,3.7,0
166,2008,195,27600,15.6,33.7,1.8,3.1,0
166,2008,196,27400,13.33,31,1.6,5.6,0
166,2008,197,28500,14.8,28.2,1.6,4.4,0
166,2008,198,28800,13.6,31.5,1.6,3.2,0
166,2008,199,29000,13.2,31.2,1.5,2.8,0
166,2008,200,29300,12.1,33.5,1.5,2.5,0
166,2008,201,28900,11.9,32.6,1.5,2.2,0
166,2008,202,27100,11.7,26,1.3,4,0
166,2008,203,27800,11.8,25,1.4,3.9,0
166,2008,204,28500,8.6,31.3,1.5,1.9,0
166,2008,205,28500,12.5,34,1.5,1.7,0
166,2008,206,28700,12,33.7,1.5,2.1,0
166,2008,207,28500,11.8,34.2,1.5,2,0
166,2008,208,28300,13.7,36.4,1.4,2.5,0
166,2008,209,28100,12.9,30.3,1.5,2.8,0
166,2008,210,27300,11.1,29.8,1.5,2.7,0
166,2008,211,27600,12.5,30.3,1.4,2.8,0
166,2008,212,27400,10.9,32.8,1.5,2.1,0
166,2008,213,27500,11.1,32.7,1.3,2.2,0
166,2008,214,27100,10.5,32.9,1.4,2.2,0
166,2008,215,27500,13.3,34.5,1.5,2.7,0
166,2008,216,27900,9.8,30.8,1.3,2.2,0
166,2008,217,27900,10,32.2,1.5,2.3,0
166,2008,218,24700,10.3,30.5,1.4,2.7,0
166,2008,219,25900,15.3,33.4,1.4,2.8,0
166,2008,220,26600,14.7,30.9,1.4,2.7,0
166,2008,221,26700,12.3,28.4,1.4,3.3,0
166,2008,222,26800,8.7,29.6,1.4,2.1,0
166,2008,223,26700,10.6,32.9,1.5,1.9,0
166,2008,224,26300,12.9,35.8,1.5,1.8,0
166,2008,225,26400,13.2,35.4,1.7,2,0
166,2008,226,25700,16,36.8,1.9,1.6,0
166,2008,227,25500,15.3,38,1.7,2.4,0
166,2008,228,25300,15.3,37,1.6,2.3,0
166,2008,229,24300,15.9,31.8,1.7,3.4,0
166,2008,230,24600,14.6,29.3,1.7,3.6,0
166,2008,231,25000,14.3,25.3,1.6,4.3,0
166,2008,232,23300,11.35,27,1.6,3.9,0
166,2008,233,24200,13.3,30.6,1.9,2.9,0
166,2008,234,24500,16.7,30.6,1.9,2.7,0
166,2008,235,24600,13.6,33.1,1.8,1.9,0
166,2008,236,24900,13.8,32.8,1.7,2.3,0
166,2008,237,24700,12.8,34.8,1.7,1.9,0
166,2008,238,24700,13.9,33.3,1.4,2.9,0
166,2008,239,24500,13.3,32.9,1.4,1.8,0
166,2008,240,24100,13.6,37.3,1.5,1.6,0
166,2008,241,24400,15,37.7,1.7,1.7,0
166,2008,242,23300,17,38.9,1.6,1.8,0
166,2008,243,24200,13.7,33.2,1.4,2.7,0
166,2008,244,24500,12,27.8,1.1,2.9,0
166,2008,245,24800,14.2,29.3,0.9,4.2,0
166,2008,246,23800,8.3,32.1,1.2,1.1,0
166,2008,247,23900,11.2,35.3,1.3,1.1,0
166,2008,248,23900,11.7,36.4,1.3,1.3,0
166,2008,249,23500,12.7,37.4,1.4,1.3,0
166,2008,250,23300,14.7,37.6,1.4,1.6,0
166,2008,251,23000,14.3,36.4,1.3,1.9,0
166,2008,252,23200,11.6,32.5,1.5,2.5,0
166,2008,253,22100,13.7,24.6,1.5,3.8,0
166,2008,254,22300,11.5,29.3,1.5,2.5,0
166,2008,255,22500,12.1,31.3,1.5,2,0
166,2008,256,22000,9.4,29,1.4,2.2,0
166,2008,257,20200,10.2,29.6,1.4,2.3,0
166,2008,258,21700,11.2,30.9,1.5,2.2,0
166,2008,259,21600,10.4,31.8,1.5,1.6,0
166,2008,260,17400,11.5,29,1.4,2.6,0
166,2008,261,21500,11.4,22.8,1.3,3.8,0
166,2008,262,21300,10.3,25.4,1.2,3,0
166,2008,263,19200,9.6,25,1.4,3.1,0
166,2008,264,20000,12.2,25,1.6,2.7,0
166,2008,265,20100,9.6,27.1,1.4,1.8,0
166,2008,266,20200,10.3,29.6,1.2,2.1,0
166,2008,267,20100,7.4,32,1.2,1.1,0
166,2008,268,20100,9.6,32.9,1.2,1.1,0
166,2008,269,17600,10,33.7,1.2,1.1,0
166,2008,270,19700,11.4,34,1.5,1.1,0
166,2008,271,19300,13.4,35.2,1.5,1.4,0
166,2008,272,18900,13.4,35.2,1.4,1.9,0
166,2008,273,18300,14.1,30.4,1.5,2.4,0
166,2008,274,18300,11.7,31.3,1.5,1.4,0
166,2008,275,18000,0,33.5,1.5,2.9,0
166,2008,276,15800,16.3,25,1.7,3,0
166,2008,277,7700,13.4,22.3,1.6,2,0.8
166,2008,278,13400,11.5,21.8,1.6,2.8,5.4
166,2008,279,17400,10,23.7,1.4,1.8,0
166,2008,280,17800,10.7,26.4,1.5,1.4,0
166,2008,281,17600,8.9,29.5,1.5,1.5,0
166,2008,282,17700,9.1,29,1.3,1.7,0
166,2008,283,17800,10.5,22.7,0.8,4.2,0
166,2008,284,17700,9.8,18.5,0.5,6.1,0
166,2008,285,17500,6.2,18.8,0.5,4.2,0
166,2008,286,17300,3.1,21,0.5,3.2,0
166,2008,287,17000,2.4,23.4,0.7,1.4,0
166,2008,288,16600,6,27.3,0.8,0.9,0
166,2008,289,16400,6.2,27.4,1,1,0
166,2008,290,16000,6.3,29.8,1.1,0.7,0
166,2008,291,14200,7.1,30.9,1.1,0.8,0
166,2008,292,14300,10.4,27.1,1.1,2.1,0
166,2008,293,15000,7.4,24.6,1.2,1.7,0
166,2008,294,15100,5.8,23.3,1.1,1.9,0
166,2008,295,15200,8.4,26,1,2.5,0
166,2008,296,15200,5.1,29.9,1,0.7,0
166,2008,297,15300,7,29.8,1.1,0.8,0
166,2008,298,14800,5.8,29,1.1,0.9,0
166,2008,299,14700,6.3,29.3,1.1,0.8,0
166,2008,300,14500,4.4,29.4,1.1,0.7,0
166,2008,301,12700,5.7,25.1,1.2,1.2,0
166,2008,302,14100,6.3,26.6,1.2,0.9,0
166,2008,303,13700,6,26.5,1.2,0.8,0
166,2008,304,4600,9.9,19.3,1.3,1.7,5.4
166,2008,305,7700,14.2,22.8,1.5,2.6,3.5
166,2008,306,2300,14.3,17.6,1.7,1.8,15.4
166,2008,307,10200,10.7,19.6,1.5,1.8,0.1
166,2008,308,5000,8.9,17.1,1.3,2.1,8.6
166,2008,309,13000,7.1,16.7,1.1,2.1,0.1
166,2008,310,10000,4.1,15.9,1,1.7,0
166,2008,311,12400,6.8,19.1,1.1,1.6,0
166,2008,312,12500,6.1,21.6,1.3,0.8,0
166,2008,313,5800,6.4,17.8,1.3,1.9,0.2
166,2008,314,12200,9.9,18.8,1.1,3,0
166,2008,315,9300,5.7,18.2,1.2,1,0
166,2008,316,7800,6.9,17.2,1.3,1.3,0
166,2008,317,10900,7.3,20.5,1.3,0.9,0
166,2008,318,11500,6,24.1,1.4,1.6,0
166,2008,319,11700,7.4,22.9,1.3,1,0
166,2008,320,11700,7.5,24.8,1.3,0.8,0
166,2008,321,11300,5.5,24.9,1.3,0.6,0
166,2008,322,11200,5.9,25.6,1.2,0.7,0
166,2008,323,11100,4.2,24.2,1.2,0.6,0
166,2008,324,10300,5.1,19.1,1.2,1.4,0.2
166,2008,325,9600,6.7,19.3,1.3,2.1,0
166,2008,326,10500,3,18.5,0.9,1.1,0
166,2008,327,8700,2.6,19.1,1,0.9,0.1
166,2008,328,10700,2,17.1,1,0.7,0.2
166,2008,329,9100,2.3,16.9,1,0.9,0.2
166,2008,330,5500,6.9,16.3,1.2,1.1,0
166,2008,331,3000,8.2,12.2,1.3,1.1,4.9
166,2008,332,9000,6.9,16.6,1.3,1.6,0
166,2008,333,5900,4.8,14.3,1.1,1,0.2
166,2008,334,9500,5.1,16.4,1.1,1,0.2
166,2008,335,9700,2.2,15.5,1.1,1,0.3
166,2008,336,7000,5.2,10.5,1.1,1.1,0.3
166,2008,337,3900,7.4,11.3,1.2,1.6,0
166,2008,338,5500,0,13.2,1.1,1,0
166,2008,339,6700,3.9,13.3,1,1.2,0
166,2008,340,8200,0.5,13.3,0.9,1.1,0.2
166,2008,341,5500,5.3,7.4,0.9,1.3,0.2
166,2008,342,4500,4.1,6.1,0.9,1.3,0
166,2008,343,5000,2.31,13.29,0.91,1.93,0.38
166,2008,344,8800,1.87,14.67,0.73,1.3,0.38
166,2008,345,9400,2.2,17,0.9,1.4,0.1
166,2008,346,8800,0.9,12.9,0.9,0.9,0
166,2008,347,6600,0.2,14.2,0.9,1.7,0.2
166,2008,348,8200,2.4,12.3,0.7,3.5,0
166,2008,349,3500,-0.6,9,0.7,3.6,7.9
166,2008,350,8000,1.5,10.8,0.8,3.1,2.6
166,2008,351,4100,0.8,7.1,0.8,1.9,4.5
166,2008,352,9500,-1.7,9.3,0.6,2.1,0
166,2008,353,6900,-2.1,10.4,0.7,3.1,0
166,2008,354,6800,0.8,11,0.8,2.7,0.6
166,2008,355,8900,-1.2,11,0.7,1,0.2
166,2008,356,3000,3.7,7.9,0.9,3,6.2
166,2008,357,6800,4.4,11.4,0.9,2.3,0.9
166,2008,358,6800,2.7,10.8,0.8,1.6,0
166,2008,359,3600,6.8,10.3,1,3.5,5.7
166,2008,360,8900,2.31,10.46,1.04,4.33,0.44
166,2008,361,9400,0,10.4,0.7,1.7,0
166,2008,362,7600,0.4,12.4,0.7,1.3,0
166,2008,363,6900,4.3,14.9,0.9,1.3,0
166,2008,364,8500,3.7,16.9,1,0.8,0
166,2008,365,7300,2.6,7,0.9,1.1,0.2
166,2008,366,5500,2.9,5.4,0.8,1.2,0.3
