*---------------------------------------------------------*
* Weather file for rice yield gap assessment using Oryza(v3)
*      Project: Global Yield Gap Atlas (www.yieldgap.org)
*      Country: USA
*  Station_num: 32
* Station_name: Colusa
*         Year: 2010
*       Source: http://www.cimis.water.ca.gov
*       Author: M. Espe
*         Date: 11-16-2015
*    Longitude: -122.02
*     Latitude: 39.23
*    Elevation: 55
*
*  Columns:
*  1. station number
*  2. year
*  3. day
*  4. average insolation incident on a horizontal surface (kJ m-2 d-1)
*  5. minimum temperature (degrees Celsius)
*  6. maximum temperature (degrees Celsius)
*  7. vapour pressure (kPa)
*  8. mean wind speed (m s-1)
*  9. precipitation (mm d-1)
*---------------------------------------------------------*
-122.02,39.23,55,0,0
32,2010,1,4800,8.9,13,1.2,3.6,2.3
32,2010,2,7500,4.1,15,1.1,1.3,0.1
32,2010,3,8500,2.1,12.4,0.9,0.8,0.2
32,2010,4,8000,3.4,7.7,0.9,1,0.2
32,2010,5,6800,4.6,9.8,0.9,1.1,0.2
32,2010,6,4500,5.7,7.5,1,1.2,0.3
32,2010,7,5800,6.1,7.8,1,1,0.1
32,2010,8,4600,3.5,9.9,1,1.1,1.4
32,2010,9,4300,2.5,8.9,1,1.2,0.2
32,2010,10,5900,7,9.6,1.1,1.3,0.1
32,2010,11,3900,7.8,9.1,1.1,1.8,0
32,2010,12,4900,8.7,17.3,1.3,4.3,11.3
32,2010,13,8500,6.7,19.5,1.1,2.1,0.2
32,2010,14,9100,5.6,16.6,1,1.7,0.1
32,2010,15,6500,3.3,12.2,1,1.3,0
32,2010,16,5600,4.6,13.4,1.1,1.3,1.8
32,2010,17,2700,9.4,12.4,1.2,4,0.8
32,2010,18,3600,10.1,14.4,1.2,4.7,32
32,2010,19,5500,8.1,12.4,1.1,5.8,32.8
32,2010,20,4400,8,11,1,6.1,33.5
32,2010,21,2500,6.2,9.1,0.9,3.2,7.9
32,2010,22,5500,4.8,10.2,0.9,3.2,0
32,2010,23,6300,5.8,12.8,1,3.5,4.7
32,2010,24,3000,5.3,8,0.9,1.7,7.6
32,2010,25,2300,6.7,9,1,1.5,35.5
32,2010,26,7300,4.3,12.7,1,2.4,1.6
32,2010,27,9900,1.4,15.3,0.9,2,0.1
32,2010,28,9000,2.3,13,1,1.3,0
32,2010,29,6600,5.9,12.9,1.1,1.2,1.6
32,2010,30,8900,5.7,14.1,1.1,1.6,0.3
32,2010,31,10800,3.1,15,0.8,1.1,0.1
32,2010,32,3600,7.3,12.9,0.6,1.6,0
32,2010,33,8700,4.2,13.5,0.3,1.7,0.1
32,2010,34,9300,8.2,16.4,0.4,2.1,0
32,2010,35,2700,8.7,12.7,0.7,3.3,15.6
32,2010,36,9000,10.8,15.9,0.6,3.1,0.1
32,2010,37,6300,10.5,13.5,0.6,2.4,1.7
32,2010,38,12700,6,16.1,0.5,1.3,0
32,2010,39,9200,3.2,13.5,0.4,1.8,0.5
32,2010,40,9200,4.8,13.5,0.5,2.1,9.6
32,2010,41,8500,1.5,12.8,0.8,1.7,0.1
32,2010,42,6600,9.8,14.5,1.1,3.1,0.1
32,2010,43,9900,10.1,15.7,1.2,3,0.1
32,2010,44,11700,5.7,17.2,1.1,1.2,0
32,2010,45,10100,4.1,17.1,0.9,1.1,0.2
32,2010,46,13400,7.2,20.7,1.1,1.4,0
32,2010,47,14200,6.9,21.2,1.3,1.1,0.1
32,2010,48,14500,0,21.3,1.2,1.1,0
32,2010,49,14000,6.3,18.7,1.2,1.1,0
32,2010,50,11500,7.4,15.3,1.3,1.4,0
32,2010,51,10500,5.7,15.8,1.1,1.8,0.1
32,2010,52,10400,5.9,13.4,1,1.5,0
32,2010,53,15000,4.9,15.5,0.8,2.5,0
32,2010,54,3700,7.7,9.8,1,2.6,20.4
32,2010,55,10000,7.3,12.9,1.2,2.2,0.3
32,2010,56,10100,4.7,15.5,1.2,1.2,0.1
32,2010,57,2300,4.5,14.5,1.2,3.2,8
32,2010,58,13900,5.1,16.8,1.1,1.6,1.6
32,2010,59,15800,3.4,18.8,1,1.5,0.1
32,2010,60,10800,5.8,16.2,1.2,1.5,0
32,2010,61,9500,8.9,15.3,1.2,3.4,2.6
32,2010,62,9600,3,14,0.9,3.1,6.5
32,2010,63,15700,0.4,12.9,0.8,1.5,0.1
32,2010,64,11600,3.5,13.5,0.9,1.3,0
32,2010,65,11000,6.2,19.3,1,1.5,0
32,2010,66,17200,3.9,19.5,1.1,1.9,0
32,2010,67,12900,4.3,14.4,0.9,3.2,1.8
32,2010,68,13400,0,12.8,0.7,1.9,0.2
32,2010,69,18600,2.9,14.8,0.7,1.7,0
32,2010,70,18200,1.4,16,0.8,2.2,0
32,2010,71,5400,4.1,12.5,0.9,3.9,2.5
32,2010,72,19400,-0.8,14.1,0.7,2.6,0
32,2010,73,18500,4.5,18.9,0.7,2.3,0
32,2010,74,19000,3,20.6,0.9,0.9,0
32,2010,75,18800,4.3,22.9,1.1,1,0
32,2010,76,19700,0,24.5,1.1,1.7,0
32,2010,77,20700,4.9,23.3,0.8,3.8,0
32,2010,78,21000,5.8,26.7,0.8,1.8,0
32,2010,79,19000,5.4,21.1,1.1,1.7,0
32,2010,80,13700,4.3,21.2,1.1,1.6,0
32,2010,81,21300,4.4,20.5,0.8,2.8,0
32,2010,82,21500,8.4,24,0.8,2.7,0
32,2010,83,21000,4.5,20.6,0.9,2.8,0
32,2010,84,15200,3.8,16.3,0.9,2.9,0
32,2010,85,21300,0.7,17.7,0.8,1.1,0
32,2010,86,21200,2.8,21.5,0.8,2,0
32,2010,87,15700,10.7,22.7,0.8,3.2,0
32,2010,88,10700,11.4,18.7,1.2,4.8,0
32,2010,89,17100,7.2,15.3,0.8,4.4,0
32,2010,90,10900,3.7,14,0.8,2.4,2.8
32,2010,91,15500,5,16,0.8,1.2,0
32,2010,92,8200,3.6,14.7,0.9,3.5,1
32,2010,93,16700,1.5,15.4,0.7,1.6,0
32,2010,94,6000,5.5,12,0.9,3.5,12.4
32,2010,95,18600,1.2,15.3,0.8,2.1,0
32,2010,96,23100,-0.1,17.2,0.8,1.9,0
32,2010,97,23500,8.4,22.8,0.9,2.6,0
32,2010,98,23800,4.6,21.5,0.9,2.9,0
32,2010,99,24000,8.8,22.1,0.6,4.5,0
32,2010,100,10700,6.7,16.2,0.9,2.7,0
32,2010,101,5400,8.2,11.4,1,3.1,23.3
32,2010,102,13000,8.3,13.3,1.1,4.1,3.5
32,2010,103,16000,6.5,17.9,1.1,1.4,0
32,2010,104,15700,5.4,17.1,1,2.3,0.1
32,2010,105,23900,5.2,19.9,1,1.7,0
32,2010,106,21700,6.6,21.8,1.1,1.6,0
32,2010,107,25200,8.1,23,1.2,1.2,0
32,2010,108,25500,5.7,26.2,1.2,1.7,0
32,2010,109,17300,9.5,21.8,1,2.4,0
32,2010,110,16100,6,15.2,1.1,2.4,21.5
32,2010,111,19600,0,17.1,0.9,2.7,0
32,2010,112,25500,3.8,21.1,1.1,1.8,0
32,2010,113,26000,4.3,22.8,1.3,1.4,0
32,2010,114,26400,7.4,27.1,1.3,1.1,0
32,2010,115,26700,8.3,27.6,1,1.8,0
32,2010,116,14400,5.5,25,1,2.2,0
32,2010,117,17900,8.2,20.8,1.1,4.8,0
32,2010,118,18100,4.8,16.3,0.8,2.7,3.5
32,2010,119,23800,0.6,18.5,0.8,1.6,0.1
32,2010,120,27300,6.3,21.7,0.7,3.3,0
32,2010,121,26100,5.7,26.7,1,1.7,0
32,2010,122,26700,10,27.1,0.8,3.1,0
32,2010,123,26600,7.3,30.8,1.1,2.1,0
32,2010,124,26900,8.7,26,0.6,2.6,0
32,2010,125,27900,6,22.3,0.5,3.4,0
32,2010,126,28300,7.6,23,0.5,4.5,0
32,2010,127,27500,2.5,26.1,0.7,1.6,0
32,2010,128,26000,9.8,24.5,0.9,2.2,0
32,2010,129,13500,9,19.7,1.1,2.3,0
32,2010,130,15900,3.7,15.6,0.9,3.5,2.5
32,2010,131,28000,0.6,22.6,0.9,1.7,0
32,2010,132,27400,7.9,27.3,1,1.9,0
32,2010,133,26600,7.8,29.7,1,1.5,0
32,2010,134,25700,9.1,29,1.3,1.4,0
32,2010,135,26700,10.1,29.3,1.3,1.5,0
32,2010,136,22400,13,27.4,1.2,2.5,0
32,2010,137,11700,11.4,17.8,1.2,3,0.3
32,2010,138,20900,10.5,23,1.2,2.1,0
32,2010,139,13600,7.7,18.5,1.3,2.4,0.9
32,2010,140,29100,6.8,23,0.9,2,0
32,2010,141,21700,4.2,20.1,0.9,2.5,0
32,2010,142,18200,2.1,17,0.7,1.7,0
32,2010,143,29100,6.2,22.9,0.8,2.6,0
32,2010,144,18000,9.9,20.3,1,2.6,0
32,2010,145,9500,10,18.2,1.2,2.6,2.6
32,2010,146,22600,9.9,20.4,1,2.8,0.1
32,2010,147,11600,9.7,16.4,1.1,2.3,11.4
32,2010,148,23700,5.3,20,1.1,1.5,0
32,2010,149,29700,9.9,27.2,1.1,2.9,0
32,2010,150,28900,10.5,29.9,1.2,1.4,0
32,2010,151,17600,16.7,25,1.5,1.8,0
32,2010,152,26600,14,25.9,1.6,2.2,0
32,2010,153,17000,14.6,28.4,1.6,3,0
32,2010,154,19900,16.6,27.8,1.7,3.1,0
32,2010,155,15700,17.9,25.2,1.8,3,0
32,2010,156,25900,16.2,31,1.8,1.9,0
32,2010,157,26300,17.5,31,1.7,2.5,0
32,2010,158,29100,15.6,30,1.7,1.7,0
32,2010,159,28200,15.4,29.8,1.5,2.5,0
32,2010,160,26100,14.4,26,1.2,3.4,0
32,2010,161,27500,11.7,24.8,1.1,2.8,0
32,2010,162,30100,15.7,28.1,0.9,5.4,0
32,2010,163,30200,16.8,32,1.1,3.7,0
32,2010,164,29800,17.2,34.8,1.4,2,0
32,2010,165,29400,15.3,32.1,1.6,2.3,0
32,2010,166,28500,0,29.2,1.4,1.7,0.1
32,2010,167,30600,13,27.6,0.7,3.7,0
32,2010,168,29100,10.1,28.6,1.2,1.5,0
32,2010,169,28000,12.5,27.5,1.4,2.7,0
32,2010,170,29200,11.4,23.8,1.3,2.7,0
32,2010,171,29700,8.9,28.3,1.2,1.7,0
32,2010,172,30000,17.5,31.5,1.1,3,0
32,2010,173,28900,14.3,32.2,1.5,1.6,0
32,2010,174,27500,19,32.5,1.6,1.7,0
32,2010,175,27900,15.3,29,1.6,2.5,0
32,2010,176,28800,13.3,29.6,1.7,1.6,0
32,2010,177,29400,16,37.7,2,1.5,0
32,2010,178,29800,16.9,38.7,2.1,1.3,0
32,2010,179,29700,18.9,37.8,2.1,1.4,0
32,2010,180,29600,17,35.6,1.6,1.8,0
32,2010,181,30200,13.6,30.9,1.5,1.9,0
32,2010,182,29700,14.1,28.8,1.5,2.1,0
32,2010,183,30100,13.6,31.3,1.5,1.5,0
32,2010,184,30000,16.5,32.6,1.1,2.7,0
32,2010,185,30100,16.1,35,1.4,2.8,0
32,2010,186,29400,16.8,34.6,1.7,1.7,0
32,2010,187,29300,14.7,30.4,1.7,2.5,0
32,2010,188,29100,13.7,31.2,1.7,2.4,0
32,2010,189,28500,15.4,32.3,1.8,2,0
32,2010,190,28200,15.6,31.7,1.9,2.3,0
32,2010,191,29100,17.3,35,1.9,2.1,0
32,2010,192,29400,14.1,36.8,1.8,1.6,0
32,2010,193,28700,16.6,30.4,1.8,3.4,0
32,2010,194,28500,0,29.6,1.8,2,0
32,2010,195,28600,14.8,33.5,1.6,1.4,0
32,2010,196,28400,17.1,37.8,2,1,0
32,2010,197,28200,19.3,38,2.1,2.1,0
32,2010,198,28400,17.3,34.1,2,2.2,0
32,2010,199,29600,17.4,35.9,2,1.8,0
32,2010,200,29300,16.2,36.3,1.8,1.7,0
32,2010,201,28400,14.9,33.1,1.8,2.6,0
32,2010,202,28900,13.9,29.1,1.6,2.2,0
32,2010,203,28800,13.2,32.6,1.8,2.1,0
32,2010,204,28300,15,33.5,1.8,1.8,0
32,2010,205,28500,14.6,35.5,1.8,1.9,0
32,2010,206,28100,15.1,32.4,1.8,2.7,0
32,2010,207,28200,14.2,28.6,1.6,3,0
32,2010,208,27800,13.4,28.3,1.6,2.6,0
32,2010,209,28400,12.7,30.8,1.5,1.9,0
32,2010,210,28500,13.4,31.8,1.5,1.9,0
32,2010,211,27900,13.6,30.8,1.5,1.9,0
32,2010,212,28300,12,31.2,1.6,1.8,0
32,2010,213,28100,12.6,33,1.5,1.7,0
32,2010,214,27900,14,31.7,1.6,1.7,0
32,2010,215,27500,13.6,33.4,1.6,1.7,0
32,2010,216,27500,15.2,32,1.7,2.1,0
32,2010,217,27500,12.7,30.8,1.6,2.1,0
32,2010,218,26900,11.7,32.3,1.6,2.3,0
32,2010,219,26400,13,31.6,1.6,2.5,0
32,2010,220,26200,12.9,29.2,1.6,2.5,0
32,2010,221,26500,12.6,29.5,1.7,2.1,0
32,2010,222,25600,12.5,29.4,1.7,2.6,0
32,2010,223,26000,12.4,25.9,1.5,2.7,0
32,2010,224,26300,11.6,32.2,1.6,1.2,0
32,2010,225,26300,15.6,31.2,1.7,2.1,0
32,2010,226,26100,12.7,30.4,1.6,2.2,0
32,2010,227,26000,12.5,31.5,1.6,1.7,0
32,2010,228,26000,13.4,33.2,1.7,2,0
32,2010,229,26400,13.2,31.3,1.5,2.8,0
32,2010,230,25400,10,29.5,1.4,1.6,0
32,2010,231,25700,11.6,33.6,1.5,1.4,0
32,2010,232,25700,14.3,31.1,1.5,2.3,0
32,2010,233,25000,12.8,26.9,1.4,3.8,0
32,2010,234,25200,12.2,29.3,1.4,1.4,0
32,2010,235,25200,14.5,35.9,1.3,3,0
32,2010,236,25400,13.7,38.8,1.6,1.1,0
32,2010,237,24500,15.4,41.4,1.7,1.6,0
32,2010,238,24900,18.2,31.5,1.6,3.4,0
32,2010,239,24600,12.2,29.4,1.6,2.7,0
32,2010,240,15200,13.6,22,1.3,2.4,0
32,2010,241,22700,13.4,26.4,1.3,1.7,0
32,2010,242,22300,0,26.8,1.2,1.8,0
32,2010,243,23500,11.5,31.4,1.2,1.9,0
32,2010,244,23100,12.7,35.5,1.5,2.1,0
32,2010,245,23400,15.2,35.7,1.6,1.1,0
32,2010,246,23800,13.5,36.2,1.6,1.4,0
32,2010,247,23500,13.1,33.5,1.5,1.5,0
32,2010,248,23700,11.9,32.6,1.2,2.3,0
32,2010,249,23500,14.8,34.6,0.9,2.7,0
32,2010,250,22600,10.6,29.6,1.4,2.2,0
32,2010,251,12600,14.8,23.3,1.5,2.7,0.9
32,2010,252,21100,10.7,24.1,1.4,1.3,0
32,2010,253,22500,9.9,28.9,1.3,1.6,0
32,2010,254,22400,9.3,30.6,1.3,1,0
32,2010,255,22100,10.6,32.5,1.3,1.6,0
32,2010,256,21700,11.2,28.6,1.4,1.8,0
32,2010,257,21900,10,29.4,1.3,1.1,0
32,2010,258,21000,10.2,29.5,1.4,1.4,0
32,2010,259,20600,11.9,30.6,1.5,1.3,0
32,2010,260,15500,16.6,28.5,1.9,2.5,0
32,2010,261,18100,15.9,28.3,1.7,2.8,0
32,2010,262,12600,14.7,24.8,1.8,3,2.3
32,2010,263,20600,13.3,27.5,1.5,1.6,0
32,2010,264,16900,10.7,25.8,1.4,2,0
32,2010,265,20100,10,23.9,1.3,1.6,0
32,2010,266,20400,10.8,27.7,1.4,1.1,0
32,2010,267,20300,9.3,32.3,1.4,1.1,0.1
32,2010,268,20200,9.1,33.1,1.4,0.9,0
32,2010,269,19600,9.6,34.1,1.3,1.2,0
32,2010,270,19900,9.8,35.4,1.5,0.9,0
32,2010,271,19700,15,36.9,1.5,0.5,0
32,2010,272,18900,12,37.2,1.5,0.5,0
32,2010,273,18900,13.1,31.9,1.6,0.5,0
32,2010,274,18300,11.2,30.7,1.5,0.5,0
32,2010,275,14700,12.3,29.7,1.6,0.5,0
32,2010,276,17400,13.3,26.3,1.4,0.7,0
32,2010,277,13100,12,20.2,1.3,0.6,0
32,2010,278,17400,13.9,25.9,1,0.8,0
32,2010,279,15400,11.6,23.3,1.4,0.6,0
32,2010,280,16800,11.3,23.3,1.2,0.7,0
32,2010,281,16000,7.8,24,1.2,0.5,0
32,2010,282,16300,8.4,28.6,1.3,0.5,0
32,2010,283,16300,11.8,29.3,1.5,0.5,0
32,2010,284,17200,12,30.6,1,0.8,0
32,2010,285,17100,11.5,31.3,1,1.4,0
32,2010,286,16700,0,34,1.3,0.9,0
32,2010,287,14400,9.6,32,1.4,0.8,0
32,2010,288,14800,10.9,31.6,1.3,1.2,0
32,2010,289,14500,13.9,25.8,1.1,2.2,0
32,2010,290,7200,10.7,14.7,1.4,1.3,0
32,2010,291,15200,8.9,22.5,1.4,1,0
32,2010,292,15400,7.7,29.3,1.4,1,0
32,2010,293,15200,9.2,24.6,1.5,0.9,0
32,2010,294,11100,10.2,20.7,1.2,2,0
32,2010,295,6200,12.1,18.2,1.4,1.9,0
32,2010,296,3700,11.3,13.5,1.3,2.6,0
32,2010,297,3300,12.1,18.4,1.5,5,0
32,2010,298,13600,6,19.3,1,0.9,0
32,2010,299,14600,0,18.5,0.8,1.6,0
32,2010,300,7700,1.7,16.5,0.8,1.1,0.4
32,2010,301,5500,10.1,15.7,1.2,1.8,0.1
32,2010,302,6400,10.6,16.7,1.3,2,13
32,2010,303,7900,12.1,16.5,1.4,2.3,0
32,2010,304,10000,10.8,20.2,1.4,1.6,0
32,2010,305,12900,0,22.5,1.4,0.9,0
32,2010,306,13000,6.9,24,1.3,1,0.1
32,2010,307,11600,8.9,25.3,1.4,0.7,0
32,2010,308,12300,9.3,24.7,1.4,0.6,0.1
32,2010,309,9300,9.7,24.4,1.6,0.6,0.1
32,2010,310,12100,8.2,24.8,1.3,1.4,0
32,2010,311,7600,5.9,17.4,1.3,2.9,15.4
32,2010,312,12400,2.9,16.8,0.9,0.9,0.1
32,2010,313,7200,2.2,13.8,1,2.1,0.2
32,2010,314,11800,5.1,15.8,1.1,1.6,0
32,2010,315,12100,3.6,18,0.8,1.9,0
32,2010,316,11400,1.8,17.6,0.9,1.3,0.1
32,2010,317,9000,10,20.8,0.8,3.2,0
32,2010,318,10000,10.7,25.6,1.3,2.7,0
32,2010,319,11300,12.3,25.1,1.2,3.3,0
32,2010,320,11200,6.8,21.4,1,1.6,0
32,2010,321,11400,1.2,18.7,0.9,0.8,0
32,2010,322,9500,0,18.7,1,2.5,0
32,2010,323,3900,7.3,14.4,1.1,2.6,4.3
32,2010,324,3900,5.8,10.3,0.9,3.9,8.7
32,2010,325,9400,4.6,13.2,0.8,2.8,0
32,2010,326,8500,5.7,14.5,0.9,3.4,0
32,2010,327,9800,0,14.3,0.7,3.7,0
32,2010,328,10500,0.3,10.2,0.4,3.1,0
32,2010,329,10300,-1.2,11.2,0.5,1.8,0
32,2010,330,8000,-2.5,11.5,0.6,0.9,0
32,2010,331,6200,0.7,11.4,0.9,2.6,9
32,2010,332,10000,-2.3,10.2,0.7,1,0.1
32,2010,333,9800,-0.5,12,0.6,1.8,0
32,2010,334,5700,1,10.7,0.7,0.8,0
32,2010,335,6800,-0.8,13.7,0.8,0.9,0
32,2010,336,3000,3.5,10.4,0.9,1.2,1.6
32,2010,337,6700,7,12.7,1.1,2,1.3
32,2010,338,4400,7.3,14.7,1.1,0.9,0.4
32,2010,339,3600,10.3,12.9,1.3,1.9,15.6
32,2010,340,7900,7.8,17.6,1.3,3.3,2.6
32,2010,341,8400,5.5,15.6,1.1,0.9,0.1
32,2010,342,2900,10,11.4,1.2,2.8,14
32,2010,343,4500,11,17,1.4,2.8,0.4
32,2010,344,4700,11.8,16.5,1.5,2.3,0
32,2010,345,6500,8.5,17.4,1.5,0.8,0
32,2010,346,6800,6.5,12.2,1.3,0.9,0.3
32,2010,347,3400,10.6,12.8,1.3,1.3,0
32,2010,348,2800,4.7,14,1.2,3.7,3.7
32,2010,349,9000,1,12.7,0.8,1.2,0
32,2010,350,9100,-1.9,11.6,0.7,0.9,0.1
32,2010,351,3200,3.9,8.9,0.8,1.8,12
32,2010,352,4000,9,14.1,1.3,4.2,0.3
32,2010,353,4300,7.5,13.8,1.1,3.7,7.2
32,2010,354,5200,7.1,10.3,1,3.2,8.3
32,2010,355,3800,0,11.9,1.1,2,2.6
32,2010,356,6000,6.1,13,1.2,1.4,8.8
32,2010,357,7300,4.1,13.1,1,0.9,0.1
32,2010,358,5000,5,12.4,1.1,0.9,0
32,2010,359,1200,8.2,10.2,1.1,2.3,15
32,2010,360,4200,7.4,13.2,1.1,3.6,0.1
32,2010,361,6100,6.6,10.5,1.1,1.5,0
32,2010,362,2300,7.1,10.1,1.1,3.7,12.5
32,2010,363,8100,2.1,12.2,0.8,2.9,0
32,2010,364,8000,-2.5,10.1,0.6,0.9,0
32,2010,365,6100,-2.6,7,0.6,0.9,0.1
