*---------------------------------------------------------*
* Weather file for rice yield gap assessment using Oryza(v3)
*      Project: Global Yield Gap Atlas (www.yieldgap.org)
*      Country: USA
*  Station_num: 32
* Station_name: Colusa
*         Year: 2011
*       Source: http://www.cimis.water.ca.gov
*       Author: M. Espe
*         Date: 11-16-2015
*    Longitude: -122.02
*     Latitude: 39.23
*    Elevation: 55
*
*  Columns:
*  1. station number
*  2. year
*  3. day
*  4. average insolation incident on a horizontal surface (kJ m-2 d-1)
*  5. minimum temperature (degrees Celsius)
*  6. maximum temperature (degrees Celsius)
*  7. vapour pressure (kPa)
*  8. mean wind speed (m s-1)
*  9. precipitation (mm d-1)
*---------------------------------------------------------*
-122.02,39.23,55,0,0
32,2011,1,3200,1.4,4.9,0.8,2.5,12.7
32,2011,2,4800,1.2,9.7,0.9,2.3,7.4
32,2011,3,8900,-1,11.7,0.8,0.8,0.1
32,2011,4,9200,-0.9,11.5,0.7,1,0.2
32,2011,5,9000,-0.9,12.4,0.7,1.1,0.1
32,2011,6,8900,-0.4,4.4,0.7,1.3,0.2
32,2011,7,7200,2.6,3.6,0.7,1,0
32,2011,8,5000,2.2,3.7,0.7,1.2,0
32,2011,9,9600,-1.2,9.3,0.7,1.1,0
32,2011,10,9000,-4,9.6,0.6,1.1,0.1
32,2011,11,4000,3.4,7.7,0.8,1.4,2.1
32,2011,12,6300,4.9,12.3,0.9,1.7,0
32,2011,13,4100,5.8,10.8,1.1,1.8,4.1
32,2011,14,7600,7.4,17.8,1.2,1.7,0
32,2011,15,8500,5.3,11.4,1.1,1.3,0.1
32,2011,16,8000,7.6,10.2,1.1,1.1,0.1
32,2011,17,8500,8,10.1,1.2,1.1,0.3
32,2011,18,9400,4.4,14.4,1,1.4,0.3
32,2011,19,10000,0,18.8,1,4.2,0
32,2011,20,10800,3.6,17.5,0.8,2.2,0
32,2011,21,10300,1.2,17.8,0.9,1,0.1
32,2011,22,11100,4.2,21.7,0.9,3.3,0
32,2011,23,9300,2.4,15.5,0.9,1.3,0
32,2011,24,10200,1.7,18.9,0.9,0.8,0.1
32,2011,25,11300,2,20.7,0.9,1.7,0.1
32,2011,26,9400,3.1,16,0.9,1.4,0
32,2011,27,11200,3.7,12.3,1,0.9,0.4
32,2011,28,9700,4.3,7.3,0.9,1.1,0.2
32,2011,29,6900,4.9,9.3,1,1.5,4
32,2011,30,7700,3.5,12,1,2.1,1.1
32,2011,31,11800,2.7,18.4,0.9,1.5,0.1
32,2011,32,12200,2.7,17.1,0.7,3.2,0
32,2011,33,12600,1.6,17.2,0.6,2.6,0
32,2011,34,11400,-0.7,16.5,0.8,0.9,0
32,2011,35,10000,0.8,22.5,0.9,1.1,0
32,2011,36,11000,4,24,1.1,2.3,0
32,2011,37,12400,8.2,23.1,1.1,2.7,0
32,2011,38,13000,4.2,20.7,1,2.1,0
32,2011,39,13600,6.6,14.7,0.5,6.4,0
32,2011,40,13900,4.9,16.6,0.5,3.9,0
32,2011,41,13700,-0.2,19,0.6,1.5,0
32,2011,42,13000,-0.9,19.4,0.7,1,0
32,2011,43,14200,0.1,18.7,0.8,1.5,0
32,2011,44,14300,-0.8,19.4,0.8,1.5,0
32,2011,45,5300,7.4,13,1.1,4.7,1.9
32,2011,46,5100,9.9,16.2,1.1,5.6,11.8
32,2011,47,8400,4.2,11.2,0.8,3.8,1.2
32,2011,48,3700,4.2,8.6,0.9,4.5,14.2
32,2011,49,9300,3.4,8.1,0.8,2,10.3
32,2011,50,11400,1.7,11,0.8,2.5,2.6
32,2011,51,12100,-1.8,12.1,0.7,1.1,0.1
32,2011,52,12100,2.6,11.9,0.8,1.5,0
32,2011,53,15600,-1.6,15.2,0.7,1,0.1
32,2011,54,15200,2.2,14.2,0.7,1.5,0
32,2011,55,7100,0,10,0.9,3.6,2.9
32,2011,56,11900,0,10.2,0.7,2.9,12.5
32,2011,57,16000,-0.5,10,0.6,2.5,0
32,2011,58,16600,-2.7,12.4,0.6,2.2,0
32,2011,59,11100,3.2,14.2,0.8,2.5,0
32,2011,60,16100,0.9,15.2,0.8,1.9,0.4
32,2011,61,8800,8.2,15.2,1.1,4,6
32,2011,62,15800,5.8,17.3,1,2,0
32,2011,63,13000,3,16.3,1,1.7,0.1
32,2011,64,7600,9.1,16.9,1.2,1.3,3.2
32,2011,65,7600,8.5,12.6,1.3,1.4,14.5
32,2011,66,12300,5.4,16,1,1.7,0.2
32,2011,67,13700,8.1,17.9,1.2,1.7,0
32,2011,68,16200,0,17.8,1.4,2.5,0
32,2011,69,11700,8.1,18.7,1.1,3.1,0
32,2011,70,17900,2.5,17.7,0.9,1.3,0
32,2011,71,13600,7.4,17.9,1,2.5,0
32,2011,72,6900,7.4,16.1,1.3,3.6,2
32,2011,73,13600,11.1,17.4,1.4,1.5,0
32,2011,74,5400,12,15.4,1.4,3.3,7.3
32,2011,75,17200,3.2,16.3,0.9,2.8,0
32,2011,76,12600,0.2,15,0.9,2.3,0
32,2011,77,8000,5.9,10.8,1,4.1,10.4
32,2011,78,6600,5.4,9.6,0.9,4.6,20.4
32,2011,79,9700,5.4,12.2,1,4.8,8
32,2011,80,15800,4.7,16,0.9,2,0.4
32,2011,81,14200,5.3,14.5,0.9,2.9,1.4
32,2011,82,13000,8.1,13.5,1,4.2,8.4
32,2011,83,9300,7.2,10.1,0.9,5.4,22
32,2011,84,11300,6.8,13.3,1,4.2,5.9
32,2011,85,12500,6.5,14.9,1,4.2,5.1
32,2011,86,10900,6.4,13.5,1,3.4,0
32,2011,87,21500,2.8,17.5,1,1.8,0
32,2011,88,19600,4.7,20.3,1.1,1,0
32,2011,89,21300,10.9,26.5,1.3,2.6,0
32,2011,90,22000,10.2,25.2,1.3,1.8,0
32,2011,91,21900,8.6,25.8,1.4,1.1,0
32,2011,92,22200,10.7,21.5,1,3.8,0
32,2011,93,23100,8.2,19,0.6,4.9,0
32,2011,94,22300,6.9,23.5,0.9,1.4,0
32,2011,95,18600,6.9,22.5,1.1,1.5,0
32,2011,96,23200,4.1,21.6,0.8,2.2,0
32,2011,97,17100,2.1,14.4,0.6,2.1,0
32,2011,98,20800,-1.1,16.3,0.6,1.6,0
32,2011,99,23100,0.4,19.3,0.7,2,0
32,2011,100,23400,7,18.7,1,2.5,0
32,2011,101,21100,7.5,20,1,1.8,0
32,2011,102,23600,6.8,20,1,2.2,0
32,2011,103,19300,5,16.9,0.9,2.6,0
32,2011,104,20200,4.4,17.9,0.9,1.1,0
32,2011,105,14100,0,21.1,1.2,1.6,0
32,2011,106,21200,8.5,25.5,1.4,1.4,0
32,2011,107,18500,11.9,24.7,1.5,2.1,0.1
32,2011,108,14500,13.3,20.1,1.4,2.2,0.3
32,2011,109,22500,12.5,21.9,1.4,1.6,0.1
32,2011,110,18400,12,20.5,1.1,3.9,0
32,2011,111,25000,6.4,21,1,1.8,0
32,2011,112,17000,7,20.2,1,1.6,0
32,2011,113,14600,10,18.9,1.1,1.8,0
32,2011,114,23700,13.2,23.3,1.1,2.4,0
32,2011,115,23900,6.5,22.3,1,4.1,0
32,2011,116,25700,2.9,21.7,0.7,1.5,0
32,2011,117,25700,5.5,24.4,1,1.8,0
32,2011,118,25300,8.9,22.4,0.8,2.7,0
32,2011,119,27300,4.7,19.6,0.5,4.3,0
32,2011,120,27900,8.2,23.1,0.6,3.8,0
32,2011,121,27300,7.1,27.6,0.7,2,0
32,2011,122,26000,9.4,29,0.8,2.6,0
32,2011,123,27400,7.5,26.4,0.8,2.6,0
32,2011,124,27700,13.3,30.8,0.9,2.6,0
32,2011,125,27000,9.4,32.7,1.3,1.1,0
32,2011,126,26700,11.1,28.9,1.3,2.1,0
32,2011,127,19800,10.1,23.1,1.2,2.3,0
32,2011,128,20700,11.3,19.3,1.1,2.4,0
32,2011,129,27500,6.1,21.5,0.8,3.1,0.3
32,2011,130,27700,7.2,28.9,0.9,1.7,0
32,2011,131,21900,10.9,23.9,1.2,2.9,0
32,2011,132,27400,10.2,25.4,1.2,2.1,0
32,2011,133,27400,8.4,27.2,1,2,0
32,2011,134,15400,9.3,17.8,0.9,3.2,0.4
32,2011,135,16100,7.2,15.5,0.9,3,2.8
32,2011,136,12100,6.6,15.2,1,1.7,7.3
32,2011,137,13000,9.5,17.5,1.2,3.4,1
32,2011,138,24900,9.6,21.9,1.2,1.5,0.1
32,2011,139,28600,8.4,27.4,1.2,1.9,0
32,2011,140,27900,10.6,26.5,1.4,1.9,0
32,2011,141,27900,12.1,26,1.5,1.7,0
32,2011,142,25100,11.5,24.3,1.4,2,1.9
32,2011,143,28200,10.9,22.5,1.2,2.1,0.8
32,2011,144,28300,8.2,23.3,1.1,1.8,0
32,2011,145,13000,9.5,18.1,1.1,2.8,16.5
32,2011,146,21300,0,20.6,1.1,1.4,0.4
32,2011,147,25300,11.5,21.4,1.2,2.5,0
32,2011,148,9000,8.6,14.3,1.1,1.8,8.2
32,2011,149,28700,4.9,22.4,1,2.3,0
32,2011,150,22900,8.9,20.8,1.1,3,0
32,2011,151,19100,10.7,16.6,1.2,2.8,1.3
32,2011,152,15400,7.1,16.4,1.1,2.1,3.3
32,2011,153,20700,8.4,20,1.1,1.3,0
32,2011,154,12100,6.7,17.5,1.2,1.3,0
32,2011,155,6700,12.7,18.1,1.4,1.9,9.6
32,2011,156,16100,13.7,21.8,1.6,1.3,2.5
32,2011,157,10300,10.8,18.9,1.4,2.6,0
32,2011,158,28900,10.1,26.6,1.5,1.6,0
32,2011,159,29400,18.9,27,1.7,0.6,0.2
32,2011,160,29300,13,32.1,1.6,0.5,0
32,2011,161,29700,15.2,29.3,1.7,0.6,0
32,2011,162,26200,13.3,25.1,1.5,0.7,0
32,2011,163,28800,12.2,29,1.6,0.6,0
32,2011,164,28800,16.2,31.1,1.7,0.6,0
32,2011,165,29700,16.5,35.1,1.8,0.6,0
32,2011,166,30400,15.2,34.1,1.5,0.6,0
32,2011,167,28900,15.4,30.7,1,0.8,0
32,2011,168,29700,12.9,32.5,1.2,0.5,0
32,2011,169,27400,14,30.6,1.6,0.6,0
32,2011,170,30100,16.4,31.2,1.4,0.8,0
32,2011,171,29800,0,36.2,1.8,1.5,0
32,2011,172,29800,17.9,36.7,2.1,1.1,0
32,2011,173,29900,19.7,36.6,2.1,1.8,0
32,2011,174,29900,16.2,31.7,1.7,2.2,0
32,2011,175,30200,13.8,30.3,1.5,1.6,0
32,2011,176,28300,15.2,30.8,1.6,2.2,0
32,2011,177,29400,14.5,32.1,1.7,1.5,0
32,2011,178,29100,16.7,31.7,1.6,2.8,0
32,2011,179,9500,14.5,18.6,1.7,3,26
32,2011,180,25700,12.5,22.4,1.5,1.8,0
32,2011,181,29500,12.1,28.5,1.8,1,0
32,2011,182,30100,15.2,32.6,1.9,1.5,0
32,2011,183,29800,17,35.4,2.1,1,0.1
32,2011,184,30100,18.4,36.6,2,1.9,0
32,2011,185,29700,16.1,36.9,1.9,1.2,0
32,2011,186,29700,18.4,37.4,2.1,1.4,0
32,2011,187,29400,19.2,35.3,2.1,1.7,0
32,2011,188,29400,17.8,33.5,1.7,1.9,0
32,2011,189,29100,16.7,35.6,1.9,1.3,0
32,2011,190,29900,18,31.3,2,2.5,0
32,2011,191,29400,14.4,29.9,1.7,2.3,0
32,2011,192,28900,15.2,27.3,1.7,2.8,0
32,2011,193,28200,13.1,28.3,1.7,2.7,0
32,2011,194,23700,15,25.6,1.7,2.9,0
32,2011,195,28300,12.5,26.8,1.5,2.1,0
32,2011,196,27700,12.7,27.5,1.5,2.6,0
32,2011,197,26600,13.5,26.7,1.6,2.7,0
32,2011,198,27700,14.6,26.7,1.5,2.9,0
32,2011,199,18300,13.7,28.5,1.6,2.2,0
32,2011,200,28600,0,30.3,1.8,1.3,0
32,2011,201,28900,16,33.1,1.8,1.4,0
32,2011,202,28200,16.6,34.4,1.8,1.3,0
32,2011,203,28200,17.7,34.4,2.1,1.5,0
32,2011,204,28300,16.7,33,1.9,2.2,0
32,2011,205,28900,15.4,31.9,1.7,2.3,0
32,2011,206,28800,13.9,31.5,1.7,2,0
32,2011,207,28200,15.7,33,1.8,1.3,0
32,2011,208,28300,14.9,34.8,1.8,1,0
32,2011,209,28300,15.8,35.7,1.9,1.4,0
32,2011,210,27400,17,34.7,1.9,2.2,0
32,2011,211,27500,16.2,31.9,1.9,2.1,0
32,2011,212,27700,16.1,30,1.9,2.6,0
32,2011,213,28200,14.2,32.9,1.7,1.9,0
32,2011,214,28200,14.2,33.7,1.7,1.3,0
32,2011,215,28000,13.7,33.8,1.7,1.7,0
32,2011,216,27100,14.6,28.5,1.7,2.3,0
32,2011,217,27000,13,31.6,1.8,1.7,0
32,2011,218,26700,14.8,30.9,1.8,2,0
32,2011,219,26800,14.6,30.3,1.8,2,0
32,2011,220,27000,13.8,32.6,1.7,1.8,0
32,2011,221,27000,13.5,33.3,1.7,1.3,0
32,2011,222,27100,15.5,32.9,1.8,1.9,0
32,2011,223,26800,15.2,31.6,1.7,2.3,0
32,2011,224,26600,13.6,32.6,1.7,1.9,0
32,2011,225,26700,15.4,33.7,1.8,1.9,0
32,2011,226,26400,16.4,30.7,1.6,2.2,0
32,2011,227,26200,16,31.4,1.6,1.5,0
32,2011,228,26200,14.2,33,1.6,1.4,0
32,2011,229,25900,14.5,33.6,1.6,1.5,0
32,2011,230,25800,14.6,33.6,1.8,1.9,0
32,2011,231,25200,14,31,1.7,2.4,0
32,2011,232,24900,11.5,29.8,1.6,2.1,0
32,2011,233,25500,11.7,30.4,1.6,1.8,0
32,2011,234,25200,12.6,33.6,1.6,1.2,0
32,2011,235,25300,13,33.5,1.6,1.3,0
32,2011,236,24200,0,34.1,1.6,2.1,0.1
32,2011,237,24800,13.7,33.5,1.6,1.4,0
32,2011,238,24800,15.4,35.7,1.65,1.18,0.46
32,2011,239,25200,13.8,34.1,1.7,1.3,0
32,2011,240,24900,13.3,35,1.6,1.2,0
32,2011,241,24500,14.5,34.2,1.7,1.7,0
32,2011,242,24200,11.9,31.2,1.6,1.8,0
32,2011,243,24300,12,30.3,1.6,1.5,0
32,2011,244,24500,13.1,33.6,1.5,1.8,0
32,2011,245,24300,15,34.9,1.2,1.7,0
32,2011,246,23700,13.1,34,1.6,1.3,0
32,2011,247,23500,13,33.4,1.7,1.4,0
32,2011,248,23400,11.4,31.6,1.5,1.5,0
32,2011,249,23300,12.7,35,1.5,1.1,0
32,2011,250,22500,13.4,35.1,1.6,1,0
32,2011,251,22800,13.5,37.2,1.7,1.1,0
32,2011,252,21500,14.7,39.1,1.7,1.9,0
32,2011,253,22000,15.4,33.5,1.7,2,0
32,2011,254,21000,17.3,28.3,1.7,2.5,0
32,2011,255,19800,15.5,29.6,1.8,1.5,0
32,2011,256,21000,16.9,34.4,1.9,1.4,0
32,2011,257,20700,16.5,30.9,1.8,2,0
32,2011,258,21000,13.8,27.7,1.5,2.3,0
32,2011,259,21000,10,26.6,1.4,1.7,0
32,2011,260,20900,11,30.7,1.5,1.1,0
32,2011,261,21000,11.4,31.7,1.5,1.2,0
32,2011,262,20700,12.1,34.2,1.7,1,0
32,2011,263,20800,13.1,36.2,1.6,1,0
32,2011,264,20800,12.1,37.6,1.6,1.2,0
32,2011,265,20600,13.6,38,1.7,0.9,0
32,2011,266,19900,13.4,35.6,1.6,1.1,0
32,2011,267,18800,15.2,32.3,1.6,2.5,0
32,2011,268,13500,13.9,22.2,1.7,2.3,2.4
32,2011,269,19100,11.5,27.9,1.6,1.3,0.1
32,2011,270,18900,11.3,32.8,1.6,1,0
32,2011,271,19000,12.5,32.9,1.6,1.1,0
32,2011,272,18800,13.3,34.5,1.8,1.2,0
32,2011,273,18400,15,28.5,1.5,2.7,0
32,2011,274,13200,12.1,23.5,1.5,2.2,0
32,2011,275,14000,10.3,24.4,1.3,1.8,0
32,2011,276,6900,11.2,19.4,1.4,1.9,4.6
32,2011,277,6200,12.6,18.5,1.5,2.4,7.1
32,2011,278,9100,8,17.1,1.2,2.2,5.7
32,2011,279,15100,6.6,17.3,1.1,1.7,0.3
32,2011,280,17300,4.3,22.9,1.1,1.3,0.1
32,2011,281,17400,6.5,24.4,1.3,0.9,0
32,2011,282,16400,8.3,24.6,1.4,0.8,0
32,2011,283,7200,14.8,19.7,1.8,3.4,9.2
32,2011,284,16200,13.3,24.6,1.7,1.6,0
32,2011,285,16300,10.1,26,1.4,1.4,0
32,2011,286,16100,9.6,28.1,1.4,0.9,0
32,2011,287,15900,10.2,30.1,1.6,0.8,0
32,2011,288,14900,14.5,29.2,1.8,0.9,0
32,2011,289,15200,13.8,26.4,1.91,1.27,1.39
32,2011,290,15800,11.9,30.1,1.5,1.6,0
32,2011,291,15500,0,29.3,1.6,1.1,0
32,2011,292,15300,12.6,25.3,1.6,1.3,0
32,2011,293,15100,10.7,27.1,1.6,0.8,0.1
32,2011,294,15000,9.8,27.5,1.4,1.2,0
32,2011,295,15200,8.5,27.7,1.3,1.1,0
32,2011,296,14400,8.4,28.6,1.4,0.8,0
32,2011,297,14400,8.9,25.7,1.5,0.8,0.1
32,2011,298,15000,8.6,23.4,0.8,3.3,0
32,2011,299,14800,5,22.4,0.5,3.7,0
32,2011,300,14000,3,23.3,0.8,0.8,0
32,2011,301,14400,2.6,24.8,0.8,0.9,0
32,2011,302,13800,3.1,27.8,1,1.4,0
32,2011,303,13400,6.5,27.3,1.1,0.7,0
32,2011,304,13400,7,27.3,1.2,1.3,0
32,2011,305,14000,12.9,21,0.5,6.9,0
32,2011,306,13800,7.7,22.4,0.5,2.4,0
32,2011,307,7900,3.7,16.2,0.8,2.3,0
32,2011,308,12700,1.8,14.6,0.8,1.4,0.1
32,2011,309,6500,0.8,13.3,0.8,2.3,6.3
32,2011,310,7800,3.3,12.6,1,1.1,0.4
32,2011,311,12900,1.7,18.4,0.8,1.5,0.1
32,2011,312,12400,0.3,15,0.8,0.9,0.1
32,2011,313,10800,0.1,17,0.8,1,0.1
32,2011,314,12200,-1.3,19,0.8,1,0.1
32,2011,315,6500,1.7,14.7,0.9,1,0.8
32,2011,316,10900,7.5,17.1,1.2,1.1,0
32,2011,317,9100,5.1,17.8,1.1,1.3,0
32,2011,318,11300,5.8,19.2,1.1,1.3,0
32,2011,319,11200,3.1,19.9,0.9,1.1,0.1
32,2011,320,11200,0,20,1,0.8,0
32,2011,321,7600,4.8,20.2,1.1,2,0
32,2011,322,6900,2.4,15.1,0.8,3,0
32,2011,323,9200,-0.6,11.4,0.8,1.6,3.8
32,2011,324,6000,5.2,9.6,1,2.4,16
32,2011,325,7100,1.7,13.8,1,1.9,0
32,2011,326,5000,7.8,15.3,1.1,3.2,0
32,2011,327,3500,0,12.4,1.1,2.2,0
32,2011,328,5800,9,11.7,1.2,1.4,14.3
32,2011,329,7300,5.5,14.6,1.2,1.2,0
32,2011,330,8700,3.2,11.3,1,1.1,0.3
32,2011,331,9400,5.4,11.9,1.1,0.9,0.2
32,2011,332,9600,4.6,19.1,1,0.7,0.2
32,2011,333,9600,3.6,13.5,1,1,0.3
32,2011,334,10200,4.5,17.1,0.8,4.3,0.1
32,2011,335,10100,10.2,17.5,0.5,7.5,0
32,2011,336,9800,9.2,21.6,0.5,4.1,0
32,2011,337,9900,6.5,15.8,0.4,5.4,0
32,2011,338,9800,1.6,15.3,0.5,1.6,0
32,2011,339,9600,0.9,15.8,0.5,4.1,0
32,2011,340,9300,-2.4,15.4,0.6,1,0
32,2011,341,8400,-2.4,14.3,0.6,0.9,0
32,2011,342,9400,-1.4,15.7,0.7,1,0
32,2011,343,9500,-2.4,16.1,0.7,0.7,0
32,2011,344,8100,-2.4,14.1,0.7,0.8,0.1
32,2011,345,8700,-2.9,11.7,0.7,0.8,0.1
32,2011,346,8600,0.2,14.3,0.7,1.4,0
32,2011,347,9100,-3.1,12.9,0.6,1,0
32,2011,348,8500,-3,12.3,0.7,1.6,0.1
32,2011,349,8500,6,12.1,0.9,3.1,2.8
32,2011,350,8600,7.5,17.7,0.7,5.4,0
32,2011,351,9000,-1.4,14,0.8,1.5,0
32,2011,352,8700,-0.9,13,0.8,1.1,0.1
32,2011,353,8100,-1.7,17.4,0.6,5.1,0.1
32,2011,354,8900,1.4,16.8,0.7,2.4,0
32,2011,355,9200,-2.4,17.6,0.5,2.9,0
32,2011,356,9400,1.8,14.6,0.4,3.9,0
32,2011,357,8100,-3.8,12.3,0.4,0.9,0
32,2011,358,8900,-5,12.7,0.6,0.9,0
32,2011,359,9000,-4.6,12,0.6,0.9,0.1
32,2011,360,8800,-4.5,13.8,0.6,0.9,0
32,2011,361,7600,-3.3,16.6,0.6,1.4,0
32,2011,362,4500,3.8,13.8,0.8,1.4,0
32,2011,363,4700,0,13.4,0.9,1.7,0
32,2011,364,5300,6.5,18.3,1.1,3,0
32,2011,365,9000,2.1,15.7,0.6,2.3,0
