*---------------------------------------------------------*
* Weather file for rice yield gap assessment using Oryza(v3)
*      Project: Global Yield Gap Atlas (www.yieldgap.org)
*      Country: USA
*  Station_num: 32
* Station_name: Colusa
*         Year: 2006
*       Source: http://www.cimis.water.ca.gov
*       Author: M. Espe
*         Date: 11-16-2015
*    Longitude: -122.02
*     Latitude: 39.23
*    Elevation: 55
*
*  Columns:
*  1. station number
*  2. year
*  3. day
*  4. average insolation incident on a horizontal surface (kJ m-2 d-1)
*  5. minimum temperature (degrees Celsius)
*  6. maximum temperature (degrees Celsius)
*  7. vapour pressure (kPa)
*  8. mean wind speed (m s-1)
*  9. precipitation (mm d-1)
*---------------------------------------------------------*
-122.02,39.23,55,0,0
32,2006,1,2700,7.12,14.24,1.33,3.88,4.79
32,2006,2,3100,4.5,14.24,1.25,2.02,2.69
32,2006,3,1700,4.43,11.03,1.14,3.22,6.45
32,2006,4,7500,7.41,16.64,1.32,2.44,7.21
32,2006,5,9100,7.41,19.84,1.27,2.32,0.33
32,2006,6,7400,5.45,16.8,1.11,4.5,0.02
32,2006,7,6700,4.43,13.43,1.14,21.5,0.03
32,2006,8,9400,3.85,12.83,0.93,20.1,1.52
32,2006,9,10700,3.05,14.84,0.9,1.7,0.1
32,2006,10,3500,3.85,11.5,1.09,12.3,0.04
32,2006,11,8300,4.5,13.4,1.17,2.38,0.03
32,2006,12,7600,3.7,13,0.96,4.2,0.09
32,2006,13,3400,8.1,11.2,1.1,1.3,0
32,2006,14,5500,6.2,12.8,1.1,2.7,11.9
32,2006,15,9800,0,12.2,0.7,1.2,0.1
32,2006,16,3800,2.8,10.8,0.8,1,0
32,2006,17,1400,6.1,12.1,1,3.8,0.9
32,2006,18,9100,3.2,14.5,0.9,3.5,0.6
32,2006,19,11000,1.5,12.3,0.8,1.5,0
32,2006,20,8900,-0.5,12,0.8,1.9,0.8
32,2006,21,9000,4.2,11.7,1,1.9,0.4
32,2006,22,12000,4.4,14.8,0.6,5.6,0
32,2006,23,12000,7.6,19.3,0.7,5.8,0
32,2006,24,12300,1.3,15.1,0.9,1.1,0
32,2006,25,5700,1.4,13.5,1,2.1,0.3
32,2006,26,7400,2.4,13.1,0.9,1.7,0
32,2006,27,9100,6.7,13.7,0.9,2.6,0
32,2006,28,3800,8.1,13.2,1.1,4.9,0.7
32,2006,29,6600,8.2,14.2,1.2,1.9,0
32,2006,30,5400,2.5,14.9,1.1,3.6,0.5
32,2006,31,5500,2.4,11.4,0.9,1.7,0
32,2006,32,1300,9.5,12.4,1.2,4.4,0.8
32,2006,33,6300,9.5,17.4,1.5,2.9,0
32,2006,34,5800,6.9,18.4,1.4,1.8,0
32,2006,35,13400,7.1,16.7,0.9,3.6,0
32,2006,36,13600,3.7,17,0.6,3.5,0
32,2006,37,10700,2.3,16.8,0.8,1.3,0
32,2006,38,13600,0.9,21.8,0.9,1,0
32,2006,39,14000,2.3,21.1,0.9,0.9,0
32,2006,40,14300,1.6,23.2,0.9,1.3,0.1
32,2006,41,11700,2.6,21.7,1,0.9,0
32,2006,42,10200,4.8,22.6,1,0.9,0
32,2006,43,13300,2.8,22.9,0.9,2.2,0
32,2006,44,15500,5.2,22.8,0.8,2,0
32,2006,45,14900,4.9,18.7,0.6,3.3,0
32,2006,46,15500,-0.4,12.3,0.4,2.4,0
32,2006,47,12700,-3.9,11.3,0.5,1.4,0
32,2006,48,10500,-1.9,7.2,0.7,1.4,0
32,2006,49,9600,2.3,11.2,0.7,2,0
32,2006,50,13700,2.1,12.6,0.6,1.8,0
32,2006,51,16900,-2,14.8,0.5,2.1,0
32,2006,52,16300,-3.9,16.8,0.5,1.8,0
32,2006,53,16600,-2.2,20.9,0.7,1.7,0
32,2006,54,17400,-0.8,19.9,0.8,1.1,0
32,2006,55,17000,0,20.3,0.8,1.4,0
32,2006,56,8100,3.7,19.8,0.9,1.1,0
32,2006,57,2900,4,14.9,1.1,2.1,5.3
32,2006,58,2100,9.2,15.7,1.4,5.1,57.1
32,2006,59,13200,8.2,15.4,0.9,4.1,1.4
32,2006,60,11800,4.9,15,0.9,3.6,1.6
32,2006,61,11300,5.5,13,0.9,3.4,0.1
32,2006,62,13500,4.6,12.6,0.8,2.4,4.7
32,2006,63,9500,3.3,12.3,0.8,2.9,0
32,2006,64,3300,8.1,9.6,1,3.4,29.8
32,2006,65,12100,6.2,12.2,1.1,2.8,19
32,2006,66,19200,3.9,15.8,0.9,2.5,0.4
32,2006,67,10600,1.9,13.7,0.8,2.2,0.4
32,2006,68,12400,2.7,14.3,0.7,3.3,0
32,2006,69,11300,0,11,0.7,2.9,0.3
32,2006,70,17300,2.5,10,0.7,1.9,0
32,2006,71,16800,3.2,8.9,0.8,2.2,6.7
32,2006,72,6600,3.7,12.5,0.9,3.1,2.7
32,2006,73,13700,6.5,12.9,0.9,3.2,6.3
32,2006,74,17900,6.3,13.9,0.9,2.6,0
32,2006,75,6200,8.3,15,1,4.1,7.4
32,2006,76,20900,4.1,15.7,1,1.6,0.3
32,2006,77,22000,2.3,15.7,0.7,4.3,0
32,2006,78,22200,2.9,15.3,0.6,3.1,0
32,2006,79,13700,4.6,10,0.9,3.4,8.2
32,2006,80,17600,3.8,13.6,0.9,1.8,0
32,2006,81,14400,1.4,14.9,0.9,1.2,0
32,2006,82,17700,3.7,18,1,1.9,1.2
32,2006,83,8500,9.5,17.3,1.3,3.5,4.5
32,2006,84,15600,7.6,15.7,1.1,4.4,2
32,2006,85,22100,3.8,17.7,0.9,2.2,0
32,2006,86,8000,2.2,16.7,1.1,2.8,5
32,2006,87,13800,8.5,15.8,1,3.7,1.5
32,2006,88,18400,5.3,12.2,1,2.3,5
32,2006,89,8100,5.8,14.4,1.1,1.9,0
32,2006,90,7000,6.5,14.1,1,3.4,5.4
32,2006,91,18500,6.5,14.8,1,3.6,1.9
32,2006,92,5400,8.8,13.5,1.1,1.9,10.5
32,2006,93,15800,8.5,15.1,1.3,2.4,8
32,2006,94,7900,6.8,11.5,1.2,1.8,6.2
32,2006,95,23800,7.5,15.6,1.1,2.7,0.1
32,2006,96,16100,7.7,17.2,1.1,1.9,0
32,2006,97,6500,7.1,17.1,1.2,2.5,1.3
32,2006,98,15800,8.7,16.4,1.1,2.5,0
32,2006,99,17500,9.5,16.5,1.1,1.9,3.8
32,2006,100,17100,8.3,16.5,1.1,2.9,0.6
32,2006,101,9200,10.2,13.5,1.3,3.2,16.8
32,2006,102,3200,9.9,14.7,1.4,1.6,13.5
32,2006,103,21600,7,23.1,1.3,1.3,0.1
32,2006,104,20600,12.3,22.2,1.4,2.6,0.6
32,2006,105,6200,9.5,15.5,1.1,5,0
32,2006,106,16200,6.7,15.3,0.9,3.5,3.4
32,2006,107,25500,1.3,15.4,0.8,1.8,0
32,2006,108,26300,7.7,20.9,0.8,3.1,0
32,2006,109,26400,4.8,23.3,1,1.3,0
32,2006,110,23000,8.7,23.7,1.2,1.9,0
32,2006,111,24200,9,21.6,1.4,1.6,0
32,2006,112,15400,9.8,18.9,1.4,1.6,6.7
32,2006,113,20100,9.8,21.7,1.5,1.9,0.1
32,2006,114,8500,11.5,17.8,1.3,2.5,0
32,2006,115,12400,9.6,22.2,1.3,1.5,0
32,2006,116,28700,10.7,28.3,1.5,2.1,0
32,2006,117,28100,12.7,29.2,1.4,2.9,0
32,2006,118,14900,0,30.9,1.8,2.5,0
32,2006,119,23300,11.8,25.8,1.7,1.8,0
32,2006,120,29400,12.6,29.6,1.3,2.4,0
32,2006,121,30000,8.7,29.7,1.2,1.5,0
32,2006,122,29700,9.9,29,1,2.1,0
32,2006,123,23900,11.3,26.2,1.3,1.7,0
32,2006,124,18400,10.8,25.1,1.4,2.3,0
32,2006,125,19500,11.1,24.9,1.4,2.3,0
32,2006,126,28100,10.5,25.5,1.4,1.8,0
32,2006,127,29300,11,30.7,1.5,1.1,0
32,2006,128,29700,10.9,28.8,1.1,1.6,0
32,2006,129,30600,12.3,29.6,0.8,2.8,0
32,2006,130,27500,13.1,33.5,1,1.6,0
32,2006,131,30000,11.4,31.9,1.2,1.4,0
32,2006,132,27600,11.9,31.4,1.3,1.6,0
32,2006,133,31100,14.2,30.4,1.5,1.5,0
32,2006,134,30600,12.6,35.3,1.3,1.8,0
32,2006,135,28200,15.9,34.2,1.7,1.7,0
32,2006,136,23500,14.2,34.5,1.7,1.5,0
32,2006,137,17500,16.2,35.3,1.8,1.7,0
32,2006,138,15600,16.7,34.4,1.3,2.4,0
32,2006,139,7800,12.6,24.1,1.5,2.7,4.6
32,2006,140,15600,11.7,24,1.6,1.3,0
32,2006,141,17600,14.3,20.8,1.7,2.1,15.1
32,2006,142,22200,13.2,21.5,1.3,2.8,1.1
32,2006,143,13800,14.4,22.7,1.3,2.4,0
32,2006,144,22600,12.4,24.8,1.3,2.1,0
32,2006,145,30000,12.2,26.2,1.3,1.9,0
32,2006,146,26400,9.7,23,1,2.6,0
32,2006,147,32000,6.1,21.2,0.8,1.5,0
32,2006,148,32700,7.5,24.2,0.9,1.6,0
32,2006,149,32700,8.9,27.6,1,1.2,0
32,2006,150,26400,10.6,32.2,1.1,1.3,0
32,2006,151,23500,13.4,31,1.4,1.5,0
32,2006,152,19100,17.1,29.1,1.8,1.9,0
32,2006,153,17500,18,30.5,1.6,2.9,0
32,2006,154,28800,16.3,33.2,1.7,1.5,0
32,2006,155,28000,16.4,32.1,1.5,2,0
32,2006,156,21900,13.8,32.7,1.5,1.7,0
32,2006,157,32000,15.6,33.3,1.6,1.9,0
32,2006,158,29900,14.1,32.8,1.2,2.2,0
32,2006,159,31200,13.4,28.2,1.3,1.7,0
32,2006,160,31800,13.1,30.7,1.4,1.8,0
32,2006,161,21800,12.9,28.3,1.4,2.2,0
32,2006,162,14700,13.9,27.8,1.5,2.3,0
32,2006,163,14200,13.6,25.3,1.4,3.3,0
32,2006,164,16100,13,24.4,1.3,2.6,0
32,2006,165,21600,9.4,23.6,1.3,1.1,0
32,2006,166,32500,12.2,31.3,1.5,1.7,0
32,2006,167,29400,16.5,37.6,1.4,2.2,0
32,2006,168,33300,14.4,36.2,1.3,1.6,0
32,2006,169,32000,15.8,34.7,1.4,1.9,0
32,2006,170,32400,12.4,32.5,1.3,1.4,0
32,2006,171,32700,13.5,36.5,1.4,1.5,0
32,2006,172,33100,17.3,37.6,1,2.9,0
32,2006,173,33000,19.2,39.9,1.1,2.4,0
32,2006,174,32400,16.9,40.8,1.7,1.5,0
32,2006,175,30400,18.1,40.4,1.8,1.4,0
32,2006,176,27300,19.8,37.8,1.9,2,0
32,2006,177,26400,19.5,38.3,2.1,1.9,0
32,2006,178,18200,19.4,34.8,1.9,2.3,0
32,2006,179,14200,18.3,30.1,1.7,1.6,0
32,2006,180,29300,17.6,36.2,1.8,1.7,0
32,2006,181,23300,17.3,33.4,1.5,2.3,0
32,2006,182,32000,13.9,35,1.5,1.9,0
32,2006,183,30400,15.8,33.4,1.6,2.3,0
32,2006,184,29000,14.8,33.6,1.5,2,0
32,2006,185,30700,15.9,32.9,1.5,2.3,0
32,2006,186,29300,15,31.2,1.4,2.6,0
32,2006,187,31100,14.3,31.1,1.6,2,0
32,2006,188,32500,14.5,37.2,1.5,1.5,0
32,2006,189,31100,16.4,37.8,1.7,1.2,0
32,2006,190,30900,17.5,38,1.7,1.9,0
32,2006,191,31300,17.7,33.9,1.6,2.5,0
32,2006,192,28000,15.83,32.2,1.5,3.6,0
32,2006,193,31200,13.7,29.7,1.5,2,0
32,2006,194,31500,15.9,35.2,1.7,1.5,0
32,2006,195,30500,17.1,36,1.5,1.7,0
32,2006,196,31400,14.7,37.2,1.5,1.5,0
32,2006,197,31500,15.4,39.3,1.4,1.5,0
32,2006,198,31300,15.9,42.5,1.6,1.5,0
32,2006,199,31100,17.9,38.9,1.8,1.9,0
32,2006,200,28900,19.4,37.4,1.9,1.4,0
32,2006,201,29700,17.8,40.5,1.8,1.3,0
32,2006,202,17200,18.23,39.9,2.1,1.9,0
32,2006,203,29700,21.8,42.8,2.1,1.2,0
32,2006,204,28500,22.6,43,2.3,1.5,0
32,2006,205,23600,23.5,41.4,2.1,1.4,0
32,2006,206,27200,21.9,40.6,2.1,1.6,0
32,2006,207,29800,19,39.5,1.9,2.1,0
32,2006,208,30300,18.1,37.1,1.8,2.3,0
32,2006,209,29700,17.1,33.3,1.6,2.4,0
32,2006,210,29400,16.3,31.2,1.7,2.8,0
32,2006,211,29400,16.3,32,1.6,2,0
32,2006,212,28500,17.1,31.4,1.2,2.5,0
32,2006,213,29600,11.7,33,1.4,1.4,0
32,2006,214,28400,14.1,33.1,1.5,1.6,0
32,2006,215,25000,13.5,34.5,1.3,1.7,0
32,2006,216,28500,14.3,33,1.5,2.1,0
32,2006,217,26400,17.4,30.5,1.5,2.7,0
32,2006,218,26400,14.4,33.3,1.5,2.1,0
32,2006,219,16400,14.4,28,1.5,3.5,0
32,2006,220,28800,13.7,31.6,1.6,1.5,0
32,2006,221,29300,15.9,37.2,1.5,1.7,0
32,2006,222,29500,17.2,36.5,1.4,2.2,0
32,2006,223,29000,17.8,33.3,1.4,2.3,0
32,2006,224,29200,12.1,34.1,1.3,1.4,0
32,2006,225,28800,12.5,32.9,1.4,2,0
32,2006,226,28100,15,33,1.5,2.4,0
32,2006,227,27400,13.9,31,1.4,2.8,0
32,2006,228,28600,13.5,29.6,1.4,2.3,0
32,2006,229,29200,10.3,34.8,1.2,1.6,0
32,2006,230,29000,13.7,33.3,1.3,1.7,0
32,2006,231,26800,12.9,34,1.3,1.9,0
32,2006,232,23600,12.4,32.8,1.4,1.8,0
32,2006,233,28000,13.8,34.3,1.3,1.7,0
32,2006,234,27900,12.9,34.5,1.3,1.9,0
32,2006,235,27200,12.3,33.6,1.4,1.5,0
32,2006,236,26100,12.8,33.4,1.2,1.9,0
32,2006,237,26700,11,31.2,1.4,1.8,0
32,2006,238,26700,12.1,34.6,1.5,1.7,0
32,2006,239,26600,13.7,34,1.5,1.6,0
32,2006,240,26400,12.3,34.6,1.4,1.8,0
32,2006,241,26400,13.8,31.5,1.4,2.3,0
32,2006,242,26200,12.3,33.7,1.3,1.3,0
32,2006,243,25600,12.8,35.9,1,1.5,0
32,2006,244,26200,12.6,36,1.2,1.3,0
32,2006,245,26000,12.8,33.9,1.3,1.5,0
32,2006,246,24100,10.9,32.4,1.2,1.7,0
32,2006,247,25900,9.1,34.4,1.3,1.1,0
32,2006,248,25700,11.7,36.6,1.3,1.2,0
32,2006,249,23700,13.6,36,1.4,1.1,0
32,2006,250,22500,13.3,36,1.4,1.5,0
32,2006,251,19300,13.5,26.9,1.4,3,0
32,2006,252,23300,11.6,25.1,1.5,1.6,0
32,2006,253,23700,10.8,30.5,1.5,1.4,0
32,2006,254,22400,12.9,34.6,1.5,1.3,0
32,2006,255,19800,14.5,36.5,1.7,1.1,0
32,2006,256,22300,14.7,35.1,1.6,1.8,0
32,2006,257,18800,13.5,24.9,1.3,2.6,0
32,2006,258,16200,8,23.7,1,1.6,0
32,2006,259,22200,6.5,26.7,0.8,2,0
32,2006,260,22500,10.8,29.9,0.8,1.7,0
32,2006,261,17200,9.5,31.3,1.2,1.4,0
32,2006,262,22200,10.7,28.9,1.1,2,0
32,2006,263,19600,14.3,29.4,0.7,3.7,0
32,2006,264,18800,12.1,31.7,0.9,2.1,0
32,2006,265,22000,15.6,28.2,0.5,6.6,0
32,2006,266,21300,12.7,31,0.6,3,0
32,2006,267,21200,7.4,31.2,0.8,1.3,0
32,2006,268,20400,8.2,33.3,0.9,1.2,0
32,2006,269,20700,8.8,35,1,1.2,0
32,2006,270,19800,9.3,31.9,1.2,1.1,0
32,2006,271,19400,9.4,31.3,1.3,1,0
32,2006,272,19400,10.6,30.4,1.3,1.5,0
32,2006,273,15900,11.6,25.3,1.2,2.4,0
32,2006,274,17700,6.2,20.1,1.2,1.7,0
32,2006,275,16700,8.7,21.3,1.2,1.2,0
32,2006,276,9900,7.2,23.2,1.1,1.3,0
32,2006,277,4500,12.6,20.2,1.3,1.9,0.9
32,2006,278,8400,8.2,20.5,1.4,1.4,0.1
32,2006,279,15600,6.3,24.6,1.2,1.7,0
32,2006,280,17900,6.8,26.4,1,1.7,0
32,2006,281,17900,7.8,30.6,0.7,1.9,0
32,2006,282,18800,7.8,30.5,0.7,2.2,0
32,2006,283,18200,8.4,26.6,0.5,3.6,0
32,2006,284,18500,6.3,29.3,0.7,1.2,0
32,2006,285,17000,6.4,30.2,0.8,1.3,0
32,2006,286,17600,7.8,24.4,1.2,2.2,0
32,2006,287,14500,6.3,23.2,1.2,1.8,0
32,2006,288,8300,10.7,20.3,1.3,2.4,0
32,2006,289,10900,10.4,22,1.1,1.6,0.1
32,2006,290,15400,5.8,23.6,0.7,2.9,0
32,2006,291,15100,7.8,24.8,0.6,2.1,0
32,2006,292,14800,5.2,26.6,0.8,1.3,0
32,2006,293,15000,8.2,31.6,0.7,2.8,0
32,2006,294,14200,9.5,28.9,0.5,2.5,0
32,2006,295,14700,6,29.5,0.8,1,0
32,2006,296,13300,5.9,28.8,0.9,1,0
32,2006,297,13100,5.9,26.6,0.9,1.3,0
32,2006,298,13400,11.2,22.4,0.3,4.8,0
32,2006,299,14300,6.4,26.8,0.3,2.4,0
32,2006,300,14100,2.9,27.1,0.6,1.1,0
32,2006,301,14000,2,25.7,0.7,0.9,0
32,2006,302,13000,3.2,23.1,0.8,1.3,0
32,2006,303,12700,2.5,18.3,1,1.1,0
32,2006,304,11400,2.7,19.1,0.9,0.9,0
32,2006,305,5500,8.8,18,1.1,1.2,0.8
32,2006,306,4100,10.9,15.8,1.6,1.4,8.7
32,2006,307,3200,12.7,17,1.6,1,0
32,2006,308,6800,9.6,19.2,1.5,1.3,0.1
32,2006,309,5400,8.8,21.4,1.5,1,0.1
32,2006,310,9000,9.6,24.6,1.5,1,0
32,2006,311,7700,9.6,24.5,1.6,1.3,0
32,2006,312,12000,6.1,22.7,1.3,2.4,0
32,2006,313,11900,3.1,18.6,0.7,1.5,0
32,2006,314,7100,0.2,17,0.7,1.5,0
32,2006,315,10300,8.3,14.2,1.1,3,14.4
32,2006,316,4400,5.4,12.7,0.8,2.7,3
32,2006,317,2000,8.6,14,1.2,3.7,1.1
32,2006,318,11700,5.7,18,1.2,2.1,0
32,2006,319,8600,3.6,18.6,1.1,2,0
32,2006,320,4500,10,17.4,1.4,2.2,1.2
32,2006,321,7700,9.2,17.5,1.6,0.9,0.1
32,2006,322,9400,7,22.1,1.4,0.8,0.2
32,2006,323,6700,7.8,13.8,1.5,0.9,0.2
32,2006,324,4000,11.2,13,1.5,1.4,0.2
32,2006,325,4500,11.8,18.4,1.4,2.8,0
32,2006,326,4900,9.3,16.4,1.2,2.9,0.3
32,2006,327,10700,2.1,15.3,0.7,2.3,0
32,2006,328,10200,-0.4,14.4,0.7,1.2,0
32,2006,329,5500,-1.5,14.9,0.8,0.9,0.1
32,2006,330,2400,1.8,9.1,1,3.4,11.3
32,2006,331,6600,1.5,14.3,0.8,3.1,0
32,2006,332,6300,-0.9,12.5,0.6,1.5,0
32,2006,333,9700,0.2,11.8,0.4,4.1,0
32,2006,334,10700,-2.5,12.3,0.6,1,0
32,2006,335,9000,-1.8,17.8,0.6,2.4,0
32,2006,336,9600,2.2,18.4,0.4,3.4,0
32,2006,337,10300,-1.8,17.5,0.5,1.3,0
32,2006,338,9400,-1.8,18.6,0.6,1.1,0
32,2006,339,10200,-1.8,18.7,0.7,0.8,0
32,2006,340,9900,-1.4,18.5,0.7,1,0.1
32,2006,341,7800,-1.2,16.9,0.8,0.9,0.1
32,2006,342,5500,0.2,15.1,0.9,1.7,5.6
32,2006,343,3400,10.5,15.7,1.4,4.6,4.9
32,2006,344,4800,8.7,11.1,1.1,3.5,3.2
32,2006,345,2400,6.8,10.6,1.1,3.3,7.5
32,2006,346,2700,9.2,11.1,1.3,4.3,1
32,2006,347,2000,10.7,15.5,1.5,4.3,1.2
32,2006,348,2400,13,19.2,1.5,3.7,0
32,2006,349,7700,4.9,15,0.8,3.2,0
32,2006,350,4700,-0.4,8.3,0.6,1.9,0
32,2006,351,9500,-2.9,9.9,0.6,1.1,0
32,2006,352,10400,-2.3,13,0.4,3.1,0
32,2006,353,9700,-3.4,10.3,0.6,1.6,0
32,2006,354,4300,-3.5,9,0.7,1,0
32,2006,355,2400,5.2,7.1,0.9,1.3,14.5
32,2006,356,7600,0.3,12.9,0.8,2,0
32,2006,357,3200,1.8,9.1,0.9,1.6,0
32,2006,358,2900,0.7,9.7,0.9,1.2,0
32,2006,359,3700,4.2,8.6,1,1.2,0
32,2006,360,1200,5.7,12.7,1.1,3.3,9.8
32,2006,361,8000,5.3,14.2,0.8,4.6,0.1
32,2006,362,9900,5.1,12.3,0.4,5.6,0
32,2006,363,8200,-1.7,10.3,0.5,1.3,0
32,2006,364,7300,-2.7,11.7,0.7,0.9,0
32,2006,365,8200,-1.1,12.7,0.8,0.9,0
