*---------------------------------------------------------*
* Weather file for rice yield gap assessment using Oryza(v3)
*      Project: Global Yield Gap Atlas (www.yieldgap.org)
*      Country: USA
*  Station_num: 12
* Station_name: Durham
*         Year: 2001
*       Source: http://www.cimis.water.ca.gov
*       Author: M. Espe
*         Date: 11-16-2015
*    Longitude: -121.82
*     Latitude: 39.61
*    Elevation: 130
*
*  Columns:
*  1. station number
*  2. year
*  3. day
*  4. average insolation incident on a horizontal surface (kJ m-2 d-1)
*  5. minimum temperature (degrees Celsius)
*  6. maximum temperature (degrees Celsius)
*  7. vapour pressure (kPa)
*  8. mean wind speed (m s-1)
*  9. precipitation (mm d-1)
*---------------------------------------------------------*
-121.82,39.61,130,0,0
12,2001,1,10200,-2.3,15,0.7,1,0
12,2001,2,10000,-1.9,16,0.7,1.2,0.1
12,2001,3,8800,-0.1,18.5,0.7,1.4,0.1
12,2001,4,9300,-0.8,17.7,0.7,1.2,0
12,2001,5,10400,-2.1,16.8,0.6,1.3,0
12,2001,6,9700,-0.9,17.2,0.7,1,0
12,2001,7,4100,-1.1,12.5,0.7,1.1,0
12,2001,8,3100,5,9.7,1,1.9,37.6
12,2001,9,1800,1.4,8.9,0.9,3.4,2.3
12,2001,10,1900,7.4,10.6,1,4.6,20
12,2001,11,2000,6.1,10.7,0.9,3.5,18.2
12,2001,12,10000,3.2,14.8,0.8,1.9,0.2
12,2001,13,6600,4.1,11.8,0.9,2.1,0
12,2001,14,10000,0.7,12.7,0.7,2.5,0.1
12,2001,15,10300,2,13.8,0.5,3.2,0
12,2001,16,10700,-0.3,12.9,0.4,2.7,0
12,2001,17,11300,-3.2,15.1,0.4,1.7,0
12,2001,18,7000,-2.2,10.7,0.6,1.3,0
12,2001,19,11900,0.7,16.9,0.7,1.2,0
12,2001,20,5000,0.3,12.5,0.7,1.4,0
12,2001,21,6500,0.3,14.4,0.7,1.4,0
12,2001,22,12100,3.5,20.5,0.8,1.4,0
12,2001,23,2400,6.1,13,0.9,3.3,15.9
12,2001,24,8600,6.3,12.5,0.9,3.2,2.9
12,2001,25,1400,4.6,8,0.8,4.9,19.9
12,2001,26,4800,4.7,11.6,0.8,2.6,3.8
12,2001,27,11000,2.1,15.4,0.6,3.1,0
12,2001,28,11000,-1.4,12.1,0.7,2.2,0
12,2001,29,11400,3.3,13.7,0.8,2.2,4.7
12,2001,30,10300,0.7,12.1,0.5,3,0
12,2001,31,13100,-1.2,17.5,0.5,2.2,0
12,2001,32,9100,-1.7,12.5,0.7,1.3,0
12,2001,33,6900,3.6,15,0.8,1.1,0
12,2001,34,11600,2.6,21.5,0.9,1.6,0
12,2001,35,13800,5.4,21.5,1,1.2,0
12,2001,36,13900,1.5,20.5,0.9,1.3,0
12,2001,37,9300,6.6,13.5,0.7,3.4,0
12,2001,38,14700,2.4,13.5,0.3,4.4,0
12,2001,39,12100,-0.7,16.9,0.4,2.8,1
12,2001,40,4200,4.7,7.7,0.8,5.3,15.9
12,2001,41,8100,5.3,8.5,0.8,4.4,6.8
12,2001,42,9800,5,9.8,0.8,5,8.7
12,2001,43,7800,2,11.6,0.7,2.3,7.2
12,2001,44,14400,2.5,17.2,0.5,3.2,0
12,2001,45,14900,-0.4,14.6,0.6,1.4,0
12,2001,46,11100,-1.3,13.9,0.7,1.8,0
12,2001,47,9300,7,15.9,0.9,2.3,0
12,2001,48,4700,4.3,12.3,0.9,1.7,9.8
12,2001,49,5700,8,11.7,1.1,1.9,4.1
12,2001,50,7500,8,12.9,1,4.3,10.3
12,2001,51,6100,8.5,12.3,1.1,4.6,7.4
12,2001,52,11000,9,14.9,1.1,4.9,12.4
12,2001,53,10100,6.5,12.8,0.9,4.3,6.2
12,2001,54,15500,1.4,14.4,0.8,1.6,0.9
12,2001,55,4500,5.9,8.8,0.9,4.5,20
12,2001,56,10100,7.8,17,1,3.1,4.3
12,2001,57,15100,5.5,20.7,0.7,2.9,0
12,2001,58,17800,3.7,21.2,0.6,2.7,0
12,2001,59,17500,2.3,18.1,0.5,2.2,0
12,2001,60,8200,1.6,14,0.8,1.6,1.1
12,2001,61,8500,2.5,12.2,0.9,2,17
12,2001,62,7200,0.9,11.6,0.9,1.1,2.4
12,2001,63,2400,8.5,13.7,1.1,6.6,21.5
12,2001,64,6400,9.7,17.6,1.2,2.5,3.7
12,2001,65,15700,7.4,23.9,1.2,2.9,0
12,2001,66,18400,4.7,19.6,1.2,1.8,0
12,2001,67,12200,10.7,16.2,1.3,2,12.6
12,2001,68,17300,6,17.3,0.8,3.4,1.3
12,2001,69,19200,5.8,20.1,0.7,3.1,0
12,2001,70,19000,3.3,21.7,0.7,1.9,0
12,2001,71,20600,6.2,24.1,0.8,2.3,0
12,2001,72,20700,2.2,22,1,1.2,0
12,2001,73,19100,2.1,22.8,0.8,1.3,0
12,2001,74,9000,3.1,17.8,0.9,1.1,0
12,2001,75,19500,1.8,19.8,0.7,1.7,0
12,2001,76,13400,3.1,22.3,1,1.2,0
12,2001,77,20800,5.3,26.6,1.3,1.2,0
12,2001,78,18300,7.5,25.8,1.4,1.1,0
12,2001,79,14200,14.8,30.6,1.6,1.2,0.1
12,2001,80,18800,12.3,27.4,1.6,1.4,0
12,2001,81,20000,12,23.1,1.5,2.1,0
12,2001,82,20200,8.1,23.1,1.3,1.5,0
12,2001,83,9400,11.1,21.5,1.4,3.7,2.3
12,2001,84,18700,6.3,20.9,1.1,2.3,0
12,2001,85,20800,5.5,22.9,0.8,2.3,0
12,2001,86,18900,8.3,25.3,0.9,2.1,0
12,2001,87,20800,9.9,27.1,1.3,1.6,0
12,2001,88,24600,8.4,25.9,0.9,3,0
12,2001,89,24600,13.9,27.4,0.8,3.3,0
12,2001,90,24900,11.8,30.3,1.1,1.8,0
12,2001,91,22900,9.6,24,1.1,2.5,0
12,2001,92,18000,2.5,17.3,0.5,2.6,0
12,2001,93,20200,-1.2,16.1,0.6,1.5,0
12,2001,94,23100,2.6,19.8,0.6,1.9,0
12,2001,95,24700,11.4,22.1,0.7,2.7,0
12,2001,96,7600,7.8,11.5,1,4.9,7.3
12,2001,97,14400,0.2,15.2,0.7,2.2,1.3
12,2001,98,16900,-0.2,14.7,0.7,2.2,0
12,2001,99,24500,1.2,18.8,0.6,2.2,0
12,2001,100,21600,1.6,21.3,0.7,2.1,0
12,2001,101,19000,3.4,17.8,1,3.4,0.1
12,2001,102,22700,-0.7,20.6,0.7,1.6,0.1
12,2001,103,18400,5.4,18.4,0.8,2.7,0
12,2001,104,22500,1.4,20.9,0.8,1.5,0
12,2001,105,23300,3.8,22,0.8,1.9,0
12,2001,106,21700,6,23.2,0.9,2.9,0
12,2001,107,24500,11.8,23,1.1,2.3,0
12,2001,108,12700,8.4,22.4,1.1,2.6,3.2
12,2001,109,13400,7.4,16.9,1.1,2.7,9.1
12,2001,110,7100,6.7,10.7,1,3.4,15.4
12,2001,111,25500,4.7,22.5,1,1.3,0
12,2001,112,25700,5.8,22.7,1.2,1.8,0
12,2001,113,26100,8.4,25.9,1.3,1.3,0
12,2001,114,27800,8.9,28.8,1.5,1.2,0
12,2001,115,27100,11.7,30.9,1.6,1.3,0
12,2001,116,29000,11.3,31.5,1.4,1.5,0
12,2001,117,27000,8.8,26.3,1.2,3.2,0
12,2001,118,23300,9.1,21.6,1.1,2.5,0
12,2001,119,28100,6.4,25.9,1,1.3,0
12,2001,120,28300,7.9,29.9,1.3,1.6,0
12,2001,121,28200,14.6,25.4,0.6,4.8,0
12,2001,122,31100,11.4,25.9,0.5,4.3,0
12,2001,123,29600,9.9,26.8,0.6,3,0
12,2001,124,28800,7.8,30.9,0.8,2,0
12,2001,125,29700,7.4,31.4,0.9,1.6,0
12,2001,126,29600,7.5,32.5,1.1,1.1,0
12,2001,127,30500,17.9,36.3,1.5,1.5,0
12,2001,128,30500,14.1,35.9,1.4,1.5,0
12,2001,129,28700,14.7,35.2,1.5,1.4,0
12,2001,130,30300,15.5,35.3,1.3,2.2,0
12,2001,131,30000,13.5,35.3,1.4,2,0
12,2001,132,26100,14.8,30.1,1.2,4,0
12,2001,133,29400,11.7,25.9,1.2,3.2,0
12,2001,134,16300,12,23.8,1.3,1.9,0
12,2001,135,11800,16.9,25.8,1.5,3.4,0
12,2001,136,29200,12.7,28.9,1.2,1.9,0
12,2001,137,30300,8.9,30.8,1.3,1.4,0
12,2001,138,31500,15.8,32.7,1.2,2.8,0
12,2001,139,31300,17.1,35.4,1.1,3,0
12,2001,140,31800,20.6,36.6,1.2,2.7,0
12,2001,141,32000,19.1,37.1,1.3,2.2,0
12,2001,142,31900,15.5,35.5,1.7,1.6,0
12,2001,143,31900,21.8,35.2,1.7,1.7,0
12,2001,144,29800,15.8,35.3,1.6,1.5,0
12,2001,145,20300,16.2,32.7,1.7,1.4,0
12,2001,146,32300,13.3,31.5,1.3,2.5,0
12,2001,147,27800,12.4,28.9,1.3,3.2,0
12,2001,148,30500,11.3,27.3,1.3,1.6,0
12,2001,149,32200,11.1,34.2,1.1,2.1,0
12,2001,150,32500,21.7,38,1.2,3,0
12,2001,151,32300,20.2,38,1.5,2.3,0
12,2001,152,21000,19.4,32.8,1.4,3.9,0
12,2001,153,32700,14.3,27.4,1.1,2.3,0
12,2001,154,32900,13,26.7,0.6,3.9,0
12,2001,155,31100,13.5,29.6,0.8,2.7,0
12,2001,156,24800,15.2,26.8,1,2.1,0
12,2001,157,32300,11.4,32.5,1.3,1.1,0
12,2001,158,32700,13.9,35.1,1.4,1.4,0
12,2001,159,32300,15.2,34.6,1.3,2.5,0
12,2001,160,32500,13.3,31.1,1.3,2.3,0
12,2001,161,30000,11.4,30.1,1.3,1.9,0
12,2001,162,22000,14.3,28.6,1.5,1.5,0
12,2001,163,32400,19,29.7,0.8,2.5,0
12,2001,164,33000,15.1,30.4,0.9,2.6,0
12,2001,165,32900,12.8,33.2,1.3,1.8,0
12,2001,166,32500,14.6,34.6,1.4,1.6,0
12,2001,167,32300,14.9,35.2,1.5,1.4,0
12,2001,168,31000,16.4,35.2,1.6,1.5,0
12,2001,169,32700,18.9,36.5,1.4,1.8,0
12,2001,170,32500,16.5,36.6,1.4,1.4,0
12,2001,171,32500,16.9,38.6,1.7,1.7,0
12,2001,172,31600,17.2,37.4,1.9,1.3,0
12,2001,173,31700,19.1,36.5,1.8,2.3,0
12,2001,174,30200,14.7,31.6,1.4,3.3,0
12,2001,175,22600,12.7,26.7,1.2,2.6,0
12,2001,176,13300,13.6,22.6,1.4,1.9,0
12,2001,177,9800,13.9,24.6,1.5,2.6,0
12,2001,178,10200,14.8,20.9,1.6,2.6,0
12,2001,179,28200,11.8,28.5,1.7,1.2,0
12,2001,180,32700,13.9,33.8,1.7,1.1,0
12,2001,181,32100,14.6,35.8,1.7,1.6,0
12,2001,182,33000,16.7,35.8,1.9,1.1,0
12,2001,183,32000,21.9,40.3,2.2,1.1,0
12,2001,184,24300,18.6,40.2,2.1,1.1,0
12,2001,185,18700,21,33.9,2.2,1.5,0
12,2001,186,32100,20.1,38,1.5,2.3,0
12,2001,187,32300,15.4,34,1.6,2.7,0
12,2001,188,22700,15.4,33,1.5,1.8,0
12,2001,189,31900,16.1,35,1.7,1.5,0
12,2001,190,28700,17.5,34.3,1.8,2.2,0
12,2001,191,29000,16.8,31.6,1.6,2.6,0
12,2001,192,28200,15.6,29.6,1.5,3,0
12,2001,193,30000,12,31,1.6,1.6,0
12,2001,194,32500,14,33.8,1.6,1.6,0
12,2001,195,28000,15.3,32.2,1.6,2.2,0
12,2001,196,30900,13.2,30.6,1.5,2.9,0
12,2001,197,30100,13.9,26.5,1.4,3,0
12,2001,198,30200,10.6,29.3,1.4,1.6,0
12,2001,199,29200,13.7,31.9,1.5,1.7,0
12,2001,200,29100,14.8,30,1.5,2.8,0
12,2001,201,30200,12.6,28.2,1.5,2.7,0
12,2001,202,27800,10.7,28.6,1.5,1.8,0
12,2001,203,30500,12.9,32.7,1.5,1.2,0
12,2001,204,30500,15.5,35.2,1.8,1.7,0
12,2001,205,31100,19.8,33.4,2.1,2.1,0
12,2001,206,30600,15.4,34.3,1.9,1.7,0
12,2001,207,31100,15.7,34,1.8,1.4,0
12,2001,208,31400,14.2,34.5,1.6,1.4,0
12,2001,209,31200,13.6,34.3,1.7,1.4,0
12,2001,210,29400,15.3,32,1.6,2.5,0
12,2001,211,27500,15.9,28.5,1.6,2.4,0
12,2001,212,30200,14,31.5,1.7,1.4,0
12,2001,213,31300,16.3,33.8,1.6,1.7,0
12,2001,214,30700,13.7,34.3,1.6,1.9,0
12,2001,215,29300,13.7,32.7,1.6,2.9,0
12,2001,216,29100,15.8,31.2,1.6,2.8,0
12,2001,217,29400,14.7,32.6,1.6,1.5,0
12,2001,218,30300,15,35.2,1.7,1.3,0
12,2001,219,29400,15.6,37.9,1.8,1.3,0
12,2001,220,28800,19.1,39.5,1.9,1.6,0
12,2001,221,26500,19.8,35.3,1.7,2.3,0
12,2001,222,28400,14.4,32.7,1.6,2.1,0
12,2001,223,28200,13.3,33.7,1.6,1.4,0
12,2001,224,27900,13.9,32.7,1.5,2,0
12,2001,225,28000,11.5,32,1.5,1.4,0
12,2001,226,28400,12,32.9,1.6,1.1,0
12,2001,227,28500,12.6,34.2,1.5,1.2,0
12,2001,228,26900,12.8,35.6,1.4,1.2,0
12,2001,229,24200,20.9,36.8,1.3,1.7,0
12,2001,230,26900,14.7,34.6,1.6,1.3,0
12,2001,231,26100,14.3,34.9,1.5,1.6,0
12,2001,232,25900,12.9,28.3,1.4,2.7,0
12,2001,233,25600,11.4,28.5,1.4,1.7,0
12,2001,234,24200,13.5,29.5,1.6,3,0
12,2001,235,19600,13.7,28.4,1.6,1.5,0
12,2001,236,26700,15.3,32.9,1.6,1.1,0
12,2001,237,25800,13.6,34.5,1.6,1.2,0
12,2001,238,25600,14.8,35.7,1.7,1.1,0
12,2001,239,25800,15.6,41.8,1.8,1.1,0
12,2001,240,25500,15.1,37.8,1.7,1.1,0
12,2001,241,24800,16.4,34,1.8,1.7,0
12,2001,242,23700,13.5,28.9,1.7,2,0
12,2001,243,22600,13,31.2,1.7,1.5,0
12,2001,244,25700,15.8,32.7,1.7,1.3,0
12,2001,245,25500,15.7,35,1.5,1.6,0
12,2001,246,25200,14.9,35.7,1.4,1.4,0
12,2001,247,25200,18.8,34.5,1.3,2.6,0
12,2001,248,25100,14.2,29.7,1.6,1.9,0
12,2001,249,25000,13.8,32.7,0.8,2.2,0
12,2001,250,24900,10.5,30.7,1.2,1.3,0
12,2001,251,24500,11.7,36.7,1.3,1.8,0
12,2001,252,21700,11.5,27.8,1.5,1.9,0
12,2001,253,22000,12.2,27.7,1.5,1.4,0
12,2001,254,7600,13.6,22.8,1.5,1.5,0
12,2001,255,20100,13.4,28.4,1.6,1.6,0
12,2001,256,21000,12.5,30.3,1.6,1.3,0
12,2001,257,20900,14.3,33,1.7,1.3,0
12,2001,258,21600,16.1,31.6,1.5,1.6,0
12,2001,259,21600,15.3,29.9,1.6,1.8,0
12,2001,260,20600,13,29.8,1.7,1.5,0
12,2001,261,20500,14.68,31.6,1.38,1.78,0.86
12,2001,262,21300,13.07,31.79,1.27,1.29,0.86
12,2001,263,21300,11.95,30.36,1.18,1.29,0.86
12,2001,264,21300,17.7,33.4,1.6,1.4,0
12,2001,265,19200,12.9,32.9,1.4,1.4,0
12,2001,266,17700,12.1,31.7,1.2,1.6,0
12,2001,267,13400,10.8,27.9,1.5,1.6,8
12,2001,268,16800,13.2,25.3,1.4,1.7,0
12,2001,269,18000,10.8,28.7,1.5,1.1,0
12,2001,270,16800,13.6,27.5,1.5,2.3,0
12,2001,271,18500,11,28.3,1.2,1.2,0
12,2001,272,19500,12.6,33.9,1.1,2.5,0
12,2001,273,18400,11.9,37.2,1.4,1.1,0
12,2001,274,19400,13.6,39.4,1.4,1.4,0
12,2001,275,19600,14.5,40.9,1.4,1.2,0
12,2001,276,19800,13.2,35.2,1.5,1.4,0
12,2001,277,19600,13.9,29.4,1.4,2.2,0
12,2001,278,16500,11.3,24.3,1.3,2.1,0
12,2001,279,17500,8.2,24.5,1.3,1.3,0
12,2001,280,16500,8.8,26.1,1.4,1.2,0
12,2001,281,17200,12.9,27.7,1.4,1.3,0
12,2001,282,17300,11.9,27,0.7,2.8,0
12,2001,283,16700,8.5,27.9,0.7,1.8,0
12,2001,284,13900,14.2,28.1,0.9,2,0
12,2001,285,17400,16,31.1,0.7,3.6,0
12,2001,286,17900,14.3,32.7,0.9,3,0
12,2001,287,14900,11.5,28.8,1,1.5,0
12,2001,288,13900,9.1,30.8,1.2,0.9,0
12,2001,289,13600,10.7,28.6,1.1,1.6,0
12,2001,290,13400,10.6,25.9,1.2,1.2,0
12,2001,291,16500,7.4,30.5,1.1,1,0
12,2001,292,13100,6.6,27.1,1.1,1.1,0
12,2001,293,11900,7.8,27.1,1.1,1.1,0
12,2001,294,15200,7.5,24.2,1.1,1.3,0
12,2001,295,15000,7.2,25.6,1.1,1,0
12,2001,296,15500,14.9,23.7,0.6,4.4,0
12,2001,297,14900,8.6,27.1,0.5,2.9,0
12,2001,298,15000,5.7,27,0.7,1.3,0
12,2001,299,14900,6.3,27.1,0.9,1.1,0
12,2001,300,9100,10.5,21.2,1.1,2.7,0
12,2001,301,6800,12.1,18.6,1.3,1.6,0
12,2001,302,6100,11.9,20.1,1.3,1.6,2.8
12,2001,303,7100,13.9,15.7,1.5,3.4,28
12,2001,304,10800,9.4,20.4,1.3,2.1,0
12,2001,305,13800,6.6,21.6,1.1,1,0.1
12,2001,306,12000,6.5,22.1,1.1,1,0.1
12,2001,307,14000,6.9,24.5,1.2,1,0.1
12,2001,308,13800,7.6,25.9,1.2,1.1,0
12,2001,309,13100,6.7,24.8,1.2,1,0.1
12,2001,310,9900,7.5,18.8,1.2,1,0
12,2001,311,13600,5.9,22.3,0.8,2.3,0
12,2001,312,13300,4,24.3,0.9,1.2,0
12,2001,313,10800,5.3,23.3,1,0.9,0
12,2001,314,8600,7.6,23.2,1.1,1.1,0.8
12,2001,315,3500,12.5,18.4,1.6,3,25.2
12,2001,316,2000,11.3,17,1.4,3.5,39.6
12,2001,317,3900,11.5,14.7,1.3,3.5,0.8
12,2001,318,7000,10.3,19.4,1.3,1.2,0
12,2001,319,7800,12.2,19.4,1.4,1.1,0
12,2001,320,2600,11,16.2,1.4,1.6,2.2
12,2001,321,11700,10,18,1.4,1.2,0.1
12,2001,322,6500,6.9,16.3,1.1,1.1,0
12,2001,323,3600,8.6,16.7,1.3,2.5,0.1
12,2001,324,4400,14.4,17,1.4,2.9,0
12,2001,325,1900,12.5,15.7,1.4,5,18.6
12,2001,326,7200,6.4,18.9,1.1,2.3,0
12,2001,327,4500,5,11.8,0.9,1.5,0.3
12,2001,328,5700,5.8,12.5,1,2.6,52
12,2001,329,8300,5.5,12.4,0.9,2.7,0
12,2001,330,9800,0.5,13.7,0.7,1.9,0
12,2001,331,10700,1.2,13.3,0.6,2.2,0
12,2001,332,2400,5.2,10.6,0.8,4.5,14.1
12,2001,333,5600,4.1,10,0.9,3,4.8
12,2001,334,5500,4.4,11,0.9,2.1,2.2
12,2001,335,2300,8.5,10.4,1,7.1,20.2
12,2001,336,4600,8.4,14.3,1,7,14.5
12,2001,337,8000,4.3,12.4,0.9,3,0.6
12,2001,338,8900,0,10.9,0.7,2.2,0
12,2001,339,3200,7.6,10.3,1,7.4,0.1
12,2001,340,6200,8.9,13.2,1.2,2.6,0.7
12,2001,341,8900,5.6,17.6,0.9,3.2,0
12,2001,342,6700,2.9,12.7,1,1.5,0.1
12,2001,343,8800,4.7,15,0.8,3.7,3.4
12,2001,344,9300,0,15.4,0.6,3.4,0
12,2001,345,8400,2.8,14.4,0.6,1.8,0
12,2001,346,7200,-0.3,13.2,0.7,1.3,0
12,2001,347,4000,0,10.1,0.8,3.5,17.4
12,2001,348,9300,3.7,11.7,0.7,4.1,10.9
12,2001,349,6900,0,13.2,0.6,1.3,0
12,2001,350,3600,4.4,9.7,0.8,2.2,3.6
12,2001,351,5700,7.4,8.4,1,2.8,2.4
12,2001,352,4200,7.3,11,1,2.3,6.2
12,2001,353,2800,7.6,11.4,1,2.8,10.2
12,2001,354,2400,7,9.9,0.9,3.6,9.7
12,2001,355,5300,5.2,11.6,0.9,1.1,2.3
12,2001,356,4800,8.1,10.9,1,4.3,9.1
12,2001,357,6800,4.5,13.7,0.9,2.4,0
12,2001,358,6500,0.3,10.5,0.8,1.5,0
12,2001,359,3900,3.9,11,0.9,1.1,0.1
12,2001,360,3900,7.7,13.4,1.1,1.7,0.6
12,2001,361,2600,5.9,12.1,1.1,1.8,1.1
12,2001,362,1800,7.5,11.1,1.1,1.7,28.1
12,2001,363,4700,9.7,12.9,1.2,1.6,6.7
12,2001,364,2000,10.4,13,1.3,2.1,19.3
12,2001,365,4700,10.3,15.4,1.3,1.9,0
