*---------------------------------------------------------*
* Weather file for rice yield gap assessment using Oryza(v3)
*      Project: Global Yield Gap Atlas (www.yieldgap.org)
*      Country: USA
*  Station_num: 235
* Station_name: Verona
*         Year: 2014
*       Source: http://www.cimis.water.ca.gov
*       Author: M. Espe
*         Date: 11-16-2015
*    Longitude: -121.61
*     Latitude: 38.8
*    Elevation: 24
*
*  Columns:
*  1. station number
*  2. year
*  3. day
*  4. average insolation incident on a horizontal surface (kJ m-2 d-1)
*  5. minimum temperature (degrees Celsius)
*  6. maximum temperature (degrees Celsius)
*  7. vapour pressure (kPa)
*  8. mean wind speed (m s-1)
*  9. precipitation (mm d-1)
*---------------------------------------------------------*
-121.61,38.8,24,0,0
235,2014,1,9700,-3.4,16.9,0.6,1,0
235,2014,2,9000,-0.8,20.2,0.7,1.2,0
235,2014,3,9700,-2.6,20.1,0.7,1,0
235,2014,4,10200,-2.6,21.1,0.6,2,0
235,2014,5,10200,-3.4,19,0.5,1.2,0
235,2014,6,5700,-2.1,17.9,0.6,1.1,0
235,2014,7,9300,-1.2,17.9,0.5,1.2,0
235,2014,8,6300,-0.7,14.5,0.8,1.4,0
235,2014,9,9300,2.6,18.2,0.9,1.5,0
235,2014,10,9700,-1.7,17.9,0.8,1.2,0
235,2014,11,2600,2.7,15.2,0.9,3,0.1
235,2014,12,10400,-0.5,16.7,0.7,3.9,0.1
235,2014,13,10900,-1.9,19.1,0.7,1.3,0
235,2014,14,11000,-0.4,18.8,0.7,1,0
235,2014,15,11000,-3.5,21.4,0.7,0.9,0
235,2014,16,11400,-5.8,23.1,0.6,0.9,0
235,2014,17,11400,-1.4,22.2,0.7,1.4,0
235,2014,18,11500,-3.5,22.8,0.6,1.1,0
235,2014,19,11700,-2,21.6,0.6,1.3,0
235,2014,20,11400,-2.9,22.8,0.6,1.1,0
235,2014,21,11300,-1.7,21.5,0.6,1.7,0
235,2014,22,11700,-4.4,21.1,0.5,1,0
235,2014,23,11800,-2.9,24.7,0.6,1.3,0
235,2014,24,11600,3.5,26.1,0.6,1.4,0
235,2014,25,11900,0.2,25.1,0.6,1.5,0
235,2014,26,9700,0,21.2,0.6,1.3,0
235,2014,27,8000,-0.6,17.7,0.7,1.1,0
235,2014,28,10100,5.3,21.3,0.9,0.8,0
235,2014,29,2500,7,16.6,1.4,2.8,1.5
235,2014,30,11300,8.3,19.1,1.1,1.4,10.8
235,2014,31,13000,0.9,17.3,0.7,2.3,0
235,2014,32,13400,-1.2,16.6,0.6,1.8,0
235,2014,33,3100,2.9,9.5,0.7,2,0
235,2014,34,13000,-0.3,15.3,0.7,1.4,0
235,2014,35,11800,-2.3,15.3,0.6,1.3,0
235,2014,36,11100,-4,12.5,0.7,1.5,2.8
235,2014,37,5500,5.5,9.3,1,1.5,9.7
235,2014,38,3100,7.9,10.7,1.1,4.7,6.7
235,2014,39,3000,10.2,13.2,1.3,5.7,29.8
235,2014,40,2100,12.8,14.7,1.5,4.5,15.6
235,2014,41,9500,8.2,19,1.3,1,0
235,2014,42,12300,6,18.3,1.2,1.1,0.1
235,2014,43,9900,7.9,18.4,1.2,2.9,0
235,2014,44,11700,10.2,22.1,1.4,1.9,0
235,2014,45,10400,10.5,19.3,1.4,2.8,0
235,2014,46,4200,10.7,16.6,1.3,3.9,0
235,2014,47,15800,4.2,19.1,0.9,2,0
235,2014,48,14700,0.9,17.5,0.8,1.2,0
235,2014,49,14000,2.9,17.6,0.9,1.6,0
235,2014,50,15300,6,18.9,0.9,3.3,0
235,2014,51,15400,3.5,20.4,0.8,2.5,0
235,2014,52,16300,2.2,22.4,0.9,1.3,0
235,2014,53,16500,1.3,22.8,0.9,1.4,0
235,2014,54,16900,2.4,23.6,1,1.1,0
235,2014,55,17100,2.8,25.6,0.9,1.2,0
235,2014,56,17000,3.5,24.1,1,1.6,0
235,2014,57,6500,9.1,16.7,1.2,3.5,8
235,2014,58,12200,8,19.4,1.2,3.5,0
235,2014,59,3300,9.7,16.1,1.2,3.1,19
235,2014,60,14600,9.2,19.6,1.1,2.3,0.2
235,2014,61,5800,7.3,16.2,1.2,2.6,0.1
235,2014,62,6000,9.9,14.5,1.3,2.3,5
235,2014,63,11100,10.4,17.5,1.3,2,2
235,2014,64,10000,10.8,19.4,1.5,2.3,8.6
235,2014,65,17600,7.2,20.5,1.2,2.4,0
235,2014,66,18800,6.3,22.4,1,3.1,0
235,2014,67,17500,2.1,21.5,1.1,1.3,0
235,2014,68,7600,11.4,19.9,1.5,1.3,0
235,2014,69,19400,9.6,20.5,1.1,3.1,3.1
235,2014,70,20400,6.6,21.5,0.7,6.5,0
235,2014,71,20600,4.4,24.1,0.8,3.3,0
235,2014,72,20700,2.6,25.9,0.8,1.7,0
235,2014,73,20200,4.4,24.6,1,1.5,0
235,2014,74,20800,6.2,27.3,1,1.4,0
235,2014,75,20700,5.2,25.7,1.1,1.9,0
235,2014,76,21100,6.3,21.1,0.8,3.9,0
235,2014,77,21800,7.7,23.3,0.7,3,0
235,2014,78,21600,1,25.3,0.8,1.2,0
235,2014,79,21600,4.7,26.5,1,1.4,0
235,2014,80,21400,2.6,25.7,0.9,1.5,0
235,2014,81,22200,3,25.4,0.9,1.5,0
235,2014,82,22500,1.4,26.9,0.9,1.6,0
235,2014,83,22700,1.5,28,0.9,1.3,0
235,2014,84,11600,6.1,18.7,1,2.8,0.7
235,2014,85,10700,8.5,15.7,1.1,3,4.4
235,2014,86,12900,9.4,18.3,1.1,2.9,0
235,2014,87,17100,10.8,20.5,1.2,3,0
235,2014,88,3500,7.4,14.2,1.3,3,12.2
235,2014,89,19900,4.4,18.3,0.9,2.2,0
235,2014,90,4100,5.2,14.4,0.9,2.8,4.4
235,2014,91,9400,6.5,13.2,1,2.8,14.2
235,2014,92,20300,5.1,18.6,1,1.5,0.3
235,2014,93,21700,4.9,19.1,1,2.4,0
235,2014,94,14600,4.5,16.9,1,1.6,1.3
235,2014,95,24500,3.1,23.7,1,1.7,0
235,2014,96,24300,3.8,27.2,1.1,2.4,0
235,2014,97,24900,6,29.7,1.3,1,0
235,2014,98,24200,8.4,30.5,1.4,1.2,0
235,2014,99,25100,10.4,29.3,1.4,1.4,0
235,2014,100,25700,4.1,30.4,1.2,1.3,0
235,2014,101,21900,7.9,28.3,1.3,1.7,0
235,2014,102,25700,8.4,23.9,1.3,3.1,0
235,2014,103,26000,6,27.7,1,2.6,0
235,2014,104,26200,4.8,27.6,1.2,1.8,0
235,2014,105,25600,6.2,30.2,1.3,1.4,0
235,2014,106,23800,5.9,29,1.2,1.9,0
235,2014,107,25900,6.6,29.4,1.2,2.4,0
235,2014,108,25600,10,30,1.1,3.2,0
235,2014,109,26500,9.5,27.5,1.1,4.2,0
235,2014,110,26700,5.5,31.5,1,2.4,0
235,2014,111,11500,11.5,24.3,0.9,3.2,0
235,2014,112,24800,7.9,21.9,0.8,2.7,0
235,2014,113,27000,1.6,24.3,0.8,1.9,0
235,2014,114,21200,9.9,24.4,1.2,3.2,0
235,2014,115,6200,7.3,14.8,1.2,2.5,11.7
235,2014,116,22400,3.4,18.7,1,2.1,0
235,2014,117,20100,8.6,19.9,1.1,2.5,0
235,2014,118,27700,9,25.2,0.9,2.6,0
235,2014,119,28000,7.6,32.9,1.1,2.4,0
235,2014,120,28000,7.4,33.8,1.1,1.3,0
235,2014,121,27200,9.6,33.7,1.2,1.4,0
235,2014,122,26100,9.1,31,1.2,2.4,0
235,2014,123,28000,12,25.3,1.3,3.9,0
235,2014,124,25700,10.1,23.7,1.2,2.5,0
235,2014,125,24400,8.5,23.1,1.1,2.4,6.6
235,2014,126,28000,9.6,24.7,1.1,2.2,0
235,2014,127,28300,6,25.4,1.2,2.1,0
235,2014,128,16400,11.5,21.9,1.3,3.8,0.1
235,2014,129,27100,11,24.1,1.3,2.3,0
235,2014,130,28000,5.1,23.5,0.9,3.1,0
235,2014,131,29800,8.1,27.2,0.8,3.6,0
235,2014,132,29300,7.5,30.9,1.1,1.6,0
235,2014,133,29800,8.5,32.8,1.3,1.1,0
235,2014,134,29300,9.8,35.1,1.4,1.4,0
235,2014,135,27200,13,34,1.3,1.7,0
235,2014,136,29800,13.9,31.7,1.2,2.7,0
235,2014,137,27000,13.6,27,1.4,3.1,0
235,2014,138,29300,12.8,26.7,1.2,2.5,0
235,2014,139,28300,12.1,24.4,1.2,2.5,0
235,2014,140,19500,10.1,23,1.3,2.2,0
235,2014,141,29200,15.2,30.7,1.3,2.3,0
235,2014,142,29100,11.4,32.1,1.4,2,0
235,2014,143,29400,11.3,34.1,1.5,1.8,0
235,2014,144,29400,12.8,34.1,1.6,1.5,0
235,2014,145,29700,11.8,35.8,1.5,1.5,0
235,2014,146,30600,10.7,34.1,1.3,2.2,0
235,2014,147,30700,14.3,33.1,1.1,2.7,0
235,2014,148,31900,9.2,28.5,0.7,3.4,0
235,2014,149,31400,15.1,32.1,0.8,3.1,0
235,2014,150,30200,12.3,29.7,1,3.5,0
235,2014,151,31400,9.2,30,1.1,1.8,0
235,2014,152,31600,9.8,32.8,1.1,1.9,0
235,2014,153,31400,12.2,30.2,1.2,3.7,0
235,2014,154,31600,10.5,30.2,1.3,2.3,0
235,2014,155,31600,9.3,35.4,1.4,1.7,0
235,2014,156,31000,14.1,34.6,1.4,2.5,0
235,2014,157,31100,13.3,33.4,1.5,2.3,0
235,2014,158,31700,13.8,36.1,1.7,1.8,0
235,2014,159,31800,14.3,37.4,1.7,2.3,0
235,2014,160,31500,14.2,40,1.9,1.3,0
235,2014,161,31300,13.9,37.2,1.7,2.8,0
235,2014,162,31800,13.2,27.9,1.6,3.6,0
235,2014,163,31500,11.2,27.7,1.4,3.9,0
235,2014,164,32000,8.9,29.5,1.2,2,0
235,2014,165,22200,11,29.4,1.3,2.4,0
235,2014,166,30300,13.3,27.4,1.4,2.9,0
235,2014,167,31100,12.5,24.5,1.2,3.9,0
235,2014,168,31700,8.2,27.7,1.1,2.5,0
235,2014,169,32100,9,32.7,1.2,2.2,0
235,2014,170,31500,12.6,32.1,1.3,1.9,0
235,2014,171,31000,10.6,32.1,1.4,1.8,0
235,2014,172,30800,14.6,30.8,1.4,2.4,0
235,2014,173,31300,9,30.8,1.5,1.8,0
235,2014,174,30900,19.5,32.2,1.7,2.3,0
235,2014,175,30800,11.4,33.5,1.5,1.9,0
235,2014,176,23400,15.4,29.5,1.6,3.6,0
235,2014,177,30100,15.7,28.7,1.5,3.6,0
235,2014,178,30200,15.1,32.5,1.6,3.4,0
235,2014,179,31400,15.1,32.6,1.5,2.3,0
235,2014,180,31000,13.2,37.2,1.6,1.8,0
235,2014,181,31000,15.1,39.7,1.7,1.8,0
235,2014,182,30900,17.3,34.6,1.5,3.6,0
235,2014,183,31000,13.4,33.6,1.6,3.2,0
235,2014,184,31500,14.8,33.1,1.7,2.7,0
235,2014,185,31700,14.9,33.5,1.5,2.9,0
235,2014,186,32200,13.6,34.3,1.5,2.2,0
235,2014,187,30700,10.7,36.1,1.4,1.7,0
235,2014,188,17900,14.1,31.8,1.6,2.1,0
235,2014,189,26100,18,34.3,1.7,2.2,0
235,2014,190,30500,15.4,31.9,1.7,3,0
235,2014,191,29800,15.3,29.8,1.7,3.3,0
235,2014,192,29900,15.2,29.7,1.6,2.7,0
235,2014,193,30100,14.1,31.7,1.7,2.3,0
235,2014,194,29800,14.2,35.3,2,1.6,0
235,2014,195,29400,16.1,36.2,2,2.1,0
235,2014,196,26600,18.2,33.8,1.9,2.4,0
235,2014,197,26800,17.9,30.6,1.9,3,0
235,2014,198,28900,15.9,28.5,1.8,3.6,0
235,2014,199,29400,14.6,29.6,1.8,2.7,0
235,2014,200,28700,14.3,32.1,1.8,2.4,0
235,2014,201,15600,16.5,27.4,1.7,2.8,0
235,2014,202,28400,17.4,29.8,1.8,2.9,0
235,2014,203,26800,15.5,30.1,1.8,2.2,0
235,2014,204,29300,14.1,29,1.7,1.7,0
235,2014,205,30100,12.5,33.9,1.6,1.9,0
235,2014,206,30400,11.3,38.7,1.5,1.3,0
235,2014,207,29700,13.3,38.4,1.6,1.5,0
235,2014,208,24500,17.2,35.7,1.8,1.6,0
235,2014,209,25900,14.4,35.4,1.5,3.1,0
235,2014,210,28000,15.6,37.9,1.5,2.4,0
235,2014,211,28300,15.5,37.9,1.7,2.1,0
235,2014,212,28500,15.4,38.9,1.7,2.2,0
235,2014,213,28900,14.2,40.9,1.5,2,0
235,2014,214,28000,17.3,36.4,1.6,3.6,0
235,2014,215,22800,13.8,29.9,1.6,3.2,0
235,2014,216,13000,15.2,25.7,1.7,1.9,0
235,2014,217,8700,19.4,24.3,2.1,2.1,0.5
235,2014,218,26500,19.1,34.8,2.1,1.5,1.3
235,2014,219,27700,16.8,33.2,1.8,2.5,0
235,2014,220,27800,15.6,33.4,1.8,2.4,0
235,2014,221,28000,14.4,31.5,1.6,3.2,0
235,2014,222,27900,12.4,30.8,1.6,2.3,0
235,2014,223,26800,11.5,36.2,1.6,1.7,0
235,2014,224,26400,15.4,29.2,1.5,3.7,0
235,2014,225,26100,13.7,30.7,1.6,3.5,0
235,2014,226,27300,13.2,31.7,1.6,2,0
235,2014,227,27300,13,34.1,1.6,1.8,0
235,2014,228,27800,11.6,34.4,1.6,1.7,0
235,2014,229,27700,9.3,34.1,1.6,1.8,0
235,2014,230,27400,13.9,31,1.7,2.6,0
235,2014,231,26700,13.7,29.4,1.7,2.8,0
235,2014,232,25800,14.2,25.6,1.7,3,0
235,2014,233,25800,11.6,30.3,1.7,1.7,0
235,2014,234,26300,14.9,29.4,1.7,3.4,0
235,2014,235,26400,9.5,33,1.6,1.6,0
235,2014,236,26100,13.5,31.2,1.6,2.6,0
235,2014,237,25100,14.2,30.3,1.6,2.6,0
235,2014,238,25700,13.3,32,1.7,2,0
235,2014,239,25600,15.4,33.3,1.8,1.9,0
235,2014,240,25300,13,35.2,1.8,1.5,0
235,2014,241,14900,14.8,28.6,1.8,2,0
235,2014,242,24800,12.6,32.3,1.7,1.9,0
235,2014,243,24900,12.6,34.6,1.7,1.3,0
235,2014,244,25100,12.6,36.2,1.8,1.2,0
235,2014,245,25000,14.7,30.8,1.7,2.6,0
235,2014,246,25200,9.8,33.8,1.8,1.5,0
235,2014,247,24700,11.1,35.9,1.6,1.4,0
235,2014,248,24400,12.8,33.2,1.6,2.1,0
235,2014,249,24300,13.3,32.9,1.5,2.1,0
235,2014,250,24400,12,32.5,1.4,2.2,0
235,2014,251,24100,11.6,30,1.3,3.4,0
235,2014,252,23900,7,31,1.3,1.4,0
235,2014,253,23900,10,36,1.4,1.2,0
235,2014,254,23800,18,37.4,1.5,1.3,0
235,2014,255,23200,12,37.3,1.4,1.2,0
235,2014,256,22200,13.7,40.9,1.6,1.4,0
235,2014,257,22700,15.1,35.8,1.6,2,0
235,2014,258,22000,16.2,34.6,1.4,3,0
235,2014,259,22300,13.9,31.8,1.4,2.1,0
235,2014,260,21600,15,30.7,1.4,3,0
235,2014,261,17800,14.1,28.5,1.8,2.1,0
235,2014,262,20000,12.1,29.1,1.7,1.7,0
235,2014,263,20500,12.7,29.6,1.8,2,0
235,2014,264,15400,15.5,25.7,1.7,2.6,0
235,2014,265,20700,11.5,30.5,1.7,1.6,0
235,2014,266,20500,14,30.1,1.6,2.8,0
235,2014,267,20300,15.6,29.7,1.8,2.7,0
235,2014,268,16200,12.2,22.1,1.7,2.6,8
235,2014,269,18700,9.7,26.9,1.4,1.3,0
235,2014,270,19600,11.7,26,1.5,1.4,0
235,2014,271,6800,11.3,23.2,1.5,1.5,0
235,2014,272,19300,9.2,27.4,1.6,1.4,0
235,2014,273,19500,11.5,28.1,1.5,2.2,0
235,2014,274,20300,9.2,28.6,1,4.1,0
235,2014,275,19800,5.5,32,1.2,1.1,0
235,2014,276,19600,8,34.6,1.3,0.9,0
235,2014,277,19400,9,35.5,1.4,0.9,0
235,2014,278,19200,8.8,34.5,1.4,0.8,0
235,2014,279,18800,13,35.1,1.5,1,0
235,2014,280,18500,9.1,34.4,1.5,1,0
235,2014,281,18600,8.4,34.5,1.4,1.1,0
235,2014,282,18000,7.1,32.1,1.3,1.4,0
235,2014,283,17700,7.5,32.1,1.4,1,0
235,2014,284,17500,7.9,32.6,1.4,0.9,0
235,2014,285,18100,11.9,30.6,0.8,4.2,0
235,2014,286,17600,6.1,30.5,1,1.7,0
235,2014,287,12000,11.7,23.2,1.4,2.8,0
235,2014,288,11300,12,21.6,1.5,1.8,0.5
235,2014,289,14500,8,23.8,1.3,1.1,0.1
235,2014,290,13600,8.9,23.1,1.2,1.7,0
235,2014,291,16200,7.5,28.4,1.3,1.4,0
235,2014,292,16000,9.2,26.7,1.5,1.8,0
235,2014,293,10200,9.9,22,1.3,2.4,0
235,2014,294,15500,2.9,22.6,1,1.7,0
235,2014,295,14000,4.6,25.3,1.1,1.2,0
235,2014,296,11000,10.5,24.2,1.4,1.6,0
235,2014,297,15300,5.9,24.6,1.3,1.6,0
235,2014,298,12600,12.1,22.3,1.5,3.4,0.2
235,2014,299,14900,4.8,22.5,1,2.8,0.1
235,2014,300,14300,3.6,23.2,0.9,1.3,0
235,2014,301,14600,3.8,25.5,1,0.9,0
235,2014,302,13800,5.5,28.4,1.1,1,0
235,2014,303,12700,7.9,25.9,1.2,1.7,0
235,2014,304,3100,12.1,16.8,1.5,2.2,0
235,2014,305,12100,6.1,19,1.2,2.1,0
235,2014,306,14000,4.7,20.9,0.9,2.4,0.1
235,2014,307,13700,3.6,21.3,0.9,0.9,0
235,2014,308,12700,3.1,22.4,1,1.3,0
235,2014,309,13200,3.8,23,1.1,0.9,0
235,2014,310,13000,5.7,25.1,1.2,0.8,0
235,2014,311,13100,6.1,25.5,1.2,1.3,0
235,2014,312,12700,5.4,25.1,1.2,1.3,0
235,2014,313,12800,4.9,26.6,1.2,0.9,0
235,2014,314,12700,5,25.7,1.2,1.1,0
235,2014,315,7300,3.4,19.6,1.1,1.5,0.1
235,2014,316,9500,8.8,19.1,1.1,1.5,0.4
235,2014,317,5200,10.7,16.9,1.5,1.8,6
235,2014,318,10400,6.1,16.6,1.3,1,0
235,2014,319,11200,4.7,20.7,1.1,0.9,0.1
235,2014,320,10600,3.1,17.3,0.7,2.3,0
235,2014,321,11900,0.8,19.5,0.7,1.7,0
235,2014,322,7800,-0.6,16.9,0.8,1.3,0
235,2014,323,4500,5.8,11.2,1.1,1.7,3.5
235,2014,324,2300,9.7,13.2,1.2,1.3,2.1
235,2014,325,6700,8.9,14.2,1.2,2,0
235,2014,326,5800,6.1,16.6,1.3,3.5,1.3
235,2014,327,7600,2,14.8,1,2.4,0.1
235,2014,328,10700,0.9,19,0.8,1.1,0.1
235,2014,329,10700,1.5,19.6,0.9,1.1,0
235,2014,330,10700,0.4,20.2,0.9,0.7,0.1
235,2014,331,10300,1.2,23,1,0.8,0
235,2014,332,8400,-0.6,18.6,1,1.6,2.7
235,2014,333,4600,10.8,14,1.3,2.1,3
235,2014,334,2500,10,13,1.3,1.5,9.2
235,2014,335,8700,9.8,18.4,1.3,2,0.1
235,2014,336,2400,9.2,13.4,1.3,1.3,14.5
235,2014,337,4400,11.6,17.2,1.6,3.3,51.1
235,2014,338,7100,9.4,20.1,1.5,1.3,10.8
235,2014,339,4800,9.9,18.5,1.5,2.3,7.3
235,2014,340,8000,10.1,20.3,1.5,1.9,3.5
235,2014,341,6300,8.4,15.4,1.3,1,0.2
235,2014,342,4600,8.5,17.2,1.3,1.1,0.1
235,2014,343,3200,8.2,15.3,1.3,1,0
235,2014,344,3000,10.5,13.7,1.3,2.8,0.1
235,2014,345,3600,9.3,15.4,1.3,3.9,57
235,2014,346,4200,7.4,12,1.1,1.7,10.8
235,2014,347,5000,4.9,13.7,1.1,1.2,0
235,2014,348,3600,5,11,1,1.1,0
235,2014,349,1500,7.8,11.2,1.1,2.2,20.7
235,2014,350,8900,9,16.4,1.1,3,9.1
235,2014,351,5700,8.7,13.4,1.2,2.9,4.4
235,2014,352,6400,8,15.4,1.2,1.4,0
235,2014,353,1600,10.2,12.1,1.2,3,11
235,2014,354,3200,10.8,13.7,1.3,2.7,0.2
235,2014,355,6000,11.4,17.7,1.5,2.1,0
235,2014,356,7100,7.5,17.4,1.3,1.9,0
235,2014,357,8500,6,17.3,1.2,1.1,0.2
235,2014,358,3400,5.9,15.4,1,3.1,0.2
235,2014,359,9800,2.5,14.1,0.7,3.5,0
235,2014,360,9900,0.5,13.8,0.7,3.5,0
235,2014,361,9600,-1.7,13.7,0.7,1.1,0
235,2014,362,9600,0.1,15,0.7,1,0
235,2014,363,4700,-1,8.2,0.7,1,0
235,2014,364,10100,0.1,12.1,0.5,5.6,0
235,2014,365,10000,0.2,12.7,0.4,4.5,0
