*---------------------------------------------------------*
* Weather file for rice yield gap assessment using Oryza(v3)
*      Project: Global Yield Gap Atlas (www.yieldgap.org)
*      Country: USA
*  Station_num: 32
* Station_name: Colusa
*         Year: 2013
*       Source: http://www.cimis.water.ca.gov
*       Author: M. Espe
*         Date: 11-16-2015
*    Longitude: -122.02
*     Latitude: 39.23
*    Elevation: 55
*
*  Columns:
*  1. station number
*  2. year
*  3. day
*  4. average insolation incident on a horizontal surface (kJ m-2 d-1)
*  5. minimum temperature (degrees Celsius)
*  6. maximum temperature (degrees Celsius)
*  7. vapour pressure (kPa)
*  8. mean wind speed (m s-1)
*  9. precipitation (mm d-1)
*---------------------------------------------------------*
-122.02,39.23,55,0,0
32,2013,1,9800,-0.9,12.7,0.6,2.4,0
32,2013,2,9900,-2.8,13.3,0.6,1,0
32,2013,3,8300,-3.1,10.8,0.6,1,0.1
32,2013,4,9200,-2.2,13.6,0.7,0.8,0.1
32,2013,5,2100,-0.9,8.4,0.8,1.4,9.9
32,2013,6,8500,2.1,12.6,0.9,1.4,2.3
32,2013,7,8000,2,12.3,0.9,1.2,0.1
32,2013,8,9100,2.3,7.3,0.9,1,0.2
32,2013,9,1900,0.3,9,0.9,1.5,0.5
32,2013,10,9700,-2.4,9.8,0.6,1,0.1
32,2013,11,9500,-3.7,10.5,0.6,1.3,0.1
32,2013,12,10300,-2.4,8.2,0.5,1.9,0
32,2013,13,10400,-4,8.1,0.4,2.8,0
32,2013,14,10400,-0.6,10.3,0.4,3.5,0
32,2013,15,10400,-2.8,10.3,0.6,1.1,0
32,2013,16,10900,-3.3,13,0.7,0.9,0.1
32,2013,17,11200,-4.1,15.7,0.7,0.9,0.1
32,2013,18,11300,-2.7,17.9,0.7,1,0.2
32,2013,19,11200,-2.6,17,0.7,1,0.1
32,2013,20,11500,-2.6,17.8,0.7,1.2,0.1
32,2013,21,11500,-1.7,16.6,0.7,1,0.1
32,2013,22,9000,-1.8,15.4,0.7,0.9,0.1
32,2013,23,2100,4.7,11.1,1,1.4,11.2
32,2013,24,5700,8,15.4,1.3,2,1.2
32,2013,25,5600,9.2,16.9,1.4,1.1,0
32,2013,26,9800,5.2,15,1.2,1.3,0.3
32,2013,27,12100,0.4,13.5,0.7,1.5,0
32,2013,28,10500,0.4,14.5,0.8,1.2,0
32,2013,29,10400,1,15.8,0.8,1.2,0
32,2013,30,12500,3.9,18.1,0.9,2.1,0
32,2013,31,12700,0.6,16.7,0.9,0.9,0.1
32,2013,32,12900,0.7,18.9,0.9,1.1,0.1
32,2013,33,10900,3.2,18.4,0.9,1,0
32,2013,34,12900,0.8,18.3,0.9,1.1,0.2
32,2013,35,12100,2.1,17.1,1,1,0
32,2013,36,10500,2.9,13.9,1,1.1,0.1
32,2013,37,13400,0.5,15.9,0.8,1.8,0.2
32,2013,38,10000,5.1,14.9,0.9,3.2,0.4
32,2013,39,13900,3.8,13.8,0.7,4.6,0
32,2013,40,14100,2,15,0.6,3.4,0
32,2013,41,14200,-1.6,17.1,0.6,2.2,0
32,2013,42,14500,-0.3,17.8,0.6,2.1,0
32,2013,43,14300,-1.2,16.6,0.8,1,0
32,2013,44,14600,-0.7,19,0.8,1.2,0
32,2013,45,15000,3.4,21.5,0.9,4.2,0
32,2013,46,15400,2.1,22.1,0.8,1.2,0
32,2013,47,13100,1.8,20.1,0.9,1.2,0
32,2013,48,15900,1.9,18.6,0.7,2,0
32,2013,49,12600,-1.1,15.4,0.8,2.2,0
32,2013,50,11400,0.1,12.2,0.7,3.1,0.7
32,2013,51,15800,-2,15.3,0.6,3.1,0
32,2013,52,16100,-1.9,16.2,0.6,1.9,0
32,2013,53,15500,0.4,17.2,0.7,2.1,0
32,2013,54,16300,3.4,14.7,0.6,4.3,0
32,2013,55,16800,1.9,17.3,0.6,4,0
32,2013,56,17200,1.9,18,0.7,1.9,0
32,2013,57,17400,0.8,18.6,0.6,3.3,0
32,2013,58,16800,-1.3,19.9,0.7,1,0
32,2013,59,15900,0,22,1,1.2,0
32,2013,60,17400,2.8,23.8,1,1.3,0
32,2013,61,10500,6,20.5,1.2,1,0
32,2013,62,13000,8.1,19.5,1.3,1.4,3.4
32,2013,63,16100,4.5,19.3,1.1,1.9,0.1
32,2013,64,13600,6.8,17.1,0.9,4.3,1.3
32,2013,65,13800,2.4,14.5,0.9,4,2.9
32,2013,66,16200,0.5,15,0.8,1.4,0
32,2013,67,18900,1.7,19.4,0.7,2.3,0
32,2013,68,19500,0.3,20.5,0.7,2.6,0
32,2013,69,19400,0.8,21.5,0.7,1.7,0
32,2013,70,19200,2.2,24.7,0.9,1.2,0
32,2013,71,19500,4.2,25.5,1.1,0.9,0
32,2013,72,19400,5.8,26.6,1.2,1.1,0
32,2013,73,15100,7.4,25.2,1.3,1,0
32,2013,74,18700,8.2,25,1.2,1.2,0
32,2013,75,19400,6.8,24.9,1,1.3,0
32,2013,76,21000,4.6,21,0.8,1.7,0
32,2013,77,15100,2.5,21.9,0.9,1.4,0
32,2013,78,4800,7.5,18.1,1.2,2.1,5.9
32,2013,79,13300,7.8,18.4,1.3,4.1,2.6
32,2013,80,22000,5.9,18.1,0.7,3.9,0
32,2013,81,22800,5.1,17.4,0.5,4.3,0
32,2013,82,22000,5.2,22,0.5,3,0
32,2013,83,22100,2.4,22.1,0.8,1.2,0
32,2013,84,16800,4.4,21,1,2.1,0
32,2013,85,20200,7.8,20.5,1.1,1.6,0
32,2013,86,17700,8.7,22,1.2,2.7,0
32,2013,87,12600,6.8,19.1,1.2,2.1,0.4
32,2013,88,22500,4.8,26,1.2,1.3,0.1
32,2013,89,18300,7.4,25.1,1.2,1.5,0.3
32,2013,90,12800,9.5,19.7,1.4,2.4,11.1
32,2013,91,16200,9.2,20.3,1.4,1.3,0.1
32,2013,92,22600,6.9,23.6,1.3,1.3,0
32,2013,93,21100,8.6,24,1.4,1.2,0
32,2013,94,12000,11.7,19,1.5,3.4,14.1
32,2013,95,17100,10.7,20.7,1.3,2.3,0
32,2013,96,20100,11,21,1.3,3,0.1
32,2013,97,17200,10.8,21.2,1.1,4.1,0
32,2013,98,25400,8.6,19.6,0.7,6,0
32,2013,99,25100,9.2,23.2,0.7,4.7,0
32,2013,100,24200,7.5,29.9,1.2,1.7,0
32,2013,101,24500,9,24.4,0.8,3.9,0
32,2013,102,25500,5.7,27.9,1,1.5,0
32,2013,103,25300,7.4,25.2,1.1,1.7,0
32,2013,104,22600,5.9,24.4,0.8,2,0
32,2013,105,22100,3,17.6,0.8,2.4,0.2
32,2013,106,25700,7.2,19.2,0.5,4.8,0
32,2013,107,26900,6.2,20.8,0.6,3.7,0
32,2013,108,26400,5.6,26,0.8,2.4,0
32,2013,109,26200,13.1,24.8,1.1,1.6,0
32,2013,110,27100,11,25.9,1,0.8,0
32,2013,111,27100,14.8,28.5,1.3,0.9,0
32,2013,112,27700,18.9,20.8,0.6,5.6,0
32,2013,113,28300,9.7,12.6,1,0.6,0
32,2013,114,28200,11.7,26.9,0.9,1.7,0
32,2013,115,27900,0,25.8,1.3,2.6,0
32,2013,116,27900,8.1,27.8,1.4,1.7,0
32,2013,117,27900,9.7,30.2,1.5,1.4,0
32,2013,118,27100,11.7,32.2,1.4,1.5,0
32,2013,119,27700,12.2,30.8,1.2,2.9,0
32,2013,120,28400,16.8,26.5,0.6,7.6,0
32,2013,121,29000,14.6,29.1,0.6,6.1,0
32,2013,122,29200,12.7,31.6,1,1.3,0
32,2013,123,29000,9.6,34.3,1.1,2,0
32,2013,124,28500,13.5,30.1,0.9,4.1,0
32,2013,125,17600,11.4,22.4,1.2,1.9,0
32,2013,126,7600,12.6,18.9,1.5,1.6,5.2
32,2013,127,9900,11.6,21.8,1.6,1.1,0
32,2013,128,16700,14.9,24.2,1.6,1.5,0.1
32,2013,129,27200,12.1,28,1.6,1.9,0
32,2013,130,28300,11.9,30.3,1.8,1.8,0
32,2013,131,26100,14.3,31.6,1.9,1.7,0
32,2013,132,28500,16.2,32.4,1.6,2.1,0
32,2013,133,29000,15.6,31.6,1.5,1.8,0
32,2013,134,29100,14.3,34.2,1.5,2.2,0
32,2013,135,27300,13.6,26.5,1.4,2.4,0
32,2013,136,20400,14.1,24.1,1.4,2.5,0
32,2013,137,29700,11.1,24.1,1.2,2.1,0
32,2013,138,28600,10.7,27.2,1.2,1.5,0
32,2013,139,30600,12.9,29,0.9,3.8,0
32,2013,140,30500,14.2,30.8,1.1,2.7,0
32,2013,141,30500,12.4,27.5,1,3.1,0
32,2013,142,30600,8.3,22.2,0.6,3.3,0
32,2013,143,29700,6.6,23.1,1,1.4,0
32,2013,144,30700,8.2,25.3,1.1,1.8,0
32,2013,145,29700,10.4,25.1,1.2,2.1,0
32,2013,146,29700,11.7,25.2,1.3,2.2,0
32,2013,147,15800,12.7,20.6,1.4,3,0.5
32,2013,148,27300,13.9,25.6,1.6,1.9,0
32,2013,149,30200,15,27,1.3,1.8,0
32,2013,150,31400,12,28.3,1.1,1.7,0
32,2013,151,31200,11.3,33.3,1.1,2.9,0
32,2013,152,30100,13,35.7,1.4,1.9,0
32,2013,153,30900,14.1,34.9,1.6,1.6,0
32,2013,154,31500,15.5,37.1,1.6,2.2,0
32,2013,155,30700,14.7,30.5,1.7,2.5,0
32,2013,156,31200,13.4,30.6,1.7,2.1,0
32,2013,157,31000,14.5,33.2,1.9,1.8,0
32,2013,158,31400,16.1,40.4,2.2,1.2,0
32,2013,159,31000,19.7,41.8,2.1,2.5,0
32,2013,160,29800,16.7,29.8,1.8,3.3,0
32,2013,161,11400,14.4,21.9,1.6,2.1,1
32,2013,162,31000,12.1,27.9,1.7,1.4,0
32,2013,163,31800,13.4,30.1,1.4,1.8,0
32,2013,164,32100,11.6,29,1.1,2.1,0
32,2013,165,31800,15,31.2,1,3.4,0
32,2013,166,31600,12,31.1,1.4,2,0
32,2013,167,31600,12.4,32.1,1.4,1.8,0
32,2013,168,31200,15,30.9,1.4,2.7,0
32,2013,169,31200,13.7,26.4,1.3,2.3,0
32,2013,170,30700,9,26,1.1,1.4,0
32,2013,171,31500,10.9,29.1,1.2,1.5,0
32,2013,172,32200,11.6,31.5,1.2,2,0
32,2013,173,31100,13.3,33.3,1.3,1.9,0
32,2013,174,17200,16.6,27.2,1.7,3.2,0
32,2013,175,12200,16.2,19.8,1.7,3,0.7
32,2013,176,14600,16.3,26.2,2,3.9,1.7
32,2013,177,26600,17.7,30.9,2,2.6,0
32,2013,178,31100,20.4,34.3,2.2,1.2,0
32,2013,179,31100,18.2,39,2.3,1.7,0
32,2013,180,31400,20,40.1,2.2,1.4,0
32,2013,181,31600,19.1,39.3,2.2,1.5,0
32,2013,182,30500,19.9,39.9,2.3,1.4,0
32,2013,183,29300,23.5,37.4,2.5,1.9,0
32,2013,184,29200,20.9,39.9,2.4,1.5,0
32,2013,185,30600,22.6,41.6,1.9,2.8,0
32,2013,186,31300,18.9,30.4,1.7,2.5,0
32,2013,187,31300,14.9,31.3,1.8,2,0
32,2013,188,31800,13.7,33.2,1.6,1.7,0
32,2013,189,31900,12.8,33.3,1.5,1.6,0
32,2013,190,31700,13.2,35.1,1.7,1.2,0
32,2013,191,31400,16,34.9,1.7,1.9,0
32,2013,192,31400,13.1,31.3,1.5,2.7,0
32,2013,193,31200,11.6,30.4,1.7,2.1,0
32,2013,194,31200,12.9,32.8,1.6,1.8,0
32,2013,195,31300,13.3,34.5,1.6,1.6,0
32,2013,196,30500,14,30.7,1.6,2.6,0
32,2013,197,31200,12.6,27.1,1.5,3,0
32,2013,198,31100,10.1,32.9,1.5,1.5,0
32,2013,199,31300,13.6,34.4,1.7,1.5,0
32,2013,200,30800,14.7,35.2,1.9,1.4,0
32,2013,201,30600,16.5,36.3,2,1.9,0
32,2013,202,30300,16.4,33.9,1.9,2.4,0
32,2013,203,29600,17,32.9,1.7,2,0
32,2013,204,27300,18.5,32.6,1.6,2.1,0
32,2013,205,28400,17.7,35.4,1.9,1.3,0
32,2013,206,29100,19.5,35.8,2,2.3,0
32,2013,207,29200,16.8,33.9,1.9,2.5,0
32,2013,208,29300,15.8,32.7,1.9,2.9,0
32,2013,209,29900,14.8,31.8,1.9,2.4,0
32,2013,210,28900,12.9,27.3,1.6,2.5,0
32,2013,211,28500,12.8,31.1,1.7,1.6,0
32,2013,212,29200,14.6,30.8,1.7,2.7,0
32,2013,213,29600,14.5,29.8,1.5,2.2,0
32,2013,214,29200,12.6,33.1,1.4,1.7,0
32,2013,215,25300,13.1,32.3,1.5,1.8,0
32,2013,216,28900,13.3,31.5,1.6,1.9,0
32,2013,217,29300,12.1,31.4,1.5,2,0
32,2013,218,21700,11.5,29.7,1.5,2.4,0
32,2013,219,28100,13.4,26.8,1.6,2.8,0
32,2013,220,26100,13.2,28.4,1.6,2,0
32,2013,221,22800,13.5,28.4,1.5,2.2,0
32,2013,222,27100,13.7,29.7,1.7,2.1,0
32,2013,223,27400,13.7,31.2,1.7,2,0
32,2013,224,27400,14.1,31.7,1.6,1.8,0
32,2013,225,28100,13.4,34.5,1.5,1.5,0
32,2013,226,27800,14.2,34.4,1.5,2,0
32,2013,227,27300,15.3,34.1,1.9,2.2,0
32,2013,228,26600,23.4,34.7,1.9,2.4,0
32,2013,229,25300,16.5,36.1,1.8,1.7,0
32,2013,230,26200,17.6,36.8,2,1.4,0
32,2013,231,12400,20.4,33.6,2.4,1.2,0
32,2013,232,24400,20.5,34.6,2.1,1.8,0
32,2013,233,25700,17.5,31.2,1.7,2.3,0
32,2013,234,25400,15.6,31.3,1.6,2.6,0
32,2013,235,25900,12.9,31.1,1.6,2.2,0
32,2013,236,24700,15.7,30.1,1.6,2.5,0
32,2013,237,24000,17.2,30.7,1.7,3,0
32,2013,238,25700,15.2,31.1,1.6,1.8,0
32,2013,239,25600,12,32.5,1.5,1.7,0
32,2013,240,25100,16.1,32.3,1.6,2.5,0
32,2013,241,24800,17.2,32.2,1.8,2.7,0
32,2013,242,25000,15.4,34.8,1.8,1.4,0
32,2013,243,25000,16.2,34.2,1.6,2.3,0
32,2013,244,20300,17.2,29.2,1.6,2.7,0
32,2013,245,24100,17.8,27.8,1.8,2.8,0
32,2013,246,24500,13.6,29.5,1.7,1.9,0
32,2013,247,24200,12.5,30,1.6,1.9,0
32,2013,248,24200,15.4,28.9,1.6,1.9,0
32,2013,249,24500,11.9,32.7,1.4,2,0
32,2013,250,24200,11.4,35.4,1.4,0.9,0
32,2013,251,23700,12.6,36.2,1.5,1.3,0
32,2013,252,23600,13.4,38.5,1.7,1.4,0
32,2013,253,23300,14.5,33.8,1.7,2.6,0
32,2013,254,22400,13.5,28.2,1.8,2,0
32,2013,255,22200,14.1,30.6,1.8,1.4,0
32,2013,256,22200,16,32.9,1.8,1.6,0
32,2013,257,22500,15.2,31.7,1.7,2.4,0
32,2013,258,22600,13.9,30.2,1.5,2.8,0
32,2013,259,22200,12.3,30.1,1.6,1.8,0
32,2013,260,21500,14.4,27.5,1.5,2.2,0
32,2013,261,22500,11.3,29.3,1,3.1,0
32,2013,262,22300,7.9,31.9,1.2,1,0
32,2013,263,18900,8.1,29.8,1.4,2.7,0
32,2013,264,10900,11.7,19,1.7,3.2,13.1
32,2013,265,18500,8.5,23.2,1.4,1.1,0.1
32,2013,266,20400,9.8,28,1.5,1.4,0.1
32,2013,267,19900,14.8,26.2,1.5,2.2,0
32,2013,268,18600,7.9,22.6,1,1.9,0
32,2013,269,20100,10.3,23.4,0.8,4.2,0
32,2013,270,20100,8.7,25.7,0.8,2.2,0
32,2013,271,17200,8.7,27.7,1,2.1,0
32,2013,272,8300,14.8,25.1,1.6,3.6,0
32,2013,273,14900,13.1,26.2,1.7,3.6,0
32,2013,274,19400,8.2,25.3,1.3,1.1,0
32,2013,275,19500,9.3,26,0.9,1.9,0
32,2013,276,19300,12.8,22.8,0.7,6.2,0
32,2013,277,19400,9.8,26.3,0.6,6.5,0
32,2013,278,19400,8.2,28.8,0.7,1.5,0
32,2013,279,17800,4.5,27.6,0.9,0.9,0
32,2013,280,14600,4.7,27.7,1,0.9,0
32,2013,281,17600,9.1,24.8,0.8,2.4,0
32,2013,282,17600,14.7,23.1,0.8,5.9,0
32,2013,283,17600,8.3,23.6,1,1.5,0
32,2013,284,17400,5.1,24.2,1,0.9,0
32,2013,285,17200,5.4,24.6,1.1,1.7,0
32,2013,286,17300,10.4,23.7,0.8,3.7,0
32,2013,287,17200,8.4,25.1,0.8,2.4,0
32,2013,288,17500,10.7,26.8,0.7,4.5,0
32,2013,289,16600,4,26.8,0.8,0.9,0
32,2013,290,16800,4.4,27.2,0.9,1.2,0
32,2013,291,16600,5.3,27.2,1,0.9,0
32,2013,292,16500,5.6,30.1,1,1,0
32,2013,293,16200,5.8,30.4,1,1,0
32,2013,294,15600,8.5,27.5,1,0.8,0
32,2013,295,15600,6.2,29.9,1.1,1,0
32,2013,296,15700,6.3,30,1,1,0
32,2013,297,15700,5.5,24.8,1.1,1.2,0
32,2013,298,14800,6,24.8,1.1,0.9,0
32,2013,299,14800,5.6,25.8,1.1,0.9,0
32,2013,300,14800,4.6,21.5,1.1,1.8,0.1
32,2013,301,10000,4.6,17,1,2.1,0
32,2013,302,9300,7.2,17.8,1.1,1,0
32,2013,303,13800,4,20,1,0.9,0.1
32,2013,304,13900,3.7,22.2,1,0.8,0
32,2013,305,13900,4.3,24.6,1,0.7,0
32,2013,306,12800,4,22.9,1,1.7,0
32,2013,307,10200,11,18.1,0.5,6.5,0
32,2013,308,13500,9.9,20.1,0.6,5.4,0
32,2013,309,12700,8.1,23,0.7,2.5,0
32,2013,310,11300,5.4,21.9,0.9,0.9,0
32,2013,311,11700,7.4,23.2,1,1.2,0
32,2013,312,12400,4.4,24.3,1,0.9,0
32,2013,313,12100,4.7,24.5,1,0.9,0
32,2013,314,12300,3.9,23.2,1,0.8,0
32,2013,315,10600,2.9,20.5,0.9,0.9,0
32,2013,316,9400,7.1,21.4,1,1,0
32,2013,317,11700,4.4,26.2,1.1,1.1,0
32,2013,318,11300,6.3,21.6,1,0.9,0
32,2013,319,11700,5,20,0.7,3.6,0
32,2013,320,10400,2.9,17.4,0.8,1.3,0
32,2013,321,10900,1.2,18,0.9,0.8,0
32,2013,322,6600,1.6,15.5,1,1.2,0.2
32,2013,323,3400,9.6,13.8,1.3,2.9,9.6
32,2013,324,3500,11.4,14.4,1.5,2.7,9.5
32,2013,325,11100,8.8,14.5,0.6,7.4,0.1
32,2013,326,11300,8.9,20.3,0.4,6.9,0
32,2013,327,11100,4,22.1,0.5,3.5,0
32,2013,328,11000,-0.4,17.6,0.8,0.8,0
32,2013,329,10700,-1.1,17.6,0.7,0.8,0.1
32,2013,330,8600,0.9,16.9,0.7,0.7,0
32,2013,331,8900,1.8,17.4,0.9,0.8,0
32,2013,332,9800,2.2,21.3,0.8,1.1,0
32,2013,333,10000,1.5,20.7,0.8,0.9,0
32,2013,334,9900,3.8,20.4,0.9,0.7,0
32,2013,335,8700,1.4,20.1,0.9,0.6,0
32,2013,336,7300,1,12.9,0.9,1.3,0.1
32,2013,337,9400,4.3,12.7,0.6,4.5,0
32,2013,338,10200,-3.2,9.4,0.3,3.2,0
32,2013,339,10000,-4.5,9.9,0.3,1.4,0
32,2013,340,4600,-6.8,5.8,0.5,2.7,4.2
32,2013,341,8700,-3.7,6.9,0.6,1.3,0
32,2013,342,9800,-3.5,6.1,0.4,3.1,0
32,2013,343,9900,-4.6,10.1,0.3,2.9,0
32,2013,344,8900,-6,11.8,0.5,1.1,0
32,2013,345,9500,-4.9,13.5,0.5,0.7,0
32,2013,346,9300,-5.1,16,0.5,0.9,0
32,2013,347,9300,-3,17.4,0.6,1.5,0
32,2013,348,8600,-2.5,15.7,0.7,0.9,0
32,2013,349,9000,-2.5,17.2,0.7,0.8,0.1
32,2013,350,9100,-2.5,18.1,0.7,0.7,0
32,2013,351,7600,-0.7,16.5,0.7,0.8,0
32,2013,352,7800,0.9,13.9,0.7,1,0
32,2013,353,9500,-0.7,14.7,0.5,6.3,0
32,2013,354,8900,4.8,17,0.3,3.8,0
32,2013,355,9100,-1.1,15.6,0.6,1.3,0
32,2013,356,8800,-1.2,20.8,0.7,1.1,0
32,2013,357,8900,-1.2,16.6,0.7,0.9,0
32,2013,358,9000,0.6,21.7,0.7,1.8,0
32,2013,359,9500,-2,18.7,0.7,0.8,0
32,2013,360,9500,-2.8,18.7,0.6,1,0
32,2013,361,4600,-2.7,13.5,0.6,0.9,0
32,2013,362,9500,-4.6,20.4,0.5,3.1,0.1
32,2013,363,9300,0.4,17.8,0.5,2.2,0
32,2013,364,7900,-2.1,16.7,0.6,0.9,0
32,2013,365,8900,0.8,18.1,0.6,1,0
